1.000000000000000000e+00 0.000000000000000000e+00 0.000000000000000000e+00 -4.096739311332171507e-01
0.000000000000000000e+00 -1.000000000000000000e+00 0.000000000000000000e+00 -1.964994255000929863e-02
0.000000000000000000e+00 0.000000000000000000e+00 -1.000000000000000000e+00 -2.664639050480994698e+00
0.000000000000000000e+00 0.000000000000000000e+00 0.000000000000000000e+00 1.000000000000000000e+00
9.964389204978942871e-01 -8.159676194190979004e-02 -2.125516720116138458e-02 -4.539414379876283157e-01
-8.129158616065979004e-02 -9.965797066688537598e-01 1.484718732535839081e-02 5.624634635473330785e-02
-2.239396050572395325e-02 -1.306644175201654434e-02 -9.996635913848876953e-01 -2.716935982740467104e+00
0.000000000000000000e+00 0.000000000000000000e+00 0.000000000000000000e+00 1.000000000000000000e+00
9.853419661521911621e-01 -1.669287979602813721e-01 -3.515695407986640930e-02 -4.757087280930443196e-01
-1.650710403919219971e-01 -9.849925637245178223e-01 5.040799826383590698e-02 2.035917212761650386e-01
-4.304393753409385681e-02 -4.386567696928977966e-02 -9.981096386909484863e-01 -2.711630240916290902e+00
0.000000000000000000e+00 0.000000000000000000e+00 0.000000000000000000e+00 1.000000000000000000e+00
9.660897850990295410e-01 -2.553883194923400879e-01 -3.804710134863853455e-02 -4.627023068678523532e-01
-2.519394755363464355e-01 -9.646185636520385742e-01 7.770010828971862793e-02 3.273021607564840507e-01
-5.654465034604072571e-02 -6.547973304986953735e-02 -9.962506294250488281e-01 -2.705379686318764687e+00
0.000000000000000000e+00 0.000000000000000000e+00 0.000000000000000000e+00 1.000000000000000000e+00
9.360002279281616211e-01 -3.485256731510162354e-01 -4.933443665504455566e-02 -4.669646914497286860e-01
-3.407962322235107422e-01 -9.323428869247436523e-01 1.208092197775840759e-01 4.920118765017403861e-01
-8.810175210237503052e-02 -9.626439213752746582e-02 -9.914490580558776855e-01 -2.682533098006175010e+00
0.000000000000000000e+00 0.000000000000000000e+00 0.000000000000000000e+00 1.000000000000000000e+00
8.920291662216186523e-01 -4.506133198738098145e-01 -3.509017452597618103e-02 -3.992558112555792960e-01
-4.422709643840789795e-01 -8.862411379814147949e-01 1.377434283494949341e-01 5.786536774658325166e-01
-9.316743165254592896e-02 -1.073518395423889160e-01 -9.898462295532226562e-01 -2.686503022471767643e+00
0.000000000000000000e+00 0.000000000000000000e+00 0.000000000000000000e+00 1.000000000000000000e+00
8.446661233901977539e-01 -5.348892211914062500e-01 -2.080376446247100830e-02 -3.324135153239025642e-01
-5.249413847923278809e-01 -8.353112339973449707e-01 1.633747369050979614e-01 6.886566227060381129e-01
-1.047650575637817383e-01 -1.270762979984283447e-01 -9.863447546958923340e-01 -2.675047443533205893e+00
0.000000000000000000e+00 0.000000000000000000e+00 0.000000000000000000e+00 1.000000000000000000e+00
7.920694351196289062e-01 -6.104310750961303711e-01 -3.088357334490865469e-04 -2.450809372930797536e-01
-6.015404462814331055e-01 -7.806190252304077148e-01 1.696554720401763916e-01 7.373000627568798704e-01
-1.038040518760681152e-01 -1.341930925846099854e-01 -9.855033755302429199e-01 -2.682200592342656620e+00
0.000000000000000000e+00 0.000000000000000000e+00 0.000000000000000000e+00 1.000000000000000000e+00
7.213005423545837402e-01 -6.919413208961486816e-01 3.070148825645446777e-02 -1.083144163148456046e-01
-6.865727901458740234e-01 -7.084523439407348633e-01 1.634410321712493896e-01 7.478349045396366357e-01
-9.134104102849960327e-02 -1.389688849449157715e-01 -9.860750436782836914e-01 -2.694396513766878165e+00
0.000000000000000000e+00 0.000000000000000000e+00 0.000000000000000000e+00 1.000000000000000000e+00
6.440903544425964355e-01 -7.643707990646362305e-01 2.974127978086471558e-02 -6.253993274201789798e-02
-7.599411010742187500e-01 -6.349480748176574707e-01 1.390316635370254517e-01 7.022264409756190373e-01
-8.738764375448226929e-02 -1.121505722403526306e-01 -9.898409843444824219e-01 -2.719136314824198042e+00
0.000000000000000000e+00 0.000000000000000000e+00 0.000000000000000000e+00 1.000000000000000000e+00
5.485621094703674316e-01 -8.353365659713745117e-01 3.594807162880897522e-02 9.487037484540328247e-03
-8.336658477783203125e-01 -5.431682467460632324e-01 9.984636306762695312e-02 6.043113873112802015e-01
-6.387948244810104370e-02 -8.474058657884597778e-02 -9.943531751632690430e-01 -2.762336388818764199e+00
0.000000000000000000e+00 0.000000000000000000e+00 0.000000000000000000e+00 1.000000000000000000e+00
4.570204913616180420e-01 -8.859417438507080078e-01 7.898596674203872681e-02 1.939755624847575022e-01
-8.893611431121826172e-01 -4.538689851760864258e-01 5.513429269194602966e-02 4.804642721368023173e-01
-1.299650035798549652e-02 -9.544456750154495239e-02 -9.953497052192687988e-01 -2.803059364604695958e+00
0.000000000000000000e+00 0.000000000000000000e+00 0.000000000000000000e+00 1.000000000000000000e+00
3.473386764526367188e-01 -9.326151013374328613e-01 9.790193289518356323e-02 2.905174953802336368e-01
-9.375627040863037109e-01 -3.474039733409881592e-01 1.693093404173851013e-02 3.487091789059405533e-01
1.822146773338317871e-02 -9.766997396945953369e-02 -9.950520396232604980e-01 -2.817341103714009254e+00
0.000000000000000000e+00 0.000000000000000000e+00 0.000000000000000000e+00 1.000000000000000000e+00
2.722554802894592285e-01 -9.546874165534973145e-01 1.202017813920974731e-01 3.770073578123964708e-01
-9.591052532196044922e-01 -2.792980372905731201e-01 -4.592820256948471069e-02 1.293210280708389504e-01
7.741919159889221191e-02 -1.027819886803627014e-01 -9.916865229606628418e-01 -2.814152360603952019e+00
0.000000000000000000e+00 0.000000000000000000e+00 0.000000000000000000e+00 1.000000000000000000e+00
1.916144788265228271e-01 -9.700745344161987305e-01 1.491280496120452881e-01 4.770868370878809106e-01
-9.721828699111938477e-01 -2.084508091211318970e-01 -1.068112254142761230e-01 -7.795051635801429624e-02
1.347007155418395996e-01 -1.245131567120552063e-01 -9.830321669578552246e-01 -2.797793633835465865e+00
0.000000000000000000e+00 0.000000000000000000e+00 0.000000000000000000e+00 1.000000000000000000e+00
1.119528710842132568e-01 -9.814123511314392090e-01 1.558731496334075928e-01 5.124667159009238526e-01
-9.710417389869689941e-01 -1.413598954677581787e-01 -1.926017850637435913e-01 -3.478831152459445630e-01
2.110559791326522827e-01 -1.297969967126846313e-01 -9.688178896903991699e-01 -2.769650685601239282e+00
0.000000000000000000e+00 0.000000000000000000e+00 0.000000000000000000e+00 1.000000000000000000e+00
1.866798102855682373e-01 -9.724491238594055176e-01 1.396179497241973877e-01 4.583577312521425196e-01
-9.549211859703063965e-01 -2.130022495985031128e-01 -2.067736387252807617e-01 -3.862469219584665492e-01
2.308157831430435181e-01 -9.472370892763137817e-02 -9.683756828308105469e-01 -2.750085279732548127e+00
0.000000000000000000e+00 0.000000000000000000e+00 0.000000000000000000e+00 1.000000000000000000e+00
2.691539227962493896e-01 -9.522119760513305664e-01 1.443894654512405396e-01 4.495138049406163794e-01
-9.390411376953125000e-01 -2.927637994289398193e-01 -1.802525073289871216e-01 -2.897985321500715639e-01
2.139106094837188721e-01 -8.707199990749359131e-02 -9.729648828506469727e-01 -2.738201444536906948e+00
0.000000000000000000e+00 0.000000000000000000e+00 0.000000000000000000e+00 1.000000000000000000e+00
3.230955898761749268e-01 -9.354702234268188477e-01 1.431939601898193359e-01 4.299689909683067635e-01
-9.346109628677368164e-01 -3.391832709312438965e-01 -1.070379465818405151e-01 -5.095849172431201474e-02
1.486998051404953003e-01 -9.924717247486114502e-02 -9.838894009590148926e-01 -2.737533397888460396e+00
0.000000000000000000e+00 0.000000000000000000e+00 0.000000000000000000e+00 1.000000000000000000e+00
3.620156645774841309e-01 -9.143860340118408203e-01 1.812248975038528442e-01 5.246664314769075022e-01
-9.288300275802612305e-01 -3.702825307846069336e-01 -1.285787206143140793e-02 2.533267560351186720e-01
7.886144518852233887e-02 -1.636724174022674561e-01 -9.833576083183288574e-01 -2.698758546570943828e+00
0.000000000000000000e+00 0.000000000000000000e+00 0.000000000000000000e+00 1.000000000000000000e+00
3.993033766746520996e-01 -8.959069252014160156e-01 1.946981251239776611e-01 5.438086514549653749e-01
-9.167014360427856445e-01 -3.935430645942687988e-01 6.915288418531417847e-02 5.111534411263121136e-01
1.466751098632812500e-02 -2.060930430889129639e-01 -9.784224629402160645e-01 -2.650742797190714928e+00
0.000000000000000000e+00 0.000000000000000000e+00 0.000000000000000000e+00 1.000000000000000000e+00
4.555975198745727539e-01 -8.613162636756896973e-01 2.248666882514953613e-01 5.968897314068055682e-01
-8.892281651496887207e-01 -4.286339581012725830e-01 1.598312407732009888e-01 7.656080910850482368e-01
-4.127979651093482971e-02 -2.727765142917633057e-01 -9.611914157867431641e-01 -2.555434532740698206e+00
0.000000000000000000e+00 0.000000000000000000e+00 0.000000000000000000e+00 1.000000000000000000e+00
5.312773585319519043e-01 -8.222302198410034180e-01 2.041626721620559692e-01 4.871047084469017907e-01
-8.423037528991699219e-01 -4.867747128009796143e-01 2.314626276493072510e-01 9.484670972922105703e-01
-9.093429148197174072e-02 -2.949376702308654785e-01 -9.511796236038208008e-01 -2.490077164331856885e+00
0.000000000000000000e+00 0.000000000000000000e+00 0.000000000000000000e+00 1.000000000000000000e+00
5.946465134620666504e-01 -7.781450748443603516e-01 2.022039145231246948e-01 4.407940853608672271e-01
-7.944586873054504395e-01 -5.301047563552856445e-01 2.963516712188720703e-01 1.093917629708268890e+00
-1.234153956174850464e-01 -3.368668556213378906e-01 -9.334288239479064941e-01 -2.408436952189771940e+00
0.000000000000000000e+00 0.000000000000000000e+00 0.000000000000000000e+00 1.000000000000000000e+00
6.741524934768676758e-01 -7.179272770881652832e-01 1.734912544488906860e-01 3.065494077128444461e-01
-7.203022837638854980e-01 -5.871124267578125000e-01 3.694098591804504395e-01 1.232607397591659382e+00
-1.633506715297698975e-01 -3.740044534206390381e-01 -9.129274487495422363e-01 -2.314144692597079001e+00
0.000000000000000000e+00 0.000000000000000000e+00 0.000000000000000000e+00 1.000000000000000000e+00
7.358064651489257812e-01 -6.591656804084777832e-01 1.552058756351470947e-01 2.246423632250150182e-01
-6.476601362228393555e-01 -6.180432438850402832e-01 4.455992877483367920e-01 1.375010743250677070e+00
-1.977999359369277954e-01 -4.283956885337829590e-01 -8.816757798194885254e-01 -2.180113453231820930e+00
0.000000000000000000e+00 0.000000000000000000e+00 0.000000000000000000e+00 1.000000000000000000e+00
7.619955539703369141e-01 -6.324957609176635742e-01 1.389647722244262695e-01 1.605033141931408724e-01
-5.969243049621582031e-01 -6.028227210044860840e-01 5.294201970100402832e-01 1.550635267831524056e+00
-2.510852515697479248e-01 -4.863674342632293701e-01 -8.369008898735046387e-01 -1.991253409643926497e+00
0.000000000000000000e+00 0.000000000000000000e+00 0.000000000000000000e+00 1.000000000000000000e+00
7.927497625350952148e-01 -5.921022295951843262e-01 1.447841227054595947e-01 1.475407240438737777e-01
-5.325587391853332520e-01 -5.572500824928283691e-01 6.370655298233032227e-01 1.807120616797934787e+00
-2.965273559093475342e-01 -5.821400880813598633e-01 -7.570893764495849609e-01 -1.723183894486506107e+00
0.000000000000000000e+00 0.000000000000000000e+00 0.000000000000000000e+00 1.000000000000000000e+00
8.148998618125915527e-01 -5.626736879348754883e-01 1.390554904937744141e-01 1.145799274097935860e-01
-4.792633056640625000e-01 -5.192254781723022461e-01 7.076097130775451660e-01 1.978561916599579140e+00
-3.259524405002593994e-01 -6.432749032974243164e-01 -6.927856206893920898e-01 -1.508230848369179977e+00
0.000000000000000000e+00 0.000000000000000000e+00 0.000000000000000000e+00 1.000000000000000000e+00
8.409011363983154297e-01 -5.243119001388549805e-01 1.340972781181335449e-01 7.419171222075719718e-02
-4.165680706501007080e-01 -4.689029455184936523e-01 7.788462638854980469e-01 2.149564060580900104e+00
-3.454797863960266113e-01 -7.107931971549987793e-01 -6.127126216888427734e-01 -1.297382384612713935e+00
0.000000000000000000e+00 0.000000000000000000e+00 0.000000000000000000e+00 1.000000000000000000e+00
8.752794265747070312e-01 -4.739378988742828369e-01 9.627355635166168213e-02 -4.636907253572698090e-02
-3.252187073230743408e-01 -4.294832646846771240e-01 8.424822092056274414e-01 2.290342819439947331e+00
-3.579366803169250488e-01 -7.687171697616577148e-01 -5.300515890121459961e-01 -1.093599666206014343e+00
0.000000000000000000e+00 0.000000000000000000e+00 0.000000000000000000e+00 1.000000000000000000e+00
8.932045698165893555e-01 -4.439413547515869141e-01 7.142441719770431519e-02 -1.092412241134700646e-01
-2.372051030397415161e-01 -3.302682936191558838e-01 9.135954976081848145e-01 2.422115503738070164e+00
-3.819935023784637451e-01 -8.329698443412780762e-01 -4.003024101257324219e-01 -7.690361281098430091e-01
0.000000000000000000e+00 0.000000000000000000e+00 0.000000000000000000e+00 1.000000000000000000e+00
8.847336769104003906e-01 -4.655831158161163330e-01 2.187324129045009613e-02 -2.708917756544185207e-01
-7.648681849241256714e-02 -9.873312711715698242e-02 9.921699166297912598e-01 2.583167174292581247e+00
-4.597780406475067139e-01 -8.794790506362915039e-01 -1.229635700583457947e-01 -6.698051842417850066e-02
0.000000000000000000e+00 0.000000000000000000e+00 0.000000000000000000e+00 1.000000000000000000e+00
8.899591565132141113e-01 -4.547073841094970703e-01 3.485295549035072327e-02 -2.267205195317551214e-01
-8.167871087789535522e-02 -8.373941481113433838e-02 9.931346774101257324e-01 2.588562044190878986e+00
-4.486669898033142090e-01 -8.866957426071166992e-01 -1.116645112633705139e-01 -9.426387139593975228e-02
0.000000000000000000e+00 0.000000000000000000e+00 0.000000000000000000e+00 1.000000000000000000e+00
8.482314348220825195e-01 -5.288283228874206543e-01 2.905739843845367432e-02 -2.049323788377916955e-01
-9.638766944408416748e-02 -1.001909524202346802e-01 9.902884364128112793e-01 2.585294106785859469e+00
-5.207810997962951660e-01 -8.427942991256713867e-01 -1.359575539827346802e-01 -1.341404236621711599e-01
0.000000000000000000e+00 0.000000000000000000e+00 0.000000000000000000e+00 1.000000000000000000e+00
8.325001597404479980e-01 -5.497751235961914062e-01 6.848991662263870239e-02 -1.046275873091414566e-01
-2.264554649591445923e-01 -2.248471677303314209e-01 9.477139711380004883e-01 2.523023936189004779e+00
-5.056300163269042969e-01 -8.044818043708801270e-01 -3.116849064826965332e-01 -5.081311442171595472e-01
0.000000000000000000e+00 0.000000000000000000e+00 0.000000000000000000e+00 1.000000000000000000e+00
8.328540325164794922e-01 -5.435876250267028809e-01 1.042415201663970947e-01 -1.500403145976127346e-02
-3.120472729206085205e-01 -3.055926561355590820e-01 8.995773792266845703e-01 2.430736920294890968e+00
-4.571440219879150391e-01 -7.817449569702148438e-01 -4.241391718387603760e-01 -7.945740117441845163e-01
0.000000000000000000e+00 0.000000000000000000e+00 0.000000000000000000e+00 1.000000000000000000e+00
8.169324994087219238e-01 -5.656300783157348633e-01 1.126228198409080505e-01 6.096419766256351395e-03
-3.717626035213470459e-01 -3.671640753746032715e-01 8.526329994201660156e-01 2.336194108716742157e+00
-4.409236907958984375e-01 -7.384127378463745117e-01 -5.102286338806152344e-01 -1.021410479149686745e+00
0.000000000000000000e+00 0.000000000000000000e+00 0.000000000000000000e+00 1.000000000000000000e+00
8.334591388702392578e-01 -5.471467971801757812e-01 7.730773836374282837e-02 -1.244196592533319823e-01
-4.491874575614929199e-01 -5.893650054931640625e-01 6.714754700660705566e-01 1.981575162944492874e+00
-3.218332827091217041e-01 -5.943728685379028320e-01 -7.369830012321472168e-01 -1.660642062623481907e+00
0.000000000000000000e+00 0.000000000000000000e+00 0.000000000000000000e+00 1.000000000000000000e+00
8.405438661575317383e-01 -5.381935238838195801e-01 6.191631779074668884e-02 -1.808499318194068395e-01
-4.610377848148345947e-01 -6.506205797195434570e-01 6.034371256828308105e-01 1.795402068649967875e+00
-2.844822108745574951e-01 -5.357610583305358887e-01 -7.950029373168945312e-01 -1.834004720877473904e+00
0.000000000000000000e+00 0.000000000000000000e+00 0.000000000000000000e+00 1.000000000000000000e+00
8.564558625221252441e-01 -5.132464170455932617e-01 5.532565340399742126e-02 -1.986139261698675329e-01
-4.596639871597290039e-01 -7.094573378562927246e-01 5.342091321945190430e-01 1.604019948908912863e+00
-2.349298745393753052e-01 -4.829578101634979248e-01 -8.435395956039428711e-01 -1.979389166068293404e+00
0.000000000000000000e+00 0.000000000000000000e+00 0.000000000000000000e+00 1.000000000000000000e+00
8.720797896385192871e-01 -4.890307784080505371e-01 1.804346963763237000e-02 -2.851784988994557901e-01
-4.565826654434204102e-01 -7.998412847518920898e-01 3.895969092845916748e-01 1.217058687732101241e+00
-1.760931462049484253e-01 -3.479978740215301514e-01 -9.208087921142578125e-01 -2.196337384135885085e+00
0.000000000000000000e+00 0.000000000000000000e+00 0.000000000000000000e+00 1.000000000000000000e+00
8.768321275711059570e-01 -4.803705513477325439e-01 2.023453265428543091e-02 -2.625336042453125240e-01
-4.692429006099700928e-01 -8.458331227302551270e-01 2.537267506122589111e-01 8.735819929474391010e-01
-1.047678589820861816e-01 -2.319706976413726807e-01 -9.670642018318176270e-01 -2.343154363062933232e+00
0.000000000000000000e+00 0.000000000000000000e+00 0.000000000000000000e+00 1.000000000000000000e+00
8.802837133407592773e-01 -4.741985201835632324e-01 1.536241453140974045e-02 -2.379474318420705115e-01
-4.743605852127075195e-01 -8.790420889854431152e-01 4.760777205228805542e-02 3.323065434538799434e-01
-9.071345441043376923e-03 -4.919569194316864014e-02 -9.987478852272033691e-01 -2.463292660397631284e+00
0.000000000000000000e+00 0.000000000000000000e+00 0.000000000000000000e+00 1.000000000000000000e+00
8.882126808166503906e-01 -4.592603147029876709e-01 1.256634108722209930e-02 -2.321281688230333040e-01
-4.582297503948211670e-01 -8.875343203544616699e-01 -4.804291203618049622e-02 6.981206004195340820e-02
3.321726992726325989e-02 3.691406175494194031e-02 -9.987662434577941895e-01 -2.489296258914631021e+00
0.000000000000000000e+00 0.000000000000000000e+00 0.000000000000000000e+00 1.000000000000000000e+00
8.947070837020874023e-01 -4.465802609920501709e-01 8.066027425229549408e-03 -2.379551926070385126e-01
-4.404395520687103271e-01 -8.851183652877807617e-01 -1.502607911825180054e-01 -2.239129660775070751e-01
7.424296438694000244e-02 1.308867484331130981e-01 -9.886134862899780273e-01 -2.479299565820900497e+00
0.000000000000000000e+00 0.000000000000000000e+00 0.000000000000000000e+00 1.000000000000000000e+00
8.964013457298278809e-01 -4.430444538593292236e-01 1.328157540410757065e-02 -2.224157094347202768e-01
-4.251571893692016602e-01 -8.679103255271911621e-01 -2.568517923355102539e-01 -5.309037178258851908e-01
1.253239810466766357e-01 2.245955169200897217e-01 -9.663594961166381836e-01 -2.437777196750975151e+00
0.000000000000000000e+00 0.000000000000000000e+00 0.000000000000000000e+00 1.000000000000000000e+00
9.003049731254577637e-01 -4.351325631141662598e-01 1.051046885550022125e-02 -2.248553835100647880e-01
-4.007749855518341064e-01 -8.381543755531311035e-01 -3.699680864810943604e-01 -8.787787313023747160e-01
1.697947084903717041e-01 3.288717269897460938e-01 -9.289849996566772461e-01 -2.347565512886174321e+00
0.000000000000000000e+00 0.000000000000000000e+00 0.000000000000000000e+00 1.000000000000000000e+00
9.053547382354736328e-01 -4.246265888214111328e-01 4.963938146829605103e-03 -2.533276123788120171e-01
-3.753791153430938721e-01 -8.057094812393188477e-01 -4.581732153892517090e-01 -1.147414678825593670e+00
1.985521912574768066e-01 4.129459559917449951e-01 -8.888490200042724609e-01 -2.255451510312414420e+00
0.000000000000000000e+00 0.000000000000000000e+00 0.000000000000000000e+00 1.000000000000000000e+00
9.160016179084777832e-01 -4.011091887950897217e-01 7.235265802592039108e-03 -2.731122684809219603e-01
-3.315689563751220703e-01 -7.671011090278625488e-01 -5.491972565650939941e-01 -1.429983993341784387e+00
2.258383631706237793e-01 5.006666779518127441e-01 -8.356614112854003906e-01 -2.136339979429129343e+00
0.000000000000000000e+00 0.000000000000000000e+00 0.000000000000000000e+00 1.000000000000000000e+00
9.102315306663513184e-01 -4.134309887886047363e-01 -2.351896092295646667e-02 -3.662477601859160381e-01
-3.345616459846496582e-01 -7.007440328598022461e-01 -6.300999522209167480e-01 -1.656889997201399956e+00
2.440222948789596558e-01 5.814054608345031738e-01 -7.761576175689697266e-01 -1.999738926583085386e+00
0.000000000000000000e+00 0.000000000000000000e+00 0.000000000000000000e+00 1.000000000000000000e+00
9.150487184524536133e-01 -4.017940759658813477e-01 -3.531905636191368103e-02 -4.164134484160169625e-01
-3.006734848022460938e-01 -6.211377978324890137e-01 -7.237286567687988281e-01 -1.931711308896413959e+00
2.688519656658172607e-01 6.728664636611938477e-01 -6.891801953315734863e-01 -1.781072026751822079e+00
0.000000000000000000e+00 0.000000000000000000e+00 0.000000000000000000e+00 1.000000000000000000e+00
9.246082901954650879e-01 -3.769606351852416992e-01 -5.477490648627281189e-02 -4.871771381630198849e-01
-2.695944905281066895e-01 -5.460001826286315918e-01 -7.932229042053222656e-01 -2.142064877293941905e+00
2.691066265106201172e-01 7.481873631477355957e-01 -6.064628362655639648e-01 -1.549848554125201616e+00
0.000000000000000000e+00 0.000000000000000000e+00 0.000000000000000000e+00 1.000000000000000000e+00
9.326401352882385254e-01 -3.568810522556304932e-01 -5.308700352907180786e-02 -5.001603115855965953e-01
-2.289366424083709717e-01 -4.716085195541381836e-01 -8.515711426734924316e-01 -2.328740317281773997e+00
2.788732647895812988e-01 8.063631057739257812e-01 -5.215442180633544922e-01 -1.327095421830691402e+00
0.000000000000000000e+00 0.000000000000000000e+00 0.000000000000000000e+00 1.000000000000000000e+00
9.430075883865356445e-01 -3.282487690448760986e-01 -5.467373505234718323e-02 -5.356000690119038232e-01
-1.930678188800811768e-01 -4.058627784252166748e-01 -8.933084607124328613e-01 -2.458993409306870603e+00
2.710373401641845703e-01 8.529524207115173340e-01 -4.461059868335723877e-01 -1.133210541618174139e+00
0.000000000000000000e+00 0.000000000000000000e+00 0.000000000000000000e+00 1.000000000000000000e+00
9.550516605377197266e-01 -2.925161421298980713e-01 -4.807120561599731445e-02 -5.406809211134512294e-01
-1.545561403036117554e-01 -3.529717624187469482e-01 -9.227803349494934082e-01 -2.562653498584863687e+00
2.529603540897369385e-01 8.887323737144470215e-01 -3.823164701461791992e-01 -9.520123391141666058e-01
0.000000000000000000e+00 0.000000000000000000e+00 0.000000000000000000e+00 1.000000000000000000e+00
9.607900977134704590e-01 -2.696801722049713135e-01 -6.445981562137603760e-02 -6.115698868531822541e-01
-1.405479609966278076e-01 -2.732727527618408203e-01 -9.516134858131408691e-01 -2.687542625802380236e+00
2.390161603689193726e-01 9.233605265617370605e-01 -3.004606962203979492e-01 -6.888018906416520926e-01
0.000000000000000000e+00 0.000000000000000000e+00 0.000000000000000000e+00 1.000000000000000000e+00
9.714756608009338379e-01 -2.283664196729660034e-01 -6.390343606472015381e-02 -6.388652905683244176e-01
-1.065967455506324768e-01 -1.798187196254730225e-01 -9.779069423675537109e-01 -2.794343996801115004e+00
2.118301391601562500e-01 9.568250179290771484e-01 -1.990327090024948120e-01 -3.520879609424049650e-01
0.000000000000000000e+00 0.000000000000000000e+00 0.000000000000000000e+00 1.000000000000000000e+00
9.920684695243835449e-01 -1.230128630995750427e-01 -2.584838867187500000e-02 -5.480791376344471555e-01
-4.271881282329559326e-02 -1.365510523319244385e-01 -9.897115230560302734e-01 -2.850667696818034447e+00
1.182176992297172546e-01 9.829657077789306641e-01 -1.407229602336883545e-01 -1.787554317026333606e-01
0.000000000000000000e+00 0.000000000000000000e+00 0.000000000000000000e+00 1.000000000000000000e+00
9.945294857025146484e-01 -1.044541746377944946e-01 3.892352688126266003e-04 -4.928148337740943519e-01
-2.540445327758789062e-02 -2.454922199249267578e-01 -9.690652489662170410e-01 -2.810601454209840533e+00
1.013185083866119385e-01 9.637543559074401855e-01 -2.468029111623764038e-01 -4.961711500479655812e-01
0.000000000000000000e+00 0.000000000000000000e+00 0.000000000000000000e+00 1.000000000000000000e+00
9.977895021438598633e-01 -4.194691032171249390e-02 5.154411494731903076e-02 -3.337598528305534273e-01
3.735807910561561584e-02 -2.874156534671783447e-01 -9.570770263671875000e-01 -2.881770359365039891e+00
5.496101453900337219e-02 9.568869471549987793e-01 -2.852132618427276611e-01 -5.905732330880281156e-01
0.000000000000000000e+00 0.000000000000000000e+00 0.000000000000000000e+00 1.000000000000000000e+00
9.892654418945312500e-01 4.242305085062980652e-02 1.398366689682006836e-01 -2.821974326999619059e-02
1.461163759231567383e-01 -2.740632891654968262e-01 -9.505467414855957031e-01 -2.976986736357835284e+00
-2.001023152843117714e-03 9.607752561569213867e-01 -2.773200869560241699e-01 -5.399580758432687144e-01
0.000000000000000000e+00 0.000000000000000000e+00 0.000000000000000000e+00 1.000000000000000000e+00
9.689923524856567383e-01 5.128804966807365417e-02 2.417095452547073364e-01 2.864620817769819583e-01
2.467110604047775269e-01 -2.550475001335144043e-01 -9.349246621131896973e-01 -3.020252483670175181e+00
1.369689498096704483e-02 9.655671119689941406e-01 -2.597923874855041504e-01 -4.791040551454880947e-01
0.000000000000000000e+00 0.000000000000000000e+00 0.000000000000000000e+00 1.000000000000000000e+00
9.767414927482604980e-01 -1.735328324139118195e-02 2.137168794870376587e-01 1.757525964940885588e-01
1.974979788064956665e-01 -3.152885735034942627e-01 -9.282177686691284180e-01 -2.985454455276000729e+00
8.349006623029708862e-02 9.488371610641479492e-01 -3.045281469821929932e-01 -6.647837372494911357e-01
0.000000000000000000e+00 0.000000000000000000e+00 0.000000000000000000e+00 1.000000000000000000e+00
9.845576286315917969e-01 -1.325438320636749268e-01 1.143603175878524780e-01 -1.725171467348184107e-01
5.780394375324249268e-02 -3.704825639724731445e-01 -9.270390272140502930e-01 -2.916671588687144823e+00
1.652418076992034912e-01 9.193339943885803223e-01 -3.570998907089233398e-01 -9.257841957974255465e-01
0.000000000000000000e+00 0.000000000000000000e+00 0.000000000000000000e+00 1.000000000000000000e+00
9.769124388694763184e-01 -2.133605629205703735e-01 1.093542110174894333e-02 -5.001969768885343726e-01
-5.609947070479393005e-02 -3.055791854858398438e-01 -9.505125284194946289e-01 -2.926531416379128281e+00
2.061434686183929443e-01 9.279538989067077637e-01 -3.104934692382812500e-01 -8.235109034807832629e-01
0.000000000000000000e+00 0.000000000000000000e+00 0.000000000000000000e+00 1.000000000000000000e+00
9.115596413612365723e-01 -3.984662294387817383e-01 -1.014080420136451721e-01 -8.196270966351083542e-01
-2.403823584318161011e-01 -3.163715004920959473e-01 -9.176738858222961426e-01 -2.733542645828250794e+00
3.335794806480407715e-01 8.608910441398620605e-01 -3.841756880283355713e-01 -1.144923226077053879e+00
0.000000000000000000e+00 0.000000000000000000e+00 0.000000000000000000e+00 1.000000000000000000e+00
8.688827157020568848e-01 -4.866568446159362793e-01 -9.059680998325347900e-02 -7.740184951019358772e-01
-2.843640446662902832e-01 -3.408945202827453613e-01 -8.960626721382141113e-01 -2.636211477627816269e+00
4.051910042762756348e-01 8.043357729911804199e-01 -4.345850348472595215e-01 -1.372845165809415624e+00
0.000000000000000000e+00 0.000000000000000000e+00 0.000000000000000000e+00 1.000000000000000000e+00
8.230828642845153809e-01 -5.631582140922546387e-01 -7.340078800916671753e-02 -6.957772910621081719e-01
-3.537851870059967041e-01 -4.073334038257598877e-01 -8.419711589813232422e-01 -2.437771545763406600e+00
4.442642331123352051e-01 7.189800143241882324e-01 -5.345060229301452637e-01 -1.711596279066621706e+00
0.000000000000000000e+00 0.000000000000000000e+00 0.000000000000000000e+00 1.000000000000000000e+00
7.980350255966186523e-01 -6.008340120315551758e-01 -4.624155908823013306e-02 -6.049612333138875142e-01
-4.271143674850463867e-01 -5.098261237144470215e-01 -7.467600107192993164e-01 -2.104386190912796106e+00
4.251038432121276855e-01 6.156909465789794922e-01 -6.634840369224548340e-01 -2.101058369146725724e+00
0.000000000000000000e+00 0.000000000000000000e+00 0.000000000000000000e+00 1.000000000000000000e+00
7.739591598510742188e-01 -6.328934431076049805e-01 -2.081311866641044617e-02 -5.183075670024664960e-01
-5.048294067382812500e-01 -5.968422889709472656e-01 -6.236396431922912598e-01 -1.675329022888778274e+00
3.822753429412841797e-01 4.931786060333251953e-01 -7.814345955848693848e-01 -2.435059480336043247e+00
0.000000000000000000e+00 0.000000000000000000e+00 0.000000000000000000e+00 1.000000000000000000e+00
7.509699463844299316e-01 -6.601840853691101074e-01 -1.417779363691806793e-02 -4.843389746757845171e-01
-5.674520730972290039e-01 -6.342080831527709961e-01 -5.251458883285522461e-01 -1.334635579867666566e+00
3.377013504505157471e-01 4.024139344692230225e-01 -8.508939743041992188e-01 -2.624593227307738807e+00
0.000000000000000000e+00 0.000000000000000000e+00 0.000000000000000000e+00 1.000000000000000000e+00
6.481094360351562500e-01 -7.614264488220214844e-01 -1.355018559843301773e-02 -4.178192161361783952e-01
-6.794608235359191895e-01 -5.701235532760620117e-01 -4.618352353572845459e-01 -1.066388981299820626e+00
3.439284563064575195e-01 3.085266351699829102e-01 -8.868620991706848145e-01 -2.753734287943641501e+00
0.000000000000000000e+00 0.000000000000000000e+00 0.000000000000000000e+00 1.000000000000000000e+00
5.833976864814758301e-01 -8.118114471435546875e-01 2.467738837003707886e-02 -2.573868201338257999e-01
-7.398870587348937988e-01 -5.437510609626770020e-01 -3.961082100868225098e-01 -8.209439931000385160e-01
3.349836766719818115e-01 2.128301262855529785e-01 -9.178721308708190918e-01 -2.855956186750050918e+00
0.000000000000000000e+00 0.000000000000000000e+00 0.000000000000000000e+00 1.000000000000000000e+00
5.359566211700439453e-01 -8.418412804603576660e-01 6.366832554340362549e-02 -1.001290771415772191e-01
-7.834383845329284668e-01 -5.240405201911926270e-01 -3.340746760368347168e-01 -5.916357048060798540e-01
3.146026432514190674e-01 1.291693150997161865e-01 -9.403938055038452148e-01 -2.915300031569633799e+00
0.000000000000000000e+00 0.000000000000000000e+00 0.000000000000000000e+00 1.000000000000000000e+00
4.999655187129974365e-01 -8.559377193450927734e-01 1.319275796413421631e-01 1.405851298182201614e-01
-8.192965388298034668e-01 -5.168298482894897461e-01 -2.482735365629196167e-01 -3.031726929117367630e-01
2.806908488273620605e-01 1.604036241769790649e-02 -9.596642255783081055e-01 -2.960858826237855901e+00
0.000000000000000000e+00 0.000000000000000000e+00 0.000000000000000000e+00 1.000000000000000000e+00
4.328053295612335205e-01 -8.835277557373046875e-01 1.790475845336914062e-01 3.386728695453092297e-01
-8.594332337379455566e-01 -4.643496274948120117e-01 -2.139013707637786865e-01 -1.650306367044276357e-01
2.721284925937652588e-01 -6.130184233188629150e-02 -9.603062868118286133e-01 -2.960962303104096360e+00
0.000000000000000000e+00 0.000000000000000000e+00 0.000000000000000000e+00 1.000000000000000000e+00
3.527845144271850586e-01 -8.945412635803222656e-01 2.744793295860290527e-01 6.951907537822201721e-01
-8.934564590454101562e-01 -4.091858565807342529e-01 -1.852090507745742798e-01 -4.952286014940002895e-02
2.779901921749114990e-01 -1.798964738845825195e-01 -9.435881972312927246e-01 -2.910593903693031059e+00
0.000000000000000000e+00 0.000000000000000000e+00 0.000000000000000000e+00 1.000000000000000000e+00
2.862003147602081299e-01 -8.809136152267456055e-01 3.769356906414031982e-01 1.050961397075722115e+00
-9.135857820510864258e-01 -3.694841861724853516e-01 -1.698303073644638062e-01 9.146005071698113179e-03
2.888776063919067383e-01 -2.957576215267181396e-01 -9.105367064476013184e-01 -2.817025982164019116e+00
0.000000000000000000e+00 0.000000000000000000e+00 0.000000000000000000e+00 1.000000000000000000e+00
2.683650851249694824e-01 -8.494718074798583984e-01 4.542881250381469727e-01 1.293344711757190124e+00
-9.332003593444824219e-01 -3.462483286857604980e-01 -9.617198258638381958e-02 2.506054351760128029e-01
2.389918565750122070e-01 -3.981326818466186523e-01 -8.856484889984130859e-01 -2.704415281925406145e+00
0.000000000000000000e+00 0.000000000000000000e+00 0.000000000000000000e+00 1.000000000000000000e+00
2.038679867982864380e-01 -8.107281327247619629e-01 5.487782955169677734e-01 1.628054018619055299e+00
-9.572675824165344238e-01 -2.825298011302947998e-01 -6.177115440368652344e-02 3.589553202318872538e-01
2.051258236169815063e-01 -5.127345323562622070e-01 -8.336825966835021973e-01 -2.534024755208142299e+00
0.000000000000000000e+00 0.000000000000000000e+00 0.000000000000000000e+00 1.000000000000000000e+00
