0.3779192566871643 0.3489580452442169 -0.8575577735900879 0.3376375138759613 
0.0168452076613903 0.9235047698020935 0.3832167685031891 -0.1024773046374321 
0.9256852269172668 -0.159270703792572 0.343131959438324 -0.03023570217192173 
0 0 0 1 

0.405557245016098 0.3700141608715057 -0.8358305692672729 0.3224587440490723 
0.06706701964139938 0.8998958468437195 0.4309170544147491 -0.1203484684228897 
0.9116058945655823 -0.2308181971311569 0.3401434719562531 -0.03215624764561653 
0 0 0 1 

0.453524112701416 0.4051749408245087 -0.7938192486763 0.2997199892997742 
0.1351132988929749 0.8491351008415222 0.5106015801429749 -0.1501163691282272 
0.8809428215026855 -0.3388257026672363 0.3303586840629578 -0.03305440023541451 
0 0 0 1 

0.4720542430877686 0.4424143731594086 -0.7625184059143066 0.2845448851585388 
0.1550626307725906 0.809800922870636 0.5658427476882935 -0.1705533117055893 
0.8678250908851624 -0.3853465616703033 0.3136680126190186 -0.03035485930740833 
0 0 0 1 

0.4833053648471832 0.4864838719367981 -0.7278388142585754 0.2670865058898926 
0.1813581138849258 0.757714569568634 0.6268794536590576 -0.1904361397027969 
0.8564608097076416 -0.4349736571311951 0.2779797315597534 -0.02122079581022263 
0 0 0 1 

0.5240484476089478 0.4896913170814514 -0.6968324184417725 0.2517463564872742 
0.1829552352428436 0.7343514561653137 0.6536475419998169 -0.1995623707771301 
0.8318055272102356 -0.4700320959091187 0.2952441573143005 -0.02908912859857082 
0 0 0 1 

0.5530961751937866 0.4862885475158691 -0.6764673590660095 0.2394797503948212 
0.203447699546814 0.708550751209259 0.6756958365440369 -0.2058152556419373 
0.8078945875167847 -0.5113504528999329 0.292962372303009 -0.03079316578805447 
0 0 0 1 

0.5532479286193848 0.5185481905937195 -0.6519389748573303 0.2252433449029922 
0.2079795598983765 0.6718543171882629 0.7108840942382812 -0.2160007804632187 
0.8066356778144836 -0.5288851261138916 0.2638546228408813 -0.0248652771115303 
0 0 0 1 

0.5906110405921936 0.5414990782737732 -0.598295271396637 0.1989131718873978 
0.1793982088565826 0.6347596645355225 0.7515959143638611 -0.2264793217182159 
0.7867622375488281 -0.5512339472770691 0.2777521014213562 -0.03571841865777969 
0 0 0 1 

0.6226177215576172 0.5315266251564026 -0.5743051767349243 0.1878231316804886 
0.1807367205619812 0.6163905262947083 0.7664182186126709 -0.2288580536842346 
0.7613680958747864 -0.5809836387634277 0.2877092957496643 -0.04234587773680687 
0 0 0 1 

