0.3779193460941315 0.3489580154418945 -0.8575577139854431 0.3376375138759613 
0.01684517040848732 0.9235048294067383 0.3832167685031891 -0.1024772971868515 
0.9256852269172668 -0.1592707335948944 0.3431320786476135 -0.03023570217192173 
0 0 0 1 

0.4055571258068085 0.3700141608715057 -0.8358305692672729 0.3224587440490723 
0.06706703454256058 0.8998957872390747 0.4309170842170715 -0.1203484609723091 
0.9116058945655823 -0.2308181673288345 0.3401434123516083 -0.03215622901916504 
0 0 0 1 

0.4535242319107056 0.4051749110221863 -0.7938191294670105 0.2997199594974518 
0.1351132839918137 0.8491351008415222 0.5106015205383301 -0.150116354227066 
0.8809426426887512 -0.3388256430625916 0.3303588032722473 -0.03305437043309212 
0 0 0 1 

0.472054123878479 0.442414402961731 -0.7625184059143066 0.2845449149608612 
0.1550626754760742 0.809800922870636 0.5658427476882935 -0.1705533266067505 
0.8678250908851624 -0.3853465020656586 0.3136678636074066 -0.0303548201918602 
0 0 0 1 

0.483305424451828 0.4864839017391205 -0.7278387546539307 0.267086535692215 
0.181358128786087 0.7577145099639893 0.6268795132637024 -0.1904361844062805 
0.8564608097076416 -0.4349736869335175 0.277979701757431 -0.02122068218886852 
0 0 0 1 

0.5240485072135925 0.4896913170814514 -0.6968324184417725 0.2517462968826294 
0.1829552054405212 0.7343515157699585 0.6536476016044617 -0.1995623260736465 
0.8318055272102356 -0.4700321555137634 0.2952442169189453 -0.02908912859857082 
0 0 0 1 

0.5530961751937866 0.4862885177135468 -0.6764672994613647 0.23947973549366 
0.2034476697444916 0.708550751209259 0.6756958365440369 -0.2058152258396149 
0.8078945279121399 -0.5113504528999329 0.2929624319076538 -0.03079315833747387 
0 0 0 1 

0.5532479286193848 0.5185481905937195 -0.6519389748573303 0.2252433896064758 
0.2079795449972153 0.6718543171882629 0.710884153842926 -0.2160007953643799 
0.8066357374191284 -0.5288851857185364 0.2638546228408813 -0.02486522682011127 
0 0 0 1 

0.5906111001968384 0.5414990782737732 -0.5982951521873474 0.198913186788559 
0.179398238658905 0.6347596645355225 0.7515958547592163 -0.2264793515205383 
0.7867621183395386 -0.5512338876724243 0.2777521014213562 -0.03571837395429611 
0 0 0 1 

0.6507419347763062 0.4973801076412201 -0.5737141370773315 0.1878512650728226 
0.2092226892709732 0.6088761687278748 0.7651768922805786 -0.2264509499073029 
0.7299046516418457 -0.6179666519165039 0.2921580374240875 -0.04562661424279213 
0 0 0 1 

