1.000000000000000000e+00 0.000000000000000000e+00 0.000000000000000000e+00 -1.792658120393753052e-02
0.000000000000000000e+00 1.000000000000000000e+00 0.000000000000000000e+00 2.243540808558464050e-02
0.000000000000000000e+00 0.000000000000000000e+00 1.000000000000000000e+00 -3.816788792610168457e-01
0.000000000000000000e+00 0.000000000000000000e+00 0.000000000000000000e+00 1.000000000000000000e+00
9.959023594856262207e-01 5.542430281639099121e-02 -7.145790010690689087e-02 1.250806730240583420e-02
-5.664512887597084045e-02 9.982790946960449219e-01 -1.517106778919696808e-02 2.529264055192470551e-02
7.049406319856643677e-02 1.915672235190868378e-02 9.973283410072326660e-01 -3.786688446998596191e-01
0.000000000000000000e+00 0.000000000000000000e+00 0.000000000000000000e+00 1.000000000000000000e+00
9.726854562759399414e-01 6.811267137527465820e-02 -2.219095975160598755e-01 7.342550158500671387e-02
-7.336920499801635742e-02 9.971841573715209961e-01 -1.552088372409343719e-02 2.611430920660495758e-02
2.202275395393371582e-01 3.137832880020141602e-02 9.749436378479003906e-01 -3.692076504230499268e-01
0.000000000000000000e+00 0.000000000000000000e+00 0.000000000000000000e+00 1.000000000000000000e+00
9.400270581245422363e-01 6.293147802352905273e-02 -3.352447152137756348e-01 1.198960021138191223e-01
-5.922473222017288208e-02 9.980178475379943848e-01 2.127957157790660858e-02 1.299711596220731735e-02
3.359193503856658936e-01 -1.485808315919712186e-04 9.418907165527343750e-01 -3.565623760223388672e-01
0.000000000000000000e+00 0.000000000000000000e+00 0.000000000000000000e+00 1.000000000000000000e+00
9.124912023544311523e-01 7.748711854219436646e-02 -4.016904532909393311e-01 1.480124294757843018e-01
-6.362275779247283936e-02 9.968302845954895020e-01 4.776385799050331116e-02 6.371860858052968979e-03
4.041183590888977051e-01 -1.802740618586540222e-02 9.145288467407226562e-01 -3.446393609046936035e-01
0.000000000000000000e+00 0.000000000000000000e+00 0.000000000000000000e+00 1.000000000000000000e+00
1.446058452129364014e-01 8.614665269851684570e-02 -9.857320785522460938e-01 3.998631536960601807e-01
-2.600879408419132233e-02 9.961895942687988281e-01 8.324510604143142700e-02 -3.959709778428077698e-03
9.891473650932312012e-01 1.359998621046543121e-02 1.462954282760620117e-01 -5.488176643848419189e-02
0.000000000000000000e+00 0.000000000000000000e+00 0.000000000000000000e+00 1.000000000000000000e+00
1.262181699275970459e-01 1.021059900522232056e-01 -9.867336153984069824e-01 3.978836536407470703e-01
-1.450940966606140137e-02 9.947722554206848145e-01 1.010818630456924438e-01 -6.174499168992042542e-03
9.918964505195617676e-01 1.558558433316648006e-03 1.270399093627929688e-01 -4.070046916604042053e-02
0.000000000000000000e+00 0.000000000000000000e+00 0.000000000000000000e+00 1.000000000000000000e+00
1.202362626791000366e-01 9.485009312629699707e-02 -9.882036447525024414e-01 3.945906758308410645e-01
-1.257336325943470001e-02 9.954909086227416992e-01 9.401971846818923950e-02 4.935282049700617790e-04
9.926655888557434082e-01 1.120474422350525856e-03 1.208867579698562622e-01 -3.024364076554775238e-02
0.000000000000000000e+00 0.000000000000000000e+00 0.000000000000000000e+00 1.000000000000000000e+00
1.376953870058059692e-01 9.244256466627120972e-02 -9.861512184143066406e-01 3.899821043014526367e-01
-2.164451964199542999e-02 9.956781268119812012e-01 9.031341969966888428e-02 3.863605437800288200e-03
9.902378916740417480e-01 8.909036405384540558e-03 1.391011476516723633e-01 -2.761923708021640778e-02
0.000000000000000000e+00 0.000000000000000000e+00 0.000000000000000000e+00 1.000000000000000000e+00
1.494643986225128174e-01 9.701681137084960938e-02 -9.839959740638732910e-01 3.869689702987670898e-01
-4.505807533860206604e-02 9.948091506958007812e-01 9.123884886503219604e-02 5.434258840978145599e-03
9.877398610115051270e-01 3.070002608001232147e-02 1.530599743127822876e-01 -2.330781705677509308e-02
0.000000000000000000e+00 0.000000000000000000e+00 0.000000000000000000e+00 1.000000000000000000e+00
1.731729358434677124e-01 8.892581611871719360e-02 -9.808685183525085449e-01 3.834434151649475098e-01
-6.610099971294403076e-02 9.947194457054138184e-01 7.851134240627288818e-02 1.250902935862541199e-02
9.826707839965820312e-01 5.124036595225334167e-02 1.781365722417831421e-01 -2.289610914885997772e-02
0.000000000000000000e+00 0.000000000000000000e+00 0.000000000000000000e+00 1.000000000000000000e+00
1.703889966011047363e-01 8.220595121383666992e-02 -9.819417595863342285e-01 3.822644054889678955e-01
-9.581337124109268188e-02 9.931741356849670410e-01 6.652053445577621460e-02 2.047089487314224243e-02
9.807075262069702148e-01 8.274881541728973389e-02 1.771023720502853394e-01 -1.378244627267122269e-02
0.000000000000000000e+00 0.000000000000000000e+00 0.000000000000000000e+00 1.000000000000000000e+00
1.823218315839767456e-01 9.495890885591506958e-02 -9.786426424980163574e-01 3.823809027671813965e-01
-9.581252932548522949e-02 9.923043847084045410e-01 7.843460887670516968e-02 2.014962956309318542e-02
9.785593152046203613e-01 7.946587353944778442e-02 1.900169700384140015e-01 -1.316652540117502213e-02
0.000000000000000000e+00 0.000000000000000000e+00 0.000000000000000000e+00 1.000000000000000000e+00
1.904094815254211426e-01 1.056732684373855591e-01 -9.760008454322814941e-01 3.834733068943023682e-01
-1.230407953262329102e-01 9.889188408851623535e-01 8.306773751974105835e-02 2.190263755619525909e-02
9.739636182785034180e-01 1.042710170149803162e-01 2.013015896081924438e-01 -1.125255972146987915e-02
0.000000000000000000e+00 0.000000000000000000e+00 0.000000000000000000e+00 1.000000000000000000e+00
2.028271108865737915e-01 1.142761409282684326e-01 -9.725236296653747559e-01 3.847945332527160645e-01
-1.376211643218994141e-01 9.866359233856201172e-01 8.723244816064834595e-02 2.339418232440948486e-02
9.694954752922058105e-01 1.161466985940933228e-01 2.158434092998504639e-01 -1.091744285076856613e-02
0.000000000000000000e+00 0.000000000000000000e+00 0.000000000000000000e+00 1.000000000000000000e+00
2.059543579816818237e-01 1.261908710002899170e-01 -9.703910350799560547e-01 3.868443667888641357e-01
-1.629629433155059814e-01 9.822257161140441895e-01 9.314284473657608032e-02 2.323344349861145020e-02
9.648968577384948730e-01 1.389545798301696777e-01 2.228580564260482788e-01 -5.074776243418455124e-03
0.000000000000000000e+00 0.000000000000000000e+00 0.000000000000000000e+00 1.000000000000000000e+00
2.313313484191894531e-01 1.322323530912399292e-01 -9.638465046882629395e-01 3.885717689990997314e-01
-1.768023967742919922e-01 9.799367785453796387e-01 9.200572967529296875e-02 2.652700059115886688e-02
9.566746950149536133e-01 1.491266340017318726e-01 2.500691413879394531e-01 -6.971789523959159851e-03
0.000000000000000000e+00 0.000000000000000000e+00 0.000000000000000000e+00 1.000000000000000000e+00
2.759780883789062500e-01 1.379907280206680298e-01 -9.512069821357727051e-01 3.887026906013488770e-01
-2.042625844478607178e-01 9.754548668861389160e-01 8.224471658468246460e-02 3.145184367895126343e-02
9.392086863517761230e-01 1.715982407331466675e-01 2.973905503749847412e-01 -1.633711159229278564e-02
0.000000000000000000e+00 0.000000000000000000e+00 0.000000000000000000e+00 1.000000000000000000e+00
3.526036441326141357e-01 1.645501405000686646e-01 -9.211914539337158203e-01 3.919940292835235596e-01
-2.234181910753250122e-01 9.707524776458740234e-01 8.788550645112991333e-02 2.940600179135799408e-02
9.087105393409729004e-01 1.748221963644027710e-01 3.790544271469116211e-01 -3.220762684941291809e-02
0.000000000000000000e+00 0.000000000000000000e+00 0.000000000000000000e+00 1.000000000000000000e+00
3.922227919101715088e-01 2.159769088029861450e-01 -8.941560387611389160e-01 4.080576300621032715e-01
-2.285212874412536621e-01 9.644504189491271973e-01 1.327148973941802979e-01 1.379829458892345428e-02
8.910327553749084473e-01 1.522799283266067505e-01 4.276348054409027100e-01 -3.473053872585296631e-02
0.000000000000000000e+00 0.000000000000000000e+00 0.000000000000000000e+00 1.000000000000000000e+00
4.176461696624755859e-01 2.417705655097961426e-01 -8.758528828620910645e-01 4.133691787719726562e-01
-2.621223628520965576e-01 9.550250172615051270e-01 1.386335492134094238e-01 1.302563212811946869e-02
8.699790239334106445e-01 1.716809421777725220e-01 4.622360169887542725e-01 -4.914032667875289917e-02
0.000000000000000000e+00 0.000000000000000000e+00 0.000000000000000000e+00 1.000000000000000000e+00
3.969365954399108887e-01 2.449192702770233154e-01 -8.845653533935546875e-01 4.049312174320220947e-01
-1.900430172681808472e-01 9.647867083549499512e-01 1.818518638610839844e-01 -6.007164716720581055e-03
8.979559540748596191e-01 9.592183679342269897e-02 4.295043647289276123e-01 -4.431309551000595093e-02
0.000000000000000000e+00 0.000000000000000000e+00 0.000000000000000000e+00 1.000000000000000000e+00
3.985659182071685791e-01 2.461502701044082642e-01 -8.834903240203857422e-01 3.991135358810424805e-01
-1.585208028554916382e-01 9.673013091087341309e-01 1.979880034923553467e-01 -1.417462993413209915e-02
9.033362269401550293e-01 6.114037334918975830e-02 4.245533347129821777e-01 -4.570979252457618713e-02
0.000000000000000000e+00 0.000000000000000000e+00 0.000000000000000000e+00 1.000000000000000000e+00
3.564293980598449707e-01 2.626530528068542480e-01 -8.966445326805114746e-01 3.784812986850738525e-01
-5.687547475099563599e-02 9.639934897422790527e-01 2.597726285457611084e-01 -4.505402967333793640e-02
9.325894713401794434e-01 -4.159349203109741211e-02 3.585340976715087891e-01 -3.011818416416645050e-02
0.000000000000000000e+00 0.000000000000000000e+00 0.000000000000000000e+00 1.000000000000000000e+00
3.504604101181030273e-01 2.973594963550567627e-01 -8.881187438964843750e-01 3.574179410934448242e-01
-1.724741049110889435e-02 9.501479268074035645e-01 3.113220632076263428e-01 -7.387834042310714722e-02
9.364186525344848633e-01 -9.378828853368759155e-02 3.381179273128509521e-01 -2.644272521138191223e-02
0.000000000000000000e+00 0.000000000000000000e+00 0.000000000000000000e+00 1.000000000000000000e+00
3.769894242286682129e-01 3.456577360630035400e-01 -8.593018651008605957e-01 3.380845487117767334e-01
2.277931757271289825e-02 9.240131378173828125e-01 3.816817104816436768e-01 -1.015650480985641479e-01
9.259373545646667480e-01 -1.634642630815505981e-01 3.404693007469177246e-01 -2.941510267555713654e-02
0.000000000000000000e+00 0.000000000000000000e+00 0.000000000000000000e+00 1.000000000000000000e+00
4.018808305263519287e-01 3.681567013263702393e-01 -8.384224176406860352e-01 3.230654895305633545e-01
6.806840002536773682e-02 9.010721445083618164e-01 4.282937645912170410e-01 -1.194200739264488220e-01
9.131584167480468750e-01 -2.291931360960006714e-01 3.370638191699981689e-01 -3.090844489634037018e-02
0.000000000000000000e+00 0.000000000000000000e+00 0.000000000000000000e+00 1.000000000000000000e+00
4.531129896640777588e-01 4.069341421127319336e-01 -7.931538224220275879e-01 2.996063530445098877e-01
1.351215690374374390e-01 8.480999469757080078e-01 5.123167634010314941e-01 -1.504612267017364502e-01
8.811529874801635742e-01 -3.393095433712005615e-01 3.292995095252990723e-01 -3.279206901788711548e-02
0.000000000000000000e+00 0.000000000000000000e+00 0.000000000000000000e+00 1.000000000000000000e+00
4.819204211235046387e-01 4.363578855991363525e-01 -7.598318457603454590e-01 2.843438982963562012e-01
1.567932665348052979e-01 8.102322220802307129e-01 5.647473335266113281e-01 -1.700782179832458496e-01
8.620722293853759766e-01 -3.912997543811798096e-01 3.220494389533996582e-01 -3.328644111752510071e-02
0.000000000000000000e+00 0.000000000000000000e+00 0.000000000000000000e+00 1.000000000000000000e+00
4.894619584083557129e-01 4.812647998332977295e-01 -7.271940112113952637e-01 2.671459615230560303e-01
1.813218593597412109e-01 7.595190405845642090e-01 6.247024536132812500e-01 -1.896922290325164795e-01
8.529650568962097168e-01 -4.376242160797119141e-01 2.844918370246887207e-01 -2.352868951857089996e-02
0.000000000000000000e+00 0.000000000000000000e+00 0.000000000000000000e+00 1.000000000000000000e+00
5.331890583038330078e-01 4.827174246311187744e-01 -6.947612166404724121e-01 2.515540719032287598e-01
1.829166561365127563e-01 7.360296249389648438e-01 6.517682671546936035e-01 -1.988879442214965820e-01
8.259847760200500488e-01 -4.745990931987762451e-01 3.041458427906036377e-01 -3.201682493090629578e-02
0.000000000000000000e+00 0.000000000000000000e+00 0.000000000000000000e+00 1.000000000000000000e+00
5.575629472732543945e-01 4.822115898132324219e-01 -6.757184267044067383e-01 2.395546883344650269e-01
1.989619135856628418e-01 7.126361727714538574e-01 6.727285981178283691e-01 -2.051668018102645874e-01
8.059389591217041016e-01 -5.095307826995849609e-01 3.013977706432342529e-01 -3.339342027902603149e-02
0.000000000000000000e+00 0.000000000000000000e+00 0.000000000000000000e+00 1.000000000000000000e+00
5.578645467758178711e-01 5.142605304718017578e-01 -6.514009833335876465e-01 2.252738475799560547e-01
2.094323039054870605e-01 6.722520589828491211e-01 7.100811600685119629e-01 -2.154842764139175415e-01
8.030723929405212402e-01 -5.325534939765930176e-01 2.673228383064270020e-01 -2.596292831003665924e-02
0.000000000000000000e+00 0.000000000000000000e+00 0.000000000000000000e+00 1.000000000000000000e+00
5.631771683692932129e-01 5.596348047256469727e-01 -6.079804301261901855e-01 2.011663764715194702e-01
1.765515655279159546e-01 6.372745633125305176e-01 7.501403093338012695e-01 -2.260840386152267456e-01
8.072551488876342773e-01 -5.298017263412475586e-01 2.600940465927124023e-01 -3.061085008084774017e-02
0.000000000000000000e+00 0.000000000000000000e+00 0.000000000000000000e+00 1.000000000000000000e+00
6.180197596549987793e-01 5.407339334487915039e-01 -5.706648230552673340e-01 1.866794228553771973e-01
1.711948364973068237e-01 6.159009337425231934e-01 7.689983248710632324e-01 -2.292311638593673706e-01
7.672964930534362793e-01 -5.729509592056274414e-01 2.880680859088897705e-01 -4.247390106320381165e-02
0.000000000000000000e+00 0.000000000000000000e+00 0.000000000000000000e+00 1.000000000000000000e+00
