1.000000000000000000e+00 0.000000000000000000e+00 0.000000000000000000e+00 -4.146692231928954531e-01
0.000000000000000000e+00 -1.000000000000000000e+00 0.000000000000000000e+00 -7.693198940031911737e-02
0.000000000000000000e+00 0.000000000000000000e+00 -1.000000000000000000e+00 -3.421550398492883005e+00
0.000000000000000000e+00 0.000000000000000000e+00 0.000000000000000000e+00 1.000000000000000000e+00
9.899615645408630371e-01 -1.393465250730514526e-01 -2.363480255007743835e-02 -5.332628206005254334e-01
-1.378043442964553833e-01 -9.887812733650207520e-01 5.763765797019004822e-02 2.685848691267886945e-01
-3.140125423669815063e-02 -5.380208417773246765e-02 -9.980582594871520996e-01 -3.425652671470081678e+00
0.000000000000000000e+00 0.000000000000000000e+00 0.000000000000000000e+00 1.000000000000000000e+00
9.707207083702087402e-01 -2.377307415008544922e-01 -3.442952409386634827e-02 -5.726631343288690612e-01
-2.331879585981369019e-01 -9.670150279998779297e-01 1.024938300251960754e-01 5.536021634364480803e-01
-5.765985324978828430e-02 -9.146431088447570801e-02 -9.941373467445373535e-01 -3.405403967873779081e+00
0.000000000000000000e+00 0.000000000000000000e+00 0.000000000000000000e+00 1.000000000000000000e+00
9.407697916030883789e-01 -3.373845219612121582e-01 -3.352680802345275879e-02 -5.605991995327699318e-01
-3.294278979301452637e-01 -9.329873323440551758e-01 1.449526399374008179e-01 8.074085016347901655e-01
-8.018489927053451538e-02 -1.253223419189453125e-01 -9.888705015182495117e-01 -3.369708574364507658e+00
0.000000000000000000e+00 0.000000000000000000e+00 0.000000000000000000e+00 1.000000000000000000e+00
8.952659368515014648e-01 -4.453219175338745117e-01 -1.369657274335622787e-02 -4.274381553679220680e-01
-4.368560314178466797e-01 -8.834536671638488770e-01 1.693119704723358154e-01 9.718175786891343204e-01
-8.749865740537643433e-02 -1.455958336591720581e-01 -9.854673147201538086e-01 -3.353436672998097112e+00
0.000000000000000000e+00 0.000000000000000000e+00 0.000000000000000000e+00 1.000000000000000000e+00
8.299093246459960938e-01 -5.578954219818115234e-01 -1.812922186218202114e-03 -3.120710563240335356e-01
-5.471000671386718750e-01 -8.144775629043579102e-01 1.931490451097488403e-01 1.131755812446065379e+00
-1.092336624860763550e-01 -1.593043655157089233e-01 -9.811676740646362305e-01 -3.334180015585172185e+00
0.000000000000000000e+00 0.000000000000000000e+00 0.000000000000000000e+00 1.000000000000000000e+00
7.502192854881286621e-01 -6.605570316314697266e-01 2.889732643961906433e-02 -1.218829973708964176e-01
-6.547972559928894043e-01 -7.361949682235717773e-01 1.710492372512817383e-01 1.100969117225324423e+00
-9.171378612518310547e-02 -1.472462713718414307e-01 -9.848386049270629883e-01 -3.378243687480079860e+00
0.000000000000000000e+00 0.000000000000000000e+00 0.000000000000000000e+00 1.000000000000000000e+00
6.959595680236816406e-01 -7.156945466995239258e-01 5.849317088723182678e-02 2.500626520127004204e-02
-7.167353630065917969e-01 -6.873620748519897461e-01 1.175744384527206421e-01 8.986724417573528356e-01
-4.394142702221870422e-02 -1.237512156367301941e-01 -9.913400411605834961e-01 -3.458437074701860237e+00
0.000000000000000000e+00 0.000000000000000000e+00 0.000000000000000000e+00 1.000000000000000000e+00
5.851612091064453125e-01 -8.103654980659484863e-01 2.988465689122676849e-02 -4.059449063011902337e-02
-8.097093701362609863e-01 -5.818829536437988281e-01 7.604450732469558716e-02 7.474141812301581256e-01
-4.423452541232109070e-02 -6.869620084762573242e-02 -9.966565966606140137e-01 -3.544723721264699812e+00
0.000000000000000000e+00 0.000000000000000000e+00 0.000000000000000000e+00 1.000000000000000000e+00
5.030683279037475586e-01 -8.632277250289916992e-01 4.195380210876464844e-02 5.861997050430377970e-02
-8.638804554939270020e-01 -5.008493065834045410e-01 5.348184332251548767e-02 6.708396254386040924e-01
-2.515448816120624542e-02 -6.314807385206222534e-02 -9.976872801780700684e-01 -3.592396055944104383e+00
0.000000000000000000e+00 0.000000000000000000e+00 0.000000000000000000e+00 1.000000000000000000e+00
4.078636467456817627e-01 -9.118266105651855469e-01 4.711051657795906067e-02 1.353219090501742994e-01
-9.129353165626525879e-01 -4.080651700496673584e-01 5.695481318980455399e-03 4.696105285097895155e-01
1.403085608035326004e-02 -4.533180594444274902e-02 -9.988733530044555664e-01 -3.642051793590554087e+00
0.000000000000000000e+00 0.000000000000000000e+00 0.000000000000000000e+00 1.000000000000000000e+00
2.910987138748168945e-01 -9.552723169326782227e-01 5.212144926190376282e-02 2.129651851991558043e-01
-9.558070898056030273e-01 -2.927410900592803955e-01 -2.711417153477668762e-02 3.246168862391897170e-01
4.115948826074600220e-02 -4.192515462636947632e-02 -9.982722401618957520e-01 -3.669341336429968070e+00
0.000000000000000000e+00 0.000000000000000000e+00 0.000000000000000000e+00 1.000000000000000000e+00
1.819620579481124878e-01 -9.812726974487304688e-01 6.319673359394073486e-02 3.137393943277616004e-01
-9.812890887260437012e-01 -1.853275150060653687e-01 -5.220902338624000549e-02 2.150310931673692083e-01
6.294339150190353394e-02 -5.251420661807060242e-02 -9.966347813606262207e-01 -3.678610660237199070e+00
0.000000000000000000e+00 0.000000000000000000e+00 0.000000000000000000e+00 1.000000000000000000e+00
1.030766442418098450e-01 -9.914607405662536621e-01 7.987681776285171509e-02 4.058043307389357923e-01
-9.901045560836791992e-01 -1.099600568413734436e-01 -8.718960732221603394e-02 6.567642681886125267e-02
9.522835910320281982e-02 -7.009913027286529541e-02 -9.929838776588439941e-01 -3.672970681205779186e+00
0.000000000000000000e+00 0.000000000000000000e+00 0.000000000000000000e+00 1.000000000000000000e+00
1.272541284561157227e-02 -9.963943362236022949e-01 8.388075232505798340e-02 4.835168700150793697e-01
-9.973901510238647461e-01 -1.861095242202281952e-02 -6.976158916950225830e-02 1.542342899559999148e-01
7.107114791870117188e-02 -8.277416974306106567e-02 -9.940312504768371582e-01 -3.601544045402291339e+00
0.000000000000000000e+00 0.000000000000000000e+00 0.000000000000000000e+00 1.000000000000000000e+00
-9.100256115198135376e-02 -8.980669975280761719e-01 4.303412437438964844e-01 1.879031993400984923e+00
-9.903009533882141113e-01 3.605087473988533020e-02 -1.341817826032638550e-01 -8.926290769913892975e-02
1.049899980425834656e-01 -4.383783042430877686e-01 -8.926373124122619629e-01 -3.154672050771795355e+00
0.000000000000000000e+00 0.000000000000000000e+00 0.000000000000000000e+00 1.000000000000000000e+00
-1.663148552179336548e-01 -8.724061250686645508e-01 4.596155583858489990e-01 2.008928342149382651e+00
-9.772871136665344238e-01 8.375212550163269043e-02 -1.946658194065093994e-01 -3.404795885951963919e-01
1.313338875770568848e-01 -4.815522730350494385e-01 -8.665208816528320312e-01 -3.064803972713022961e+00
0.000000000000000000e+00 0.000000000000000000e+00 0.000000000000000000e+00 1.000000000000000000e+00
-1.311514377593994141e-01 -8.111699223518371582e-01 5.699144005775451660e-01 2.340463420517064463e+00
-9.912482500076293945e-01 1.160312891006469727e-01 -6.296126544475555420e-02 1.552322606681395822e-01
-1.505562290549278259e-02 -5.731840133666992188e-01 -8.192882537841796875e-01 -2.803686766022471577e+00
0.000000000000000000e+00 0.000000000000000000e+00 0.000000000000000000e+00 1.000000000000000000e+00
-8.580975234508514404e-02 -7.343841195106506348e-01 6.732878088951110840e-01 2.601196803918806921e+00
-9.950292110443115234e-01 2.889421768486499786e-02 -9.529915452003479004e-02 6.890345300425609887e-02
5.053206160664558411e-02 -6.781186461448669434e-01 -7.332131266593933105e-01 -2.600372795106725921e+00
0.000000000000000000e+00 0.000000000000000000e+00 0.000000000000000000e+00 1.000000000000000000e+00
-6.175117567181587219e-02 -5.659460425376892090e-01 8.221264481544494629e-01 3.102921058863407300e+00
-9.861440658569335938e-01 -9.247155487537384033e-02 -1.377274543046951294e-01 -8.361872359878178007e-02
1.539696902036666870e-01 -8.192403316497802734e-01 -5.523939728736877441e-01 -1.945072173108448377e+00
0.000000000000000000e+00 0.000000000000000000e+00 0.000000000000000000e+00 1.000000000000000000e+00
-1.235930621623992920e-01 -4.159764349460601807e-01 9.009373784065246582e-01 3.369133101764318017e+00
-9.861496090888977051e-01 -4.970983043313026428e-02 -1.582345813512802124e-01 -2.039801694198410120e-01
1.106071770191192627e-01 -9.080154895782470703e-01 -4.040712118148803711e-01 -1.349514585320333637e+00
0.000000000000000000e+00 0.000000000000000000e+00 0.000000000000000000e+00 1.000000000000000000e+00
-1.940137892961502075e-01 -3.119033575057983398e-01 9.300939440727233887e-01 3.495094356965307902e+00
-9.750295877456665039e-01 -4.312002658843994141e-02 -2.178473919630050659e-01 -4.251864757214757207e-01
1.080529838800430298e-01 -9.491343498229980469e-01 -2.957490980625152588e-01 -9.612522517759747309e-01
0.000000000000000000e+00 0.000000000000000000e+00 0.000000000000000000e+00 1.000000000000000000e+00
-2.754023671150207520e-01 -1.806941181421279907e-01 9.441944360733032227e-01 3.583213772658452978e+00
-9.595130681991577148e-01 -8.673578500747680664e-03 -2.815304994583129883e-01 -6.722920210838999600e-01
5.906038731336593628e-02 -9.835010766983032227e-01 -1.709897816181182861e-01 -4.741636079849654295e-01
0.000000000000000000e+00 0.000000000000000000e+00 0.000000000000000000e+00 1.000000000000000000e+00
-1.776965111494064331e-01 8.363637328147888184e-01 5.185747742652893066e-01 1.952508731593506131e+00
-9.467692375183105469e-01 -1.559082418680191040e-03 -3.219088017940521240e-01 -8.017303929871307799e-01
-2.684241831302642822e-01 -5.481730699539184570e-01 7.921203970909118652e-01 3.225564397167814068e+00
0.000000000000000000e+00 0.000000000000000000e+00 0.000000000000000000e+00 1.000000000000000000e+00
-1.663514524698257446e-01 8.766701817512512207e-01 4.514176249504089355e-01 1.688762499107047566e+00
-9.679055809974670410e-01 -5.771489441394805908e-02 -2.445971667766571045e-01 -5.143772185647036421e-01
-1.883774101734161377e-01 -4.776187241077423096e-01 8.581342697143554688e-01 3.411749887576879914e+00
0.000000000000000000e+00 0.000000000000000000e+00 0.000000000000000000e+00 1.000000000000000000e+00
-8.591369539499282837e-02 8.575336337089538574e-01 5.072022080421447754e-01 1.811475130522337551e+00
-9.890431165695190430e-01 -1.206674613058567047e-02 -1.471311748027801514e-01 -1.285300891872993845e-01
-1.200497746467590332e-01 -5.142856240272521973e-01 8.491744399070739746e-01 3.330229405912429552e+00
0.000000000000000000e+00 0.000000000000000000e+00 0.000000000000000000e+00 1.000000000000000000e+00
2.339475043118000031e-02 8.549655079841613770e-01 5.181561112403869629e-01 1.742576695807100062e+00
-9.989398717880249023e-01 4.054186493158340454e-02 -2.179311960935592651e-02 3.632029758219770255e-01
-3.963948413729667664e-02 -5.170971155166625977e-01 8.550081253051757812e-01 3.289876083259314132e+00
0.000000000000000000e+00 0.000000000000000000e+00 0.000000000000000000e+00 1.000000000000000000e+00
4.907552152872085571e-02 8.615739941596984863e-01 5.052534937858581543e-01 1.665152110172526845e+00
-9.949020147323608398e-01 -2.449603052809834480e-03 1.008124798536300659e-01 8.234257559831430484e-01
8.809512853622436523e-02 -5.076254606246948242e-01 8.570620417594909668e-01 3.197661977985785331e+00
0.000000000000000000e+00 0.000000000000000000e+00 0.000000000000000000e+00 1.000000000000000000e+00
2.649800479412078857e-02 8.756363391876220703e-01 4.822436869144439697e-01 1.623150777511513709e+00
-9.833382368087768555e-01 -6.395649164915084839e-02 1.701612621545791626e-01 9.806892050383834158e-01
1.798421591520309448e-01 -4.787174761295318604e-01 8.593522906303405762e-01 3.165381525942366103e+00
0.000000000000000000e+00 0.000000000000000000e+00 0.000000000000000000e+00 1.000000000000000000e+00
-4.154095426201820374e-02 8.779153227806091309e-01 4.770091772079467773e-01 1.689446038919986348e+00
-9.955852627754211426e-01 -7.658972591161727905e-02 5.425787717103958130e-02 5.447583285130275232e-01
8.416784554719924927e-02 -4.726499021053314209e-01 8.772217035293579102e-01 3.407976458261579022e+00
0.000000000000000000e+00 0.000000000000000000e+00 0.000000000000000000e+00 1.000000000000000000e+00
-4.125593230128288269e-02 8.786368370056152344e-01 4.757052361965179443e-01 1.663232649028628440e+00
-9.916407465934753418e-01 2.224967256188392639e-02 -1.270962804555892944e-01 -1.205481223925515266e-01
-1.222557574510574341e-01 -4.769722521305084229e-01 8.703742027282714844e-01 3.590985194804762859e+00
0.000000000000000000e+00 0.000000000000000000e+00 0.000000000000000000e+00 1.000000000000000000e+00
1.311007738113403320e-01 8.663332462310791016e-01 4.819534122943878174e-01 1.528909664739251939e+00
-9.850525259971618652e-01 1.686270684003829956e-01 -3.516139835119247437e-02 2.131001276658024135e-01
-1.117319390177726746e-01 -4.701397716999053955e-01 8.754910826683044434e-01 3.626016006993133534e+00
0.000000000000000000e+00 0.000000000000000000e+00 0.000000000000000000e+00 1.000000000000000000e+00
2.368844151496887207e-01 8.185920119285583496e-01 5.232520103454589844e-01 1.509997534831638344e+00
-9.433724284172058105e-01 3.225489258766174316e-01 -7.752653211355209351e-02 4.335502144926565299e-02
-2.322370707988739014e-01 -4.752567708492279053e-01 8.486440181732177734e-01 3.582624155116086229e+00
0.000000000000000000e+00 0.000000000000000000e+00 0.000000000000000000e+00 1.000000000000000000e+00
3.462143838405609131e-01 7.470757961273193359e-01 5.674620270729064941e-01 1.504145048339463608e+00
-9.068482518196105957e-01 4.214536845684051514e-01 -1.575766713358461857e-03 3.011524346058807589e-01
-2.403363436460494995e-01 -5.140565037727355957e-01 8.233976364135742188e-01 3.425451362122773791e+00
0.000000000000000000e+00 0.000000000000000000e+00 0.000000000000000000e+00 1.000000000000000000e+00
3.633950948715209961e-01 7.423033118247985840e-01 5.629653930664062500e-01 1.463352405720846017e+00
-9.189664125442504883e-01 3.849213719367980957e-01 8.565255999565124512e-02 6.380659079023381919e-01
-1.531172841787338257e-01 -5.484718084335327148e-01 8.220299482345581055e-01 3.325578715465545621e+00
0.000000000000000000e+00 0.000000000000000000e+00 0.000000000000000000e+00 1.000000000000000000e+00
3.760465085506439209e-01 7.314106822013854980e-01 5.688825249671936035e-01 1.478472664870903230e+00
-9.235005974769592285e-01 3.460179567337036133e-01 1.655840277671813965e-01 9.317687983581223188e-01
-7.573374360799789429e-02 -5.876305699348449707e-01 8.055773377418518066e-01 3.190933781511375855e+00
0.000000000000000000e+00 0.000000000000000000e+00 0.000000000000000000e+00 1.000000000000000000e+00
5.419604778289794922e-01 6.254590153694152832e-01 5.613192915916442871e-01 1.389653680821550497e+00
-8.374593853950500488e-01 4.577964246273040771e-01 2.984696328639984131e-01 1.350421077589842200e+00
-7.028955221176147461e-02 -6.318408846855163574e-01 7.719040513038635254e-01 3.053261348728642410e+00
0.000000000000000000e+00 0.000000000000000000e+00 0.000000000000000000e+00 1.000000000000000000e+00
6.884533762931823730e-01 4.393979907035827637e-01 5.770279169082641602e-01 1.391409840409029153e+00
-7.081282734870910645e-01 5.792239308357238770e-01 4.037990868091583252e-01 1.701151456796216266e+00
-1.567999422550201416e-01 -6.866066455841064453e-01 7.099187970161437988e-01 2.993010571631712580e+00
0.000000000000000000e+00 0.000000000000000000e+00 0.000000000000000000e+00 1.000000000000000000e+00
7.146592736244201660e-01 3.574019968509674072e-01 6.012703180313110352e-01 1.432308650583060450e+00
-6.453255414962768555e-01 6.685168743133544922e-01 3.696482181549072266e-01 1.557067262006182728e+00
-2.698464393615722656e-01 -6.521876454353332520e-01 7.084023952484130859e-01 3.113100209498561366e+00
0.000000000000000000e+00 0.000000000000000000e+00 0.000000000000000000e+00 1.000000000000000000e+00
7.607585191726684570e-01 2.768394649028778076e-01 5.870316624641418457e-01 1.434881317952636515e+00
-5.696700215339660645e-01 7.182143926620483398e-01 3.995546102523803711e-01 1.580233505177228048e+00
-3.110021650791168213e-01 -6.383789777755737305e-01 7.040948271751403809e-01 3.089018443512001610e+00
0.000000000000000000e+00 0.000000000000000000e+00 0.000000000000000000e+00 1.000000000000000000e+00
7.556750178337097168e-01 2.628714740276336670e-01 5.998781323432922363e-01 1.562022739283000616e+00
-5.369068384170532227e-01 7.731757164001464844e-01 3.375372886657714844e-01 1.262960297145094835e+00
-3.750818073749542236e-01 -5.771470665931701660e-01 7.254067063331604004e-01 3.214823894378422864e+00
0.000000000000000000e+00 0.000000000000000000e+00 0.000000000000000000e+00 1.000000000000000000e+00
7.468611001968383789e-01 3.631278276443481445e-01 5.570787191390991211e-01 1.497744489077458718e+00
-5.801639556884765625e-01 7.652219533920288086e-01 2.790068984031677246e-01 1.003888280870640415e+00
-3.249736726284027100e-01 -5.315766334533691406e-01 7.821882367134094238e-01 3.387297913945793493e+00
0.000000000000000000e+00 0.000000000000000000e+00 0.000000000000000000e+00 1.000000000000000000e+00
8.189794421195983887e-01 2.066391706466674805e-01 5.353251099586486816e-01 1.465164665209764738e+00
-5.259557366371154785e-01 6.433416008949279785e-01 5.563110113143920898e-01 2.023441685046388994e+00
-2.294413894414901733e-01 -7.371644377708435059e-01 6.355665326118469238e-01 2.917217622761912654e+00
0.000000000000000000e+00 0.000000000000000000e+00 0.000000000000000000e+00 1.000000000000000000e+00
8.532705307006835938e-01 1.148368492722511292e-01 5.086666345596313477e-01 1.361715068154721653e+00
-4.718349874019622803e-01 5.853619575500488281e-01 6.593348979949951172e-01 2.412707439869348658e+00
-2.220383435487747192e-01 -8.025978207588195801e-01 5.536561608314514160e-01 2.607264547030598401e+00
0.000000000000000000e+00 0.000000000000000000e+00 0.000000000000000000e+00 1.000000000000000000e+00
8.801284432411193848e-01 4.847371205687522888e-02 4.722543358802795410e-01 1.218479955283105376e+00
-4.268889427185058594e-01 5.160312652587890625e-01 7.426149845123291016e-01 2.735662421790349796e+00
-2.077008038759231567e-01 -8.551968932151794434e-01 4.748668074607849121e-01 2.299611308733437998e+00
0.000000000000000000e+00 0.000000000000000000e+00 0.000000000000000000e+00 1.000000000000000000e+00
8.836681842803955078e-01 -1.181818544864654541e-01 4.529498219490051270e-01 1.167161385534982943e+00
-3.688772916793823242e-01 4.199209809303283691e-01 8.292136788368225098e-01 3.071769081988139138e+00
-2.882012426853179932e-01 -8.998326659202575684e-01 3.274762034416198730e-01 1.789031542157820232e+00
0.000000000000000000e+00 0.000000000000000000e+00 0.000000000000000000e+00 1.000000000000000000e+00
9.368441700935363770e-01 3.167281150817871094e-01 1.483451724052429199e-01 -7.729024889974342449e-02
-2.501155436038970947e-01 3.102414608001708984e-01 9.171652793884277344e-01 3.336075279389433490e+00
2.444692403078079224e-01 -8.963443636894226074e-01 3.698665797710418701e-01 1.574970691505361842e+00
0.000000000000000000e+00 0.000000000000000000e+00 0.000000000000000000e+00 1.000000000000000000e+00
9.766662716865539551e-01 1.426911503076553345e-01 1.605062931776046753e-01 -2.213859791059035950e-02
-1.905362755060195923e-01 2.308774739503860474e-01 9.541444182395935059e-01 3.443490303579145539e+00
9.909065812826156616e-02 -9.624629020690917969e-01 2.526780664920806885e-01 1.210554349246579342e+00
0.000000000000000000e+00 0.000000000000000000e+00 0.000000000000000000e+00 1.000000000000000000e+00
9.812499880790710449e-01 1.412700265645980835e-01 1.311149448156356812e-01 -1.339229539833154958e-01
-1.482868492603302002e-01 1.187774389982223511e-01 9.817855358123779297e-01 3.519130550413074321e+00
1.231233626604080200e-01 -9.828196167945861816e-01 1.374988555908203125e-01 7.348364057553017359e-01
0.000000000000000000e+00 0.000000000000000000e+00 0.000000000000000000e+00 1.000000000000000000e+00
9.667761325836181641e-01 2.220771908760070801e-01 1.265919655561447144e-01 -1.668902097164275955e-01
-1.431175321340560913e-01 5.990494042634963989e-02 9.878913760185241699e-01 3.526333053888292657e+00
2.118045985698699951e-01 -9.731870889663696289e-01 8.969783782958984375e-02 4.799943737544121181e-01
0.000000000000000000e+00 0.000000000000000000e+00 0.000000000000000000e+00 1.000000000000000000e+00
9.945323467254638672e-01 -2.945694513618946075e-02 1.001899838447570801e-01 -2.456806146680329261e-01
-1.009637564420700073e-01 -2.606832049787044525e-02 9.945487976074218750e-01 3.512153135943326898e+00
-2.668460272252559662e-02 -9.992261528968811035e-01 -2.889985218644142151e-02 1.473497173245864600e-01
0.000000000000000000e+00 0.000000000000000000e+00 0.000000000000000000e+00 1.000000000000000000e+00
9.869310855865478516e-01 1.372341662645339966e-01 8.446379005908966064e-02 -3.140711772340576413e-01
-6.783764064311981201e-02 -1.216151863336563110e-01 9.902566075325012207e-01 3.449789693433637616e+00
1.461690366268157959e-01 -9.830443263053894043e-01 -1.107161268591880798e-01 -3.045825681276519425e-01
0.000000000000000000e+00 0.000000000000000000e+00 0.000000000000000000e+00 1.000000000000000000e+00
9.841526150703430176e-01 -5.273242294788360596e-02 1.693003475666046143e-01 -2.814088880547794755e-02
-1.755811423063278198e-01 -1.563111692667007446e-01 9.719763994216918945e-01 3.477370162950873311e+00
-2.479117922484874725e-02 -9.862989187240600586e-01 -1.630928367376327515e-01 -2.745355341650310144e-01
0.000000000000000000e+00 0.000000000000000000e+00 0.000000000000000000e+00 1.000000000000000000e+00
7.327598929405212402e-01 -6.747313737869262695e-01 8.832094073295593262e-02 -2.717638360194026687e-02
-2.680105268955230713e-01 -1.668567359447479248e-01 9.488567709922790527e-01 3.503108556441711929e+00
-6.254864335060119629e-01 -7.189548015594482422e-01 -3.031009733676910400e-01 -3.935737728421783710e-01
0.000000000000000000e+00 0.000000000000000000e+00 0.000000000000000000e+00 1.000000000000000000e+00
4.796879589557647705e-01 -8.769536018371582031e-01 -2.919420041143894196e-02 -1.519791833785002766e-01
-3.720383644104003906e-01 -2.334105074405670166e-01 8.983912467956542969e-01 3.495311445716206222e+00
-7.946614027023315430e-01 -4.200861752033233643e-01 -4.382246136665344238e-01 -8.043873619283543608e-01
0.000000000000000000e+00 0.000000000000000000e+00 0.000000000000000000e+00 1.000000000000000000e+00
9.150769710540771484e-01 -2.654346525669097900e-01 3.036088347434997559e-01 5.602061677709460064e-01
-3.834908902645111084e-01 -3.398105502128601074e-01 8.587563633918762207e-01 3.414727858258295612e+00
-1.247742623090744019e-01 -9.022598862648010254e-01 -4.127447307109832764e-01 -1.016787190153380260e+00
0.000000000000000000e+00 0.000000000000000000e+00 0.000000000000000000e+00 1.000000000000000000e+00
8.835221529006958008e-01 -1.683679372072219849e-01 4.370827078819274902e-01 1.041574474376782744e+00
-4.659984409809112549e-01 -4.101429581642150879e-01 7.839819788932800293e-01 3.266591716669927870e+00
4.726888611912727356e-02 -8.963451385498046875e-01 -4.408294856548309326e-01 -1.271103468700066408e+00
0.000000000000000000e+00 0.000000000000000000e+00 0.000000000000000000e+00 1.000000000000000000e+00
8.703176379203796387e-01 -1.565832942724227905e-01 4.669361114501953125e-01 1.163676383823553095e+00
-4.777618348598480225e-01 -4.985756576061248779e-01 7.233018279075622559e-01 3.058267533358283607e+00
1.195459067821502686e-01 -8.525867462158203125e-01 -5.087289214134216309e-01 -1.604942003850382770e+00
0.000000000000000000e+00 0.000000000000000000e+00 0.000000000000000000e+00 1.000000000000000000e+00
8.567087054252624512e-01 -1.368077993392944336e-01 4.973261952400207520e-01 1.279065694464363689e+00
-4.770144224166870117e-01 -5.769590735435485840e-01 6.630049943923950195e-01 2.868716393562664280e+00
1.962326020002365112e-01 -8.052338957786560059e-01 -5.595450401306152344e-01 -1.818841879670444639e+00
0.000000000000000000e+00 0.000000000000000000e+00 0.000000000000000000e+00 1.000000000000000000e+00
8.403452038764953613e-01 -9.301518648862838745e-02 5.340111851692199707e-01 1.383699507872080181e+00
-4.464303255081176758e-01 -6.775304079055786133e-01 5.845099687576293945e-01 2.591438278859089284e+00
3.074405193328857422e-01 -7.295891046524047852e-01 -6.108844280242919922e-01 -2.086139037715647682e+00
0.000000000000000000e+00 0.000000000000000000e+00 0.000000000000000000e+00 1.000000000000000000e+00
8.237010836601257324e-01 -1.086264029145240784e-01 5.565220713615417480e-01 1.486121382308728478e+00
-4.458374381065368652e-01 -7.305046319961547852e-01 5.172918438911437988e-01 2.364909634442637021e+00
3.503504991531372070e-01 -6.742125153541564941e-01 -6.501477956771850586e-01 -2.275346511755593770e+00
0.000000000000000000e+00 0.000000000000000000e+00 0.000000000000000000e+00 1.000000000000000000e+00
7.959718108177185059e-01 -1.510398238897323608e-01 5.861870646476745605e-01 1.638044913556534254e+00
-4.538200497627258301e-01 -7.897394895553588867e-01 4.127448201179504395e-01 2.010343779947018739e+00
4.005940258502960205e-01 -5.945572853088378906e-01 -6.971555352210998535e-01 -2.508733476841807697e+00
0.000000000000000000e+00 0.000000000000000000e+00 0.000000000000000000e+00 1.000000000000000000e+00
7.663412094116210938e-01 -2.096198350191116333e-01 6.072727441787719727e-01 1.761303032492739895e+00
-4.579688012599945068e-01 -8.411700725555419922e-01 2.875718474388122559e-01 1.572748175470786158e+00
4.505385756492614746e-01 -4.984900653362274170e-01 -7.406224608421325684e-01 -2.733557235774247918e+00
0.000000000000000000e+00 0.000000000000000000e+00 0.000000000000000000e+00 1.000000000000000000e+00
7.391777634620666504e-01 -2.715798020362854004e-01 6.163282394409179688e-01 1.840823220897238599e+00
-4.638034105300903320e-01 -8.687986135482788086e-01 1.734217554330825806e-01 1.170557899575641603e+00
4.883674383163452148e-01 -4.140448868274688721e-01 -7.681564092636108398e-01 -2.893490557558242138e+00
0.000000000000000000e+00 0.000000000000000000e+00 0.000000000000000000e+00 1.000000000000000000e+00
7.193576097488403320e-01 -3.577747642993927002e-01 5.954173207283020020e-01 1.802928642311542484e+00
-4.448531270027160645e-01 -8.956029415130615234e-01 -6.983068888075649738e-04 5.423818384485643573e-01
5.335071682929992676e-01 -2.643708288669586182e-01 -8.034160733222961426e-01 -3.085634529664968984e+00
0.000000000000000000e+00 0.000000000000000000e+00 0.000000000000000000e+00 1.000000000000000000e+00
7.103307247161865234e-01 -3.994726538658142090e-01 5.795274376869201660e-01 1.734251677253296098e+00
-3.778034448623657227e-01 -9.110766053199768066e-01 -1.649359762668609619e-01 -1.212351522915247060e-01
5.938813090324401855e-01 -1.017885208129882812e-01 -7.980877161026000977e-01 -3.080991422614899999e+00
0.000000000000000000e+00 0.000000000000000000e+00 0.000000000000000000e+00 1.000000000000000000e+00
7.077088356018066406e-01 -4.206539094448089600e-01 5.676257014274597168e-01 1.675990680070733152e+00
-3.022246360778808594e-01 -9.064586162567138672e-01 -2.949448525905609131e-01 -6.643015337396054321e-01
6.385990381240844727e-01 3.718451410531997681e-02 -7.686407566070556641e-01 -3.002538080262366016e+00
0.000000000000000000e+00 0.000000000000000000e+00 0.000000000000000000e+00 1.000000000000000000e+00
6.940271854400634766e-01 -4.508059322834014893e-01 5.613375902175903320e-01 1.652515585829393840e+00
-2.406930923461914062e-01 -8.801145553588867188e-01 -4.092248976230621338e-01 -1.119895684244622602e+00
6.785226464271545410e-01 1.489031314849853516e-01 -7.193295955657958984e-01 -2.847708039835184834e+00
0.000000000000000000e+00 0.000000000000000000e+00 0.000000000000000000e+00 1.000000000000000000e+00
6.929689049720764160e-01 -4.781296849250793457e-01 5.396169424057006836e-01 1.572680858806989601e+00
-1.674783527851104736e-01 -8.347424268722534180e-01 -5.245533585548400879e-01 -1.611589431926660820e+00
7.012454867362976074e-01 2.731247842311859131e-01 -6.585267186164855957e-01 -2.647820730180369786e+00
0.000000000000000000e+00 0.000000000000000000e+00 0.000000000000000000e+00 1.000000000000000000e+00
6.754821538925170898e-01 -5.100525617599487305e-01 5.325123071670532227e-01 1.555393299317117117e+00
-1.018094420433044434e-01 -7.797675132751464844e-01 -6.177355647087097168e-01 -2.021296405215074365e+00
7.303135395050048828e-01 3.630544841289520264e-01 -5.786470174789428711e-01 -2.375228120609058191e+00
0.000000000000000000e+00 0.000000000000000000e+00 0.000000000000000000e+00 1.000000000000000000e+00
6.890504360198974609e-01 -5.162678360939025879e-01 5.086025595664978027e-01 1.458520230800178341e+00
-3.247800096869468689e-02 -7.230916619300842285e-01 -6.899882555007934570e-01 -2.354658737515377798e+00
7.239851355552673340e-01 4.589183926582336426e-01 -5.150140523910522461e-01 -2.153185917158468854e+00
0.000000000000000000e+00 0.000000000000000000e+00 0.000000000000000000e+00 1.000000000000000000e+00
6.956188678741455078e-01 -5.272767543792724609e-01 4.879480004310607910e-01 1.379473315296922742e+00
1.623158715665340424e-02 -6.674963235855102539e-01 -7.444362640380859375e-01 -2.611104227067875261e+00
7.182273864746093750e-01 5.257640480995178223e-01 -4.557647407054901123e-01 -1.954104860465057936e+00
0.000000000000000000e+00 0.000000000000000000e+00 0.000000000000000000e+00 1.000000000000000000e+00
7.531488537788391113e-01 -4.945833981037139893e-01 4.337677061557769775e-01 1.138256406823991540e+00
6.431355327367782593e-02 -6.008567214012145996e-01 -7.967655062675476074e-01 -2.860414774316781372e+00
6.546986103057861328e-01 6.279801130294799805e-01 -4.207259416580200195e-01 -1.823279028557008408e+00
0.000000000000000000e+00 0.000000000000000000e+00 0.000000000000000000e+00 1.000000000000000000e+00
7.924346327781677246e-01 -4.795225262641906738e-01 3.769684433937072754e-01 8.998088169880502640e-01
1.036175265908241272e-01 -5.032122731208801270e-01 -8.579276800155639648e-01 -3.166857771422197487e+00
6.010912656784057617e-01 7.189127206802368164e-01 -3.490760326385498047e-01 -1.565244127972003962e+00
0.000000000000000000e+00 0.000000000000000000e+00 0.000000000000000000e+00 1.000000000000000000e+00
8.250220417976379395e-01 -4.682466983795166016e-01 3.163607418537139893e-01 6.683843143526753128e-01
1.258322894573211670e-01 -3.935518562793731689e-01 -9.106497168540954590e-01 -3.420903288232593376e+00
5.509129166603088379e-01 7.911143898963928223e-01 -2.657684981822967529e-01 -1.243432601645794389e+00
0.000000000000000000e+00 0.000000000000000000e+00 0.000000000000000000e+00 1.000000000000000000e+00
8.775253891944885254e-01 -3.919665515422821045e-01 2.762450873851776123e-01 4.749658576186843728e-01
1.593461185693740845e-01 -3.049875199794769287e-01 -9.389311075210571289e-01 -3.569193165956397795e+00
4.522807896137237549e-01 8.679541945457458496e-01 -2.051758468151092529e-01 -9.832262643227123178e-01
0.000000000000000000e+00 0.000000000000000000e+00 0.000000000000000000e+00 1.000000000000000000e+00
9.034631252288818359e-01 -3.411757051944732666e-01 2.595266997814178467e-01 3.834130590174314457e-01
1.954983025789260864e-01 -2.108611315488815308e-01 -9.577671885490417480e-01 -3.691099716760211535e+00
3.814908266067504883e-01 9.160439372062683105e-01 -1.238059923052787781e-01 -6.559780887921917714e-01
0.000000000000000000e+00 0.000000000000000000e+00 0.000000000000000000e+00 1.000000000000000000e+00
9.438957571983337402e-01 -2.329880148172378540e-01 2.340465933084487915e-01 2.492704173835677828e-01
2.124164253473281860e-01 -1.143232733011245728e-01 -9.704688787460327148e-01 -3.775719050123259812e+00
2.528645992279052734e-01 9.657365679740905762e-01 -5.841875076293945312e-02 -3.294319160606063446e-01
0.000000000000000000e+00 0.000000000000000000e+00 0.000000000000000000e+00 1.000000000000000000e+00
9.815182089805603027e-01 -3.040938079357147217e-02 1.889375150203704834e-01 1.096948993036971597e-02
1.882112473249435425e-01 -2.522219717502593994e-02 -9.818047285079956055e-01 -3.846443877021481050e+00
3.462150692939758301e-02 9.992192387580871582e-01 -1.903270557522773743e-02 -9.999386951713165606e-03
0.000000000000000000e+00 0.000000000000000000e+00 0.000000000000000000e+00 1.000000000000000000e+00
9.582400918006896973e-01 -2.349728494882583618e-01 1.629843562841415405e-01 -7.571333323698896389e-02
1.821872591972351074e-01 6.232534348964691162e-02 -9.812864661216735840e-01 -3.894742876037710300e+00
2.204176634550094604e-01 9.700016975402832031e-01 1.025317385792732239e-01 3.797117927943409188e-01
0.000000000000000000e+00 0.000000000000000000e+00 0.000000000000000000e+00 1.000000000000000000e+00
9.829272031784057617e-01 1.063721906393766403e-02 1.836859434843063354e-01 1.543138247665911712e-02
1.814230084419250488e-01 1.102678030729293823e-01 -9.772033691406250000e-01 -3.902750253674911463e+00
-3.064937703311443329e-02 9.938451051712036133e-01 1.064554154872894287e-01 6.345428805748265511e-01
0.000000000000000000e+00 0.000000000000000000e+00 0.000000000000000000e+00 1.000000000000000000e+00
9.889122247695922852e-01 2.365126833319664001e-02 1.466048508882522583e-01 -1.108211050539769649e-01
1.446245163679122925e-01 7.069048285484313965e-02 -9.869582653045654297e-01 -3.915657195054479178e+00
-3.370634466409683228e-02 9.972178339958190918e-01 6.648613512516021729e-02 4.536801591553968893e-01
0.000000000000000000e+00 0.000000000000000000e+00 0.000000000000000000e+00 1.000000000000000000e+00
9.198711514472961426e-01 -3.840529918670654297e-01 7.962666451930999756e-02 -3.126813905052160392e-01
5.802467837929725647e-02 -6.753031164407730103e-02 -9.960284829139709473e-01 -3.868539482442154398e+00
3.879050910472869873e-01 9.208382368087768555e-01 -3.983463719487190247e-02 -2.511523455225946333e-01
0.000000000000000000e+00 0.000000000000000000e+00 0.000000000000000000e+00 1.000000000000000000e+00
8.370048999786376953e-01 -5.418263077735900879e-01 7.646606862545013428e-02 -2.484249856529998912e-01
-3.652168810367584229e-02 -1.947466135025024414e-01 -9.801732897758483887e-01 -3.719110716396640370e+00
5.459752678871154785e-01 8.176169991493225098e-01 -1.827924102544784546e-01 -8.917001799602404244e-01
0.000000000000000000e+00 0.000000000000000000e+00 0.000000000000000000e+00 1.000000000000000000e+00
7.891276478767395020e-01 -6.108958125114440918e-01 6.390828639268875122e-02 -2.172517957195723437e-01
-1.675199717283248901e-01 -3.141538798809051514e-01 -9.344750642776489258e-01 -3.423148318389764633e+00
5.909445285797119141e-01 7.267144918441772461e-01 -3.502448201179504395e-01 -1.544811527002931451e+00
0.000000000000000000e+00 0.000000000000000000e+00 0.000000000000000000e+00 1.000000000000000000e+00
9.476870298385620117e-01 -2.034576833248138428e-01 -2.459549903869628906e-01 -1.407357884013330507e+00
-3.096743524074554443e-01 -3.991877436637878418e-01 -8.629896044731140137e-01 -3.018712322937738168e+00
7.739970088005065918e-02 8.940100669860839844e-01 -4.413106739521026611e-01 -1.598575742223974139e+00
0.000000000000000000e+00 0.000000000000000000e+00 0.000000000000000000e+00 1.000000000000000000e+00
8.949501514434814453e-01 -3.261025547981262207e-01 -3.045029342174530029e-01 -1.533975189213803603e+00
-4.373189508914947510e-01 -5.059018135070800781e-01 -7.435157895088195801e-01 -2.458718108614338593e+00
8.841378241777420044e-02 7.985741496086120605e-01 -5.953676104545593262e-01 -2.163016584679956722e+00
0.000000000000000000e+00 0.000000000000000000e+00 0.000000000000000000e+00 1.000000000000000000e+00
8.156108856201171875e-01 -4.699713885784149170e-01 -3.374989926815032959e-01 -1.534953964452754782e+00
-5.739495754241943359e-01 -5.833472609519958496e-01 -5.747070908546447754e-01 -1.737657199382919293e+00
7.321695983409881592e-02 6.624445915222167969e-01 -7.455242276191711426e-01 -2.660965686809980468e+00
0.000000000000000000e+00 0.000000000000000000e+00 0.000000000000000000e+00 1.000000000000000000e+00
7.390778064727783203e-01 -5.658088922500610352e-01 -3.655464053153991699e-01 -1.514562899816238151e+00
-6.734912395477294922e-01 -6.100661158561706543e-01 -4.174064993858337402e-01 -1.099679296259748584e+00
1.316506788134574890e-02 5.546884536743164062e-01 -8.319540619850158691e-01 -2.915627871661399251e+00
0.000000000000000000e+00 0.000000000000000000e+00 0.000000000000000000e+00 1.000000000000000000e+00
6.606574654579162598e-01 -6.893703937530517578e-01 -2.971541583538055420e-01 -1.133046945663652716e+00
-7.506553530693054199e-01 -6.030097603797912598e-01 -2.699907422065734863e-01 -5.266419410264794321e-01
6.936846300959587097e-03 4.014318287372589111e-01 -9.158626198768615723e-01 -3.165568702595609629e+00
0.000000000000000000e+00 0.000000000000000000e+00 0.000000000000000000e+00 1.000000000000000000e+00
6.843568682670593262e-01 -6.806046366691589355e-01 -2.615964114665985107e-01 -1.010964942633522545e+00
-7.280224561691284180e-01 -6.577303409576416016e-01 -1.933225393295288086e-01 -2.159195813932350827e-01
-4.048363864421844482e-02 3.227497041225433350e-01 -9.456182122230529785e-01 -3.208758905057341959e+00
0.000000000000000000e+00 0.000000000000000000e+00 0.000000000000000000e+00 1.000000000000000000e+00
6.823804378509521484e-01 -6.835029721260070801e-01 -2.591927349567413330e-01 -9.988658053647070378e-01
-7.149105668067932129e-01 -6.979804039001464844e-01 -4.154983162879943848e-02 3.232352430444281333e-01
-1.525119096040725708e-01 2.136523723602294922e-01 -9.649313092231750488e-01 -3.156198381730793479e+00
0.000000000000000000e+00 0.000000000000000000e+00 0.000000000000000000e+00 1.000000000000000000e+00
6.612312197685241699e-01 -7.100485563278198242e-01 -2.420834153890609741e-01 -9.177417285337814423e-01
-7.259392142295837402e-01 -6.870053410530090332e-01 3.219216689467430115e-02 5.590681121284543087e-01
-1.891704648733139038e-01 1.544513255357742310e-01 -9.697212576866149902e-01 -3.116883984441368050e+00
0.000000000000000000e+00 0.000000000000000000e+00 0.000000000000000000e+00 1.000000000000000000e+00
6.516703367233276367e-01 -7.255682349205017090e-01 -2.210806310176849365e-01 -8.276651070625894446e-01
-7.280322313308715820e-01 -6.801156401634216309e-01 8.609198778867721558e-02 7.149475050899463113e-01
-2.128259092569351196e-01 1.048501804471015930e-01 -9.714483618736267090e-01 -3.077877059422815975e+00
0.000000000000000000e+00 0.000000000000000000e+00 0.000000000000000000e+00 1.000000000000000000e+00
5.615862607955932617e-01 -7.948501110076904297e-01 -2.298559546470642090e-01 -7.627883717333888702e-01
-7.601341605186462402e-01 -6.053424477577209473e-01 2.361282855272293091e-01 1.212013658540775252e+00
-3.268282115459442139e-01 4.211497306823730469e-02 -9.441450834274291992e-01 -2.911111269458202866e+00
0.000000000000000000e+00 0.000000000000000000e+00 0.000000000000000000e+00 1.000000000000000000e+00
5.533343553543090820e-01 -8.000397086143493652e-01 -2.318558692932128906e-01 -7.554650509589093677e-01
-6.741020679473876953e-01 -5.936165452003479004e-01 4.395517408847808838e-01 1.864512301590778742e+00
-4.892922341823577881e-01 -8.692445605993270874e-02 -8.677769303321838379e-01 -2.525425394981827498e+00
0.000000000000000000e+00 0.000000000000000000e+00 0.000000000000000000e+00 1.000000000000000000e+00
5.628281235694885254e-01 -7.917332053184509277e-01 -2.374505251646041870e-01 -7.958219929605049314e-01
-6.102591753005981445e-01 -5.917773246765136719e-01 5.266722440719604492e-01 2.133419897359658091e+00
-5.575018525123596191e-01 -1.515195816755294800e-01 -8.162314295768737793e-01 -2.285983949288268313e+00
0.000000000000000000e+00 0.000000000000000000e+00 0.000000000000000000e+00 1.000000000000000000e+00
6.228566765785217285e-01 -7.477923035621643066e-01 -2.299043983221054077e-01 -8.228379302898228831e-01
-4.947070479393005371e-01 -6.041266918182373047e-01 6.247364878654479980e-01 2.406086445049918421e+00
-6.060646176338195801e-01 -2.753859162330627441e-01 -7.462226152420043945e-01 -1.963563769192670394e+00
0.000000000000000000e+00 0.000000000000000000e+00 0.000000000000000000e+00 1.000000000000000000e+00
7.076101899147033691e-01 -6.790956854820251465e-01 -1.952351033687591553e-01 -7.768947824342246067e-01
