0.2648631930351257 0.9591301679611206 -0.09958308190107346 0.03376190736889839 
-0.9615399837493896 0.2704850137233734 0.04773691296577454 0.01664291508495808 
0.07272164523601532 0.08310936391353607 0.993883490562439 -0.3043234348297119 
0 0 0 1 

0.1898660957813263 0.973425567150116 -0.128037303686142 0.0447639524936676 
-0.973685085773468 0.2034294158220291 0.1027323603630066 -0.003858119016513228 
0.1260488629341125 0.1051626205444336 0.9864342212677002 -0.3029264211654663 
0 0 0 1 

0.1173027083277702 0.9840965867042542 -0.1333932876586914 0.04796557873487473 
-0.971351683139801 0.1416486650705338 0.1908175647258759 -0.03366121649742126 
0.2066779285669327 0.1071883887052536 0.9725198745727539 -0.2999445796012878 
0 0 0 1 

0.1895530074834824 0.9760062694549561 -0.1071503534913063 0.03901785239577293 
-0.9554609060287476 0.2084930539131165 0.2088659405708313 -0.03924738615751266 
0.2261945903301239 0.06278683990240097 0.97205650806427 -0.2978219389915466 
0 0 0 1 

0.2724771797657013 0.9550864100456238 -0.1164727061986923 0.03933581337332726 
-0.9403931498527527 0.2899582982063293 0.1777205020189285 -0.02724646404385567 
0.2035106867551804 0.0611054003238678 0.9771640300750732 -0.2967121601104736 
0 0 0 1 

0.3274376392364502 0.9377172589302063 -0.1160635873675346 0.03754815831780434 
-0.9349302649497986 0.3393112421035767 0.103793703019619 -0.0009700469672679901 
0.1367108374834061 0.07452541589736938 0.9878036975860596 -0.2963733375072479 
0 0 0 1 

0.3628824055194855 0.9201460480690002 -0.1471307277679443 0.04614951089024544 
-0.9293875098228455 0.3688252568244934 0.01437325309962034 0.03036728501319885 
0.06749100983142853 0.1315256804227829 0.989012598991394 -0.2928684651851654 
0 0 0 1 

0.3992971479892731 0.9013528227806091 -0.1677042990922928 0.05051855370402336 
-0.9168053269386292 0.3936391770839691 -0.0672011524438858 0.05806377157568932 
0.005443007219582796 0.1805854439735413 0.9835442304611206 -0.2873888611793518 
0 0 0 1 

0.4376723766326904 0.8861899375915527 -0.1520199477672577 0.02719776332378387 
-0.8607639074325562 0.4618271589279175 0.2140116691589355 -0.01424827147275209 
0.259861946105957 0.03718633577227592 0.9649295210838318 -0.3203658759593964 
0 0 0 1 

0.9796396493911743 0.06897647678852081 -0.1885428428649902 0.01728929579257965 
-0.08084183931350708 0.9951539635658264 -0.05597486719489098 0.0296516977250576 
0.1837682127952576 0.07007735222578049 0.9804684519767761 -0.2848100662231445 
0 0 0 1 

