1.000000000000000000e+00 0.000000000000000000e+00 0.000000000000000000e+00 -4.096739311332171507e-01
0.000000000000000000e+00 -1.000000000000000000e+00 0.000000000000000000e+00 -1.964994255000929863e-02
0.000000000000000000e+00 0.000000000000000000e+00 -1.000000000000000000e+00 -2.664639050480994698e+00
0.000000000000000000e+00 0.000000000000000000e+00 0.000000000000000000e+00 1.000000000000000000e+00
9.964436888694763184e-01 -8.013458549976348877e-02 -2.605631947517395020e-02 -4.668164435926952516e-01
-7.967530936002731323e-02 -9.966544508934020996e-01 1.821161992847919464e-02 6.523187213463693679e-02
-2.742853201925754547e-02 -1.607080549001693726e-02 -9.994944334030151367e-01 -2.714444811678023761e+00
0.000000000000000000e+00 0.000000000000000000e+00 0.000000000000000000e+00 1.000000000000000000e+00
9.853056073188781738e-01 -1.657769083976745605e-01 -4.111955687403678894e-02 -4.925141300008004652e-01
-1.635791361331939697e-01 -9.851555228233337402e-01 5.205790698528289795e-02 2.080266535324968580e-01
-4.913922399282455444e-02 -4.456660896539688110e-02 -9.977970123291015625e-01 -2.707027589905928178e+00
0.000000000000000000e+00 0.000000000000000000e+00 0.000000000000000000e+00 1.000000000000000000e+00
9.658390283584594727e-01 -2.555263638496398926e-01 -4.314127564430236816e-02 -4.766184277164504102e-01
-2.518075108528137207e-01 -9.647327661514282227e-01 7.670428603887557983e-02 3.247958475792809274e-01
-6.121979653835296631e-02 -6.322067230939865112e-02 -9.961200952529907227e-01 -2.703646793732129350e+00
0.000000000000000000e+00 0.000000000000000000e+00 0.000000000000000000e+00 1.000000000000000000e+00
9.363342523574829102e-01 -3.467988967895507812e-01 -5.485067516565322876e-02 -4.835117806070605706e-01
-3.386287093162536621e-01 -9.332447648048400879e-01 1.199362874031066895e-01 4.903519006135155789e-01
-9.278292208909988403e-02 -9.372641146183013916e-02 -9.912651777267456055e-01 -2.679606772228902756e+00
0.000000000000000000e+00 0.000000000000000000e+00 0.000000000000000000e+00 1.000000000000000000e+00
8.912969827651977539e-01 -4.513300359249114990e-01 -4.348266497254371643e-02 -4.207072554729415770e-01
-4.420976340770721436e-01 -8.863322734832763672e-01 1.377121955156326294e-01 5.787936471735667388e-01
-1.006937846541404724e-01 -1.035188511013984680e-01 -9.895173311233520508e-01 -2.682924102591407678e+00
0.000000000000000000e+00 0.000000000000000000e+00 0.000000000000000000e+00 1.000000000000000000e+00
8.433871269226074219e-01 -5.366321802139282227e-01 -2.690268494188785553e-02 -3.463109758442886599e-01
-5.258741378784179688e-01 -8.346809744834899902e-01 1.635964214801788330e-01 6.890225858896408262e-01
-1.102463379502296448e-01 -1.238276585936546326e-01 -9.861604571342468262e-01 -2.673591868948094419e+00
0.000000000000000000e+00 0.000000000000000000e+00 0.000000000000000000e+00 1.000000000000000000e+00
7.899560332298278809e-01 -6.131131052970886230e-01 -7.858664728701114655e-03 -2.630918619386782287e-01
-6.030368804931640625e-01 -7.791652083396911621e-01 1.710211783647537231e-01 7.433624964115814748e-01
-1.109785437583923340e-01 -1.303601264953613281e-01 -9.852358698844909668e-01 -2.679937622262561714e+00
0.000000000000000000e+00 0.000000000000000000e+00 0.000000000000000000e+00 1.000000000000000000e+00
7.204232811927795410e-01 -6.930432915687561035e-01 2.610709331929683685e-02 -1.193578382721006276e-01
-6.869286298751831055e-01 -7.078716754913330078e-01 1.644578725099563599e-01 7.535884252563225250e-01
-9.549593180418014526e-02 -1.364129632711410522e-01 -9.860383868217468262e-01 -2.692525100148635886e+00
0.000000000000000000e+00 0.000000000000000000e+00 0.000000000000000000e+00 1.000000000000000000e+00
6.452264785766601562e-01 -7.636924982070922852e-01 2.136331796646118164e-02 -8.574239524375196209e-02
-7.584873437881469727e-01 -6.369771957397460938e-01 1.376836895942687988e-01 6.998274333087068921e-01
-9.154007583856582642e-02 -1.050409525632858276e-01 -9.902455806732177734e-01 -2.719211094106200655e+00
0.000000000000000000e+00 0.000000000000000000e+00 0.000000000000000000e+00 1.000000000000000000e+00
5.471590161323547363e-01 -8.364872336387634277e-01 3.009629994630813599e-02 -4.298615608195748526e-03
-8.345804214477539062e-01 -5.424582362174987793e-01 9.599026292562484741e-02 5.936907976986991464e-01
-6.396865844726562500e-02 -7.763972133398056030e-02 -9.949271082878112793e-01 -2.765841357232051489e+00
0.000000000000000000e+00 0.000000000000000000e+00 0.000000000000000000e+00 1.000000000000000000e+00
4.587885439395904541e-01 -8.848444223403930664e-01 8.101021498441696167e-02 1.976888988143635228e-01
-8.884522318840026855e-01 -4.555095136165618896e-01 5.624847859144210815e-02 4.872608396651891827e-01
-1.287023723125457764e-02 -9.777987748384475708e-02 -9.951247572898864746e-01 -2.804724100428767741e+00
0.000000000000000000e+00 0.000000000000000000e+00 0.000000000000000000e+00 1.000000000000000000e+00
3.492142558097839355e-01 -9.319817423820495605e-01 9.725864976644515991e-02 2.875234095017186742e-01
-9.368649125099182129e-01 -3.492850661277770996e-01 1.685328409075737000e-02 3.492413949213025171e-01
1.826403848826885223e-02 -9.700362384319305420e-02 -9.951162934303283691e-01 -2.820378632630200499e+00
0.000000000000000000e+00 0.000000000000000000e+00 0.000000000000000000e+00 1.000000000000000000e+00
2.717068791389465332e-01 -9.554812908172607422e-01 1.150239035487174988e-01 3.649633749201043331e-01
-9.594553112983703613e-01 -2.782504856586456299e-01 -4.496924951672554016e-02 1.322995406809847618e-01
7.497271150350570679e-02 -9.814184159040451050e-02 -9.923443198204040527e-01 -2.815361522278257311e+00
0.000000000000000000e+00 0.000000000000000000e+00 0.000000000000000000e+00 1.000000000000000000e+00
1.959689855575561523e-01 -9.700183868408203125e-01 1.437370330095291138e-01 4.621753377706299126e-01
-9.715018272399902344e-01 -2.119836807250976562e-01 -1.060537323355674744e-01 -7.433793631537356783e-02
1.333439648151397705e-01 -1.188575401902198792e-01 -9.839170575141906738e-01 -2.800904286403800736e+00
0.000000000000000000e+00 0.000000000000000000e+00 0.000000000000000000e+00 1.000000000000000000e+00
1.139194741845130920e-01 -9.819651842117309570e-01 1.508874893188476562e-01 4.997635508783930258e-01
-9.710958600044250488e-01 -1.421247720718383789e-01 -1.917640715837478638e-01 -3.480703738815505432e-01
2.097504436969757080e-01 -1.246805265545845032e-01 -9.697729349136352539e-01 -2.772671382280522678e+00
0.000000000000000000e+00 0.000000000000000000e+00 0.000000000000000000e+00 1.000000000000000000e+00
1.848054826259613037e-01 -9.733861088752746582e-01 1.355234831571578979e-01 4.477822230609533882e-01
-9.548311829566955566e-01 -2.104853689670562744e-01 -2.097453624010086060e-01 -3.956164762582040084e-01
2.326888889074325562e-01 -9.063994884490966797e-02 -9.683183431625366211e-01 -2.748987045258852291e+00
0.000000000000000000e+00 0.000000000000000000e+00 0.000000000000000000e+00 1.000000000000000000e+00
2.773866057395935059e-01 -9.516479372978210449e-01 1.319964975118637085e-01 4.139343192525961612e-01
-9.367204904556274414e-01 -2.984218895435333252e-01 -1.830262243747711182e-01 -2.965855625606199641e-01
2.135671973228454590e-01 -7.287482172250747681e-02 -9.742065668106079102e-01 -2.743659780246498148e+00
0.000000000000000000e+00 0.000000000000000000e+00 0.000000000000000000e+00 1.000000000000000000e+00
3.282337784767150879e-01 -9.349002242088317871e-01 1.349953263998031616e-01 4.066537559285152703e-01
-9.336879849433898926e-01 -3.427695631980895996e-01 -1.036135852336883545e-01 -4.013528039514033252e-02
1.431407034397125244e-01 -9.203408658504486084e-02 -9.854136705398559570e-01 -2.741228763735629403e+00
0.000000000000000000e+00 0.000000000000000000e+00 0.000000000000000000e+00 1.000000000000000000e+00
3.599551618099212646e-01 -9.161012768745422363e-01 1.766087263822555542e-01 5.130373908182384035e-01
-9.300970435142517090e-01 -3.672015368938446045e-01 -9.062594734132289886e-03 2.657927520802270127e-01
7.315322011709213257e-02 -1.610011458396911621e-01 -9.842394590377807617e-01 -2.700051869429790585e+00
0.000000000000000000e+00 0.000000000000000000e+00 0.000000000000000000e+00 1.000000000000000000e+00
4.045182168483734131e-01 -8.961156010627746582e-01 1.825972944498062134e-01 5.107341337448871865e-01
-9.144647717475891113e-01 -3.987258672714233398e-01 6.907687336206436157e-02 5.089902227452726136e-01
1.090534590184688568e-02 -1.949216723442077637e-01 -9.807582497596740723e-01 -2.657660570621757756e+00
0.000000000000000000e+00 0.000000000000000000e+00 0.000000000000000000e+00 1.000000000000000000e+00
4.579209089279174805e-01 -8.625137805938720703e-01 2.153550982475280762e-01 5.735825675625807474e-01
-8.878818154335021973e-01 -4.316191375255584717e-01 1.592824161052703857e-01 7.678505037610502404e-01
-4.443199560046195984e-02 -2.641486525535583496e-01 -9.634579420089721680e-01 -2.561052636731764753e+00
0.000000000000000000e+00 0.000000000000000000e+00 0.000000000000000000e+00 1.000000000000000000e+00
5.329257249832153320e-01 -8.228846192359924316e-01 1.971072256565093994e-01 4.691229470314386973e-01
-8.411186933517456055e-01 -4.897805452346801758e-01 2.294229418039321899e-01 9.431981932324160489e-01
-9.224923700094223022e-02 -2.880558073520660400e-01 -9.531598687171936035e-01 -2.496662708037691303e+00
0.000000000000000000e+00 0.000000000000000000e+00 0.000000000000000000e+00 1.000000000000000000e+00
5.950192809104919434e-01 -7.801566123962402344e-01 1.931537091732025146e-01 4.182489941442125714e-01
-7.934597730636596680e-01 -5.319496393203735352e-01 2.957218289375305176e-01 1.094538490905709871e+00
-1.279613226652145386e-01 -3.292195498943328857e-01 -9.355428218841552734e-01 -2.413365210405904016e+00
0.000000000000000000e+00 0.000000000000000000e+00 0.000000000000000000e+00 1.000000000000000000e+00
6.720504164695739746e-01 -7.210925817489624023e-01 1.684460639953613281e-01 2.962600475490981267e-01
-7.211666703224182129e-01 -5.856932997703552246e-01 3.699756860733032227e-01 1.236788414864382180e+00
-1.681291013956069946e-01 -3.701196908950805664e-01 -9.136427640914916992e-01 -2.313980233364334893e+00
0.000000000000000000e+00 0.000000000000000000e+00 0.000000000000000000e+00 1.000000000000000000e+00
7.362774610519409180e-01 -6.584062576293945312e-01 1.561942547559738159e-01 2.281767880528917658e-01
-6.479444503784179688e-01 -6.194221973419189453e-01 4.432651102542877197e-01 1.371255912697708634e+00
-1.950983852148056030e-01 -4.275713264942169189e-01 -8.826773762702941895e-01 -2.183178575979010105e+00
0.000000000000000000e+00 0.000000000000000000e+00 0.000000000000000000e+00 1.000000000000000000e+00
7.589862346649169922e-01 -6.367961168289184570e-01 1.357584297657012939e-01 1.540074849303366966e-01
-5.989364385604858398e-01 -6.010496616363525391e-01 5.291635990142822266e-01 1.553839325517784697e+00
-2.553719580173492432e-01 -4.829385280609130859e-01 -8.375890254974365234e-01 -1.990908348787304272e+00
0.000000000000000000e+00 0.000000000000000000e+00 0.000000000000000000e+00 1.000000000000000000e+00
7.884840965270996094e-01 -5.987755060195922852e-01 1.405721306800842285e-01 1.387423103073489594e-01
-5.372938513755798340e-01 -5.593293309211730957e-01 6.312413811683654785e-01 1.796114127458855236e+00
-2.993459701538085938e-01 -5.732522606849670410e-01 -7.627408504486083984e-01 -1.735939556772509329e+00
0.000000000000000000e+00 0.000000000000000000e+00 0.000000000000000000e+00 1.000000000000000000e+00
8.093898296356201172e-01 -5.707055330276489258e-01 1.385035961866378784e-01 1.185246897507457320e-01
-4.865499436855316162e-01 -5.195850133895874023e-01 7.023534178733825684e-01 1.969995549735597873e+00
-3.288726508617401123e-01 -6.358666419982910156e-01 -6.982236504554748535e-01 -1.523203674975822652e+00
0.000000000000000000e+00 0.000000000000000000e+00 0.000000000000000000e+00 1.000000000000000000e+00
8.401681184768676758e-01 -5.271025896072387695e-01 1.275949031114578247e-01 6.109128657412211255e-02
-4.123273491859436035e-01 -4.680153727531433105e-01 7.816314697265625000e-01 2.160575378840404071e+00
-3.522835969924926758e-01 -7.093126773834228516e-01 -6.105503439903259277e-01 -1.288686464712200053e+00
0.000000000000000000e+00 0.000000000000000000e+00 0.000000000000000000e+00 1.000000000000000000e+00
8.685647845268249512e-01 -4.876935482025146484e-01 8.803557604551315308e-02 -6.236759202129490282e-02
-3.260163664817810059e-01 -4.285097420215606689e-01 8.426699042320251465e-01 2.295803086717708386e+00
-3.732406497001647949e-01 -7.606144547462463379e-01 -5.311846137046813965e-01 -1.091999568931053766e+00
0.000000000000000000e+00 0.000000000000000000e+00 0.000000000000000000e+00 1.000000000000000000e+00
8.871673345565795898e-01 -4.572605192661285400e-01 6.202347204089164734e-02 -1.299832395589619050e-01
-2.374132424592971802e-01 -3.370465338230133057e-01 9.110622406005859375e-01 2.420226430067989654e+00
-3.956880271434783936e-01 -8.229897618293762207e-01 -4.075764119625091553e-01 -7.807230813213177356e-01
0.000000000000000000e+00 0.000000000000000000e+00 0.000000000000000000e+00 1.000000000000000000e+00
8.716797232627868652e-01 -4.897879362106323242e-01 1.679838262498378754e-02 -2.802154379639784643e-01
-7.937179505825042725e-02 -1.072682365775108337e-01 9.910567402839660645e-01 2.587411657376598395e+00
-4.836058020591735840e-01 -8.652172684669494629e-01 -1.323788166046142578e-01 -7.732062967927955111e-02
0.000000000000000000e+00 0.000000000000000000e+00 0.000000000000000000e+00 1.000000000000000000e+00
8.677201867103576660e-01 -4.959074556827545166e-01 3.372726589441299438e-02 -2.183502758215877249e-01
-8.641829341650009155e-02 -8.369417488574981689e-02 9.927369952201843262e-01 2.594543834874490695e+00
-4.894830286502838135e-01 -8.643327355384826660e-01 -1.154786124825477600e-01 -8.756018297807560691e-02
0.000000000000000000e+00 0.000000000000000000e+00 0.000000000000000000e+00 1.000000000000000000e+00
8.292932510375976562e-01 -5.583310723304748535e-01 2.322134189307689667e-02 -2.094507824328906143e-01
-9.995919466018676758e-02 -1.073293685913085938e-01 9.891858696937561035e-01 2.588581635810887072e+00
-5.498007535934448242e-01 -8.226461410522460938e-01 -1.448177844285964966e-01 -1.433743284133399409e-01
0.000000000000000000e+00 0.000000000000000000e+00 0.000000000000000000e+00 1.000000000000000000e+00
8.090404272079467773e-01 -5.849238038063049316e-01 5.760153010487556458e-02 -1.182332948051633831e-01
-2.400715947151184082e-01 -2.394121289253234863e-01 9.407696127891540527e-01 2.516981163138888533e+00
-5.364878177642822266e-01 -7.749492526054382324e-01 -3.341175913810729980e-01 -5.447290492227154779e-01
0.000000000000000000e+00 0.000000000000000000e+00 0.000000000000000000e+00 1.000000000000000000e+00
8.277219533920288086e-01 -5.525488257408142090e-01 9.780570864677429199e-02 -2.631626906936388247e-02
-3.127538859844207764e-01 -3.095586001873016357e-01 8.979746103286743164e-01 2.433817771525748519e+00
-4.658982455730438232e-01 -7.738624215126037598e-01 -4.290402829647064209e-01 -8.013478833465760287e-01
0.000000000000000000e+00 0.000000000000000000e+00 0.000000000000000000e+00 1.000000000000000000e+00
8.154630661010742188e-01 -5.692601799964904785e-01 1.047035679221153259e-01 -1.100549779642102759e-02
-3.673983216285705566e-01 -3.692940175533294678e-01 8.536042571067810059e-01 2.344249575799806973e+00
-4.472565948963165283e-01 -7.345507144927978516e-01 -5.102908611297607422e-01 -1.015872811175977830e+00
0.000000000000000000e+00 0.000000000000000000e+00 0.000000000000000000e+00 1.000000000000000000e+00
8.297119140625000000e-01 -5.535327792167663574e-01 7.196865975856781006e-02 -1.355607288800289578e-01
-4.507147371768951416e-01 -5.883027315139770508e-01 6.713836789131164551e-01 1.985485898642596503e+00
-3.292935788631439209e-01 -5.894923806190490723e-01 -7.376072406768798828e-01 -1.659389026757891017e+00
0.000000000000000000e+00 0.000000000000000000e+00 0.000000000000000000e+00 1.000000000000000000e+00
8.318695425987243652e-01 -5.525140166282653809e-01 5.216506496071815491e-02 -1.999697145636349926e-01
-4.662589728832244873e-01 -6.448218822479248047e-01 6.056458950042724609e-01 1.808047907488601780e+00
-3.009908199310302734e-01 -5.281407833099365234e-01 -7.940224409103393555e-01 -1.825141858299425657e+00
0.000000000000000000e+00 0.000000000000000000e+00 0.000000000000000000e+00 1.000000000000000000e+00
8.577565550804138184e-01 -5.115871429443359375e-01 5.032123252749443054e-02 -2.108173669130357919e-01
-4.552191495895385742e-01 -7.104572653770446777e-01 5.366804003715515137e-01 1.610958279744048705e+00
-2.388077825307846069e-01 -4.832482933998107910e-01 -8.422836661338806152e-01 -1.973059279206649697e+00
0.000000000000000000e+00 0.000000000000000000e+00 0.000000000000000000e+00 1.000000000000000000e+00
8.698073625564575195e-01 -4.932335019111633301e-01 1.247663889080286026e-02 -2.980675428660426451e-01
-4.575553536415100098e-01 -7.969124317169189453e-01 3.944279551506042480e-01 1.233386647379025369e+00
-1.846024394035339355e-01 -3.487850427627563477e-01 -9.188420772552490234e-01 -2.188499494410234281e+00
0.000000000000000000e+00 0.000000000000000000e+00 0.000000000000000000e+00 1.000000000000000000e+00
8.761261701583862305e-01 -4.818585813045501709e-01 1.466609816998243332e-02 -2.754654358960896832e-01
-4.692042768001556396e-01 -8.453436493873596191e-01 2.554239332675933838e-01 8.760797175447442298e-01
-1.106803715229034424e-01 -2.306649833917617798e-01 -9.667178988456726074e-01 -2.340708721821635585e+00
0.000000000000000000e+00 0.000000000000000000e+00 0.000000000000000000e+00 1.000000000000000000e+00
8.796033859252929688e-01 -4.755182266235351562e-01 1.341625116765499115e-02 -2.441900704593293892e-01
-4.755803346633911133e-01 -8.783665895462036133e-01 4.789713397622108459e-02 3.348029918365015289e-01
-1.099159382283687592e-02 -4.851100221276283264e-02 -9.987620115280151367e-01 -2.463569978399154703e+00
0.000000000000000000e+00 0.000000000000000000e+00 0.000000000000000000e+00 1.000000000000000000e+00
8.886191844940185547e-01 -4.585865139961242676e-01 7.334768772125244141e-03 -2.433388870037821172e-01
-4.577598273754119873e-01 -8.877837061882019043e-01 -4.791539162397384644e-02 7.331766656258227599e-02
2.848505787551403046e-02 3.922099247574806213e-02 -9.988244175910949707e-01 -2.486286875706056776e+00
0.000000000000000000e+00 0.000000000000000000e+00 0.000000000000000000e+00 1.000000000000000000e+00
8.940853476524353027e-01 -4.478875100612640381e-01 2.828003838658332825e-03 -2.512494347356775681e-01
-4.424430429935455322e-01 -8.841640353202819824e-01 -1.499926596879959106e-01 -2.201408203955879106e-01
6.968034058809280396e-02 1.328549981117248535e-01 -9.886831045150756836e-01 -2.478675393363739765e+00
0.000000000000000000e+00 0.000000000000000000e+00 0.000000000000000000e+00 1.000000000000000000e+00
8.968911170959472656e-01 -4.421487152576446533e-01 9.536993689835071564e-03 -2.326512098895886227e-01
-4.251973032951354980e-01 -8.680350780487060547e-01 -2.563638687133789062e-01 -5.284227909731996631e-01
1.216293871402740479e-01 2.258753031492233276e-01 -9.665333628654479980e-01 -2.437303134734440047e+00
0.000000000000000000e+00 0.000000000000000000e+00 0.000000000000000000e+00 1.000000000000000000e+00
9.019275307655334473e-01 -4.317798614501953125e-01 9.645631536841392517e-03 -2.267638246002766089e-01
-3.979402482509613037e-01 -8.395056128501892090e-01 -3.699641227722167969e-01 -8.788973847756633706e-01
1.678407788276672363e-01 3.298423886299133301e-01 -9.289959669113159180e-01 -2.347033503824544898e+00
0.000000000000000000e+00 0.000000000000000000e+00 0.000000000000000000e+00 1.000000000000000000e+00
9.063410162925720215e-01 -4.225438535213470459e-01 1.434669131413102150e-03 -2.611944066424322086e-01
-3.751639723777770996e-01 -8.062660098075866699e-01 -4.573694467544555664e-01 -1.146252909556026545e+00
1.944155693054199219e-01 4.139946699142456055e-01 -8.892755508422851562e-01 -2.255992487369117949e+00
0.000000000000000000e+00 0.000000000000000000e+00 0.000000000000000000e+00 1.000000000000000000e+00
9.158689379692077637e-01 -4.014628529548645020e-01 3.398888744413852692e-03 -2.844152535340682686e-01
-3.336530625820159912e-01 -7.658265829086303711e-01 -5.497136712074279785e-01 -1.428686393439132507e+00
2.232927232980728149e-01 5.023316144943237305e-01 -8.353463411331176758e-01 -2.134206562385566830e+00
0.000000000000000000e+00 0.000000000000000000e+00 0.000000000000000000e+00 1.000000000000000000e+00
9.099110960960388184e-01 -4.142995178699493408e-01 -2.042715996503829956e-02 -3.583674449451071387e-01
-3.337330520153045654e-01 -7.019426226615905762e-01 -6.292046308517456055e-01 -1.652067147419677973e+00
2.463407367467880249e-01 5.793374776840209961e-01 -7.769710421562194824e-01 -2.003877725294382017e+00
0.000000000000000000e+00 0.000000000000000000e+00 0.000000000000000000e+00 1.000000000000000000e+00
9.168320298194885254e-01 -3.972697854042053223e-01 -3.994344919919967651e-02 -4.293805484320376564e-01
-3.000192344188690186e-01 -6.194547414779663086e-01 -7.254407405853271484e-01 -1.936194754556868070e+00
2.634526193141937256e-01 6.770910024642944336e-01 -6.871246695518493652e-01 -1.773624313796474450e+00
0.000000000000000000e+00 0.000000000000000000e+00 0.000000000000000000e+00 1.000000000000000000e+00
9.267014265060424805e-01 -3.713679015636444092e-01 -5.752985924482345581e-02 -4.959923668903087890e-01
-2.678147256374359131e-01 -5.452429056167602539e-01 -7.943456768989562988e-01 -2.147015900420646606e+00
2.636267840862274170e-01 7.515289187431335449e-01 -6.047355532646179199e-01 -1.542959478278395968e+00
0.000000000000000000e+00 0.000000000000000000e+00 0.000000000000000000e+00 1.000000000000000000e+00
9.360625743865966797e-01 -3.476204872131347656e-01 -5.428218841552734375e-02 -5.044301120095534552e-01
-2.256951630115509033e-01 -4.749223291873931885e-01 -8.505943417549133301e-01 -2.327635184350328679e+00
2.699041366577148438e-01 8.084607720375061035e-01 -5.230132937431335449e-01 -1.326946967019925649e+00
0.000000000000000000e+00 0.000000000000000000e+00 0.000000000000000000e+00 1.000000000000000000e+00
9.463927149772644043e-01 -3.187921941280364990e-01 -5.207843333482742310e-02 -5.280397387337982806e-01
-1.871000230312347412e-01 -4.095777571201324463e-01 -8.928829431533813477e-01 -2.460822604363686938e+00
2.633137702941894531e-01 8.547615408897399902e-01 -4.472674429416656494e-01 -1.132707851001979238e+00
0.000000000000000000e+00 0.000000000000000000e+00 0.000000000000000000e+00 1.000000000000000000e+00
9.574440121650695801e-01 -2.835874855518341064e-01 -5.365800112485885620e-02 -5.522844029861589954e-01
-1.562449336051940918e-01 -3.529646992683410645e-01 -9.224987626075744629e-01 -2.562760010772513919e+00
2.426696568727493286e-01 8.916245698928833008e-01 -3.822531104087829590e-01 -9.479312115096542035e-01
0.000000000000000000e+00 0.000000000000000000e+00 0.000000000000000000e+00 1.000000000000000000e+00
9.638252258300781250e-01 -2.571783959865570068e-01 -7.000476866960525513e-02 -6.215130479147777942e-01
-1.419419050216674805e-01 -2.729535996913909912e-01 -9.514980912208557129e-01 -2.687595330019585393e+00
2.255966216325759888e-01 9.270144104957580566e-01 -2.995838522911071777e-01 -6.796123860891725155e-01
0.000000000000000000e+00 0.000000000000000000e+00 0.000000000000000000e+00 1.000000000000000000e+00
9.784460663795471191e-01 -1.974814385175704956e-01 -6.036790832877159119e-02 -6.252766395090877394e-01
-9.798824787139892578e-02 -1.866772472858428955e-01 -9.775220751762390137e-01 -2.799209892959192647e+00
1.817731112241744995e-01 9.623683094978332520e-01 -2.020045816898345947e-01 -3.485374282156834536e-01
0.000000000000000000e+00 0.000000000000000000e+00 0.000000000000000000e+00 1.000000000000000000e+00
9.930506944656372070e-01 -1.155391111969947815e-01 -2.238587662577629089e-02 -5.408653513813799218e-01
-3.844929486513137817e-02 -1.387359052896499634e-01 -9.895826578140258789e-01 -2.852233370788825884e+00
1.112298443913459778e-01 9.835663437843322754e-01 -1.422141641378402710e-01 -1.811265523540937505e-01
0.000000000000000000e+00 0.000000000000000000e+00 0.000000000000000000e+00 1.000000000000000000e+00
9.954739212989807129e-01 -9.500768035650253296e-02 2.249398734420537949e-03 -4.883248345787783995e-01
-2.123014815151691437e-02 -2.453924268484115601e-01 -9.691910147666931152e-01 -2.813053993908887662e+00
9.263262152671813965e-02 9.647566676139831543e-01 -2.462988048791885376e-01 -4.916735970414141121e-01
0.000000000000000000e+00 0.000000000000000000e+00 0.000000000000000000e+00 1.000000000000000000e+00
9.980866312980651855e-01 -2.844744175672531128e-02 5.490065366029739380e-02 -3.232766804963392304e-01
4.435815289616584778e-02 -2.891544997692108154e-01 -9.562538862228393555e-01 -2.884475382617713191e+00
4.307774826884269714e-02 9.568597674369812012e-01 -2.873393893241882324e-01 -5.898020544962289113e-01
0.000000000000000000e+00 0.000000000000000000e+00 0.000000000000000000e+00 1.000000000000000000e+00
9.889506101608276367e-01 4.945761710405349731e-02 1.397522985935211182e-01 -2.800565394528137242e-02
1.479491144418716431e-01 -2.696816623210906982e-01 -9.515159130096435547e-01 -2.980300203584000496e+00
-9.371115826070308685e-03 9.616785049438476562e-01 -2.740190923213958740e-01 -5.282390103109706470e-01
0.000000000000000000e+00 0.000000000000000000e+00 0.000000000000000000e+00 1.000000000000000000e+00
9.683989286422729492e-01 6.386853754520416260e-02 2.410900890827178955e-01 2.893524665893799086e-01
2.494060248136520386e-01 -2.499987930059432983e-01 -9.355731606483459473e-01 -3.023031182451611176e+00
5.185015033930540085e-04 9.661374092102050781e-01 -2.580278217792510986e-01 -4.691248151498635388e-01
0.000000000000000000e+00 0.000000000000000000e+00 0.000000000000000000e+00 1.000000000000000000e+00
9.759079813957214355e-01 9.722285903990268707e-04 2.181800156831741333e-01 1.938380934679574397e-01
2.075393646955490112e-01 -3.126458823680877686e-01 -9.269199371337890625e-01 -2.984883814850975092e+00
6.731186807155609131e-02 9.498692154884338379e-01 -3.053154051303863525e-01 -6.603433379653930180e-01
0.000000000000000000e+00 0.000000000000000000e+00 0.000000000000000000e+00 1.000000000000000000e+00
9.856448769569396973e-01 -1.211279183626174927e-01 1.176104247570037842e-01 -1.626012000890440790e-01
6.490034610033035278e-02 -3.712538778781890869e-01 -9.262605905532836914e-01 -2.917742505268153153e+00
1.558593064546585083e-01 9.205971360206604004e-01 -3.580631315708160400e-01 -9.235645480319963907e-01
0.000000000000000000e+00 0.000000000000000000e+00 0.000000000000000000e+00 1.000000000000000000e+00
9.775136709213256836e-01 -2.101533561944961548e-01 1.738772727549076080e-02 -4.817800262659538424e-01
-4.893462359905242920e-02 -3.062740564346313477e-01 -9.506847262382507324e-01 -2.933270657723618058e+00
2.051150351762771606e-01 9.284567236900329590e-01 -3.096707761287689209e-01 -8.197010922195526739e-01
0.000000000000000000e+00 0.000000000000000000e+00 0.000000000000000000e+00 1.000000000000000000e+00
9.168946146965026855e-01 -3.871023654937744141e-01 -9.723998606204986572e-02 -8.087617497415805490e-01
-2.321218550205230713e-01 -3.189796507358551025e-01 -9.188967943191528320e-01 -2.742675100135143040e+00
3.246895968914031982e-01 8.651031851768493652e-01 -3.823255896568298340e-01 -1.135358721361320100e+00
0.000000000000000000e+00 0.000000000000000000e+00 0.000000000000000000e+00 1.000000000000000000e+00
8.717019557952880859e-01 -4.811423420906066895e-01 -9.293741732835769653e-02 -7.813534872576590740e-01
-2.832697033882141113e-01 -3.399933576583862305e-01 -8.967512249946594238e-01 -2.639721688868992722e+00
3.998669087886810303e-01 8.080264329910278320e-01 -4.326659142971038818e-01 -1.364725956976746923e+00
0.000000000000000000e+00 0.000000000000000000e+00 0.000000000000000000e+00 1.000000000000000000e+00
8.328527808189392090e-01 -5.503462553024291992e-01 -5.895201861858367920e-02 -6.624046220081033498e-01
-3.370145261287689209e-01 -4.197378456592559814e-01 -8.427582979202270508e-01 -2.452535625038554379e+00
4.390642940998077393e-01 7.217609882354736328e-01 -5.350542664527893066e-01 -1.710908088921547110e+00
0.000000000000000000e+00 0.000000000000000000e+00 0.000000000000000000e+00 1.000000000000000000e+00
8.005169630050659180e-01 -5.973143577575683594e-01 -4.886138066649436951e-02 -6.127571114318445256e-01
-4.268231689929962158e-01 -5.109909176826477051e-01 -7.461300492286682129e-01 -2.103083762089719588e+00
4.207067489624023438e-01 6.181447505950927734e-01 -6.640046834945678711e-01 -2.100822579860853079e+00
0.000000000000000000e+00 0.000000000000000000e+00 0.000000000000000000e+00 1.000000000000000000e+00
7.745407819747924805e-01 -6.320884227752685547e-01 -2.346635237336158752e-02 -5.258862816704741316e-01
-5.050936341285705566e-01 -5.957418084144592285e-01 -6.244773268699645996e-01 -1.677918979866192206e+00
3.807450234889984131e-01 4.955358207225799561e-01 -7.806899547576904297e-01 -2.432151642425539162e+00
0.000000000000000000e+00 0.000000000000000000e+00 0.000000000000000000e+00 1.000000000000000000e+00
7.521836757659912109e-01 -6.587204933166503906e-01 -1.752502284944057465e-02 -4.953141795089707200e-01
-5.658432245254516602e-01 -6.320422291755676270e-01 -5.294749736785888672e-01 -1.347739614270011987e+00
3.376995325088500977e-01 4.081788063049316406e-01 -8.481443524360656738e-01 -2.617083014325182422e+00
0.000000000000000000e+00 0.000000000000000000e+00 0.000000000000000000e+00 1.000000000000000000e+00
6.515799164772033691e-01 -7.584087848663330078e-01 -1.610413379967212677e-02 -4.261799399746517003e-01
-6.787340044975280762e-01 -5.733847618103027344e-01 -4.588572978973388672e-01 -1.059225001911703545e+00
3.387676775455474854e-01 3.099125325679779053e-01 -8.883640170097351074e-01 -2.754051065123491071e+00
0.000000000000000000e+00 0.000000000000000000e+00 0.000000000000000000e+00 1.000000000000000000e+00
5.873188972473144531e-01 -8.090410232543945312e-01 2.255873195827007294e-02 -2.646508444054526121e-01
-7.370240092277526855e-01 -5.461404919624328613e-01 -3.981532752513885498e-01 -8.268362418020638316e-01
3.344427049160003662e-01 2.172166407108306885e-01 -9.170416593551635742e-01 -2.853597190138084994e+00
0.000000000000000000e+00 0.000000000000000000e+00 0.000000000000000000e+00 1.000000000000000000e+00
5.401301980018615723e-01 -8.398094177246093750e-01 5.458164587616920471e-02 -1.288577130617953870e-01
-7.821398973464965820e-01 -5.248652696609497070e-01 -3.358177542686462402e-01 -5.988244496575170217e-01
3.106710612773895264e-01 1.386948674917221069e-01 -9.403443336486816406e-01 -2.913794512150416960e+00
0.000000000000000000e+00 0.000000000000000000e+00 0.000000000000000000e+00 1.000000000000000000e+00
5.084112286567687988e-01 -8.529908061027526855e-01 1.180013492703437805e-01 9.478503572099801489e-02
-8.162827491760253906e-01 -5.210348367691040039e-01 -2.494091540575027466e-01 -3.065656648634632053e-01
2.742266654968261719e-01 3.047994524240493774e-02 -9.611819982528686523e-01 -2.962856619602066477e+00
0.000000000000000000e+00 0.000000000000000000e+00 0.000000000000000000e+00 1.000000000000000000e+00
4.364565014839172363e-01 -8.832637667655944824e-01 1.713203787803649902e-01 3.134880489785790703e-01
-8.594438433647155762e-01 -4.656252562999725342e-01 -2.110673785209655762e-01 -1.550846817674436939e-01
2.661992013454437256e-01 -5.511857196688652039e-02 -9.623407721519470215e-01 -2.964266388427722276e+00
0.000000000000000000e+00 0.000000000000000000e+00 0.000000000000000000e+00 1.000000000000000000e+00
3.562127947807312012e-01 -8.935170769691467285e-01 2.733849287033081055e-01 6.907708429176375731e-01
-8.922490477561950684e-01 -4.121466279029846191e-01 -1.844636797904968262e-01 -4.576487786354747900e-02
2.774961590766906738e-01 -1.782191246747970581e-01 -9.440517425537109375e-01 -2.912777403539853260e+00
0.000000000000000000e+00 0.000000000000000000e+00 0.000000000000000000e+00 1.000000000000000000e+00
2.924498617649078369e-01 -8.830006122589111328e-01 3.671278059482574463e-01 1.020404678474999827e+00
-9.140530228614807129e-01 -3.709397017955780029e-01 -1.640445142984390259e-01 2.753943626488946847e-02
2.810336351394653320e-01 -2.875995039939880371e-01 -9.155907034873962402e-01 -2.828780126353972690e+00
0.000000000000000000e+00 0.000000000000000000e+00 0.000000000000000000e+00 1.000000000000000000e+00
2.692150473594665527e-01 -8.511887192726135254e-01 4.505562782287597656e-01 1.285647964477091287e+00
-9.331526756286621094e-01 -3.462622761726379395e-01 -9.658249467611312866e-02 2.532722064804657225e-01
2.382206022739410400e-01 -3.944363892078399658e-01 -8.875081539154052734e-01 -2.711069810208734054e+00
0.000000000000000000e+00 0.000000000000000000e+00 0.000000000000000000e+00 1.000000000000000000e+00
1.766003668308258057e-01 -7.703294754028320312e-01 6.127029657363891602e-01 1.835038794159268294e+00
-9.618446826934814453e-01 -2.672180235385894775e-01 -5.872956663370132446e-02 3.730862245625111706e-01
2.089664787054061890e-01 -5.789534449577331543e-01 -7.881281375885009766e-01 -2.391421768181858365e+00
0.000000000000000000e+00 0.000000000000000000e+00 0.000000000000000000e+00 1.000000000000000000e+00
1.360009312629699707e-01 -6.737199425697326660e-01 7.263641953468322754e-01 2.206257636782920084e+00
-9.729195237159729004e-01 -2.291404306888580322e-01 -3.036849573254585266e-02 4.649949290336505281e-01
1.868992298841476440e-01 -7.025637626647949219e-01 -6.866387128829956055e-01 -2.077700053238289435e+00
0.000000000000000000e+00 0.000000000000000000e+00 0.000000000000000000e+00 1.000000000000000000e+00
1.080476120114326477e-01 -5.660215020179748535e-01 8.172793388366699219e-01 2.491849510561986225e+00
-9.841141700744628906e-01 -1.773889362812042236e-01 7.249940186738967896e-03 5.839149932221027184e-01
1.408726722002029419e-01 -8.050795793533325195e-01 -5.761961936950683594e-01 -1.720968937672346488e+00
0.000000000000000000e+00 0.000000000000000000e+00 0.000000000000000000e+00 1.000000000000000000e+00
8.015323430299758911e-02 -5.061831474304199219e-01 8.586930036544799805e-01 2.634340466634420341e+00
-9.910503625869750977e-01 -1.327225863933563232e-01 1.427036430686712265e-02 6.095121346085111691e-01
1.067444533109664917e-01 -8.521519303321838379e-01 -5.122914314270019531e-01 -1.510360402276402558e+00
0.000000000000000000e+00 0.000000000000000000e+00 0.000000000000000000e+00 1.000000000000000000e+00
1.586336642503738403e-01 -5.101131200790405273e-01 8.453519344329833984e-01 2.529527783035666832e+00
-9.870611429214477539e-01 -1.021953001618385315e-01 1.235578507184982300e-01 9.345519422276973298e-01
2.336248382925987244e-02 -8.540142774581909180e-01 -5.197244882583618164e-01 -1.470143635320118047e+00
0.000000000000000000e+00 0.000000000000000000e+00 0.000000000000000000e+00 1.000000000000000000e+00
2.661601901054382324e-01 -5.730870962142944336e-01 7.750677466392517090e-01 2.249665078417431907e+00
-9.590789675712585449e-01 -7.688803225755691528e-02 2.724989354610443115e-01 1.361514462540704073e+00
-9.657216817140579224e-02 -8.158795237541198730e-01 -5.701003074645996094e-01 -1.525536319479185998e+00
0.000000000000000000e+00 0.000000000000000000e+00 0.000000000000000000e+00 1.000000000000000000e+00
3.207489550113677979e-01 -6.140956282615661621e-01 7.211148738861083984e-01 2.061594356365217262e+00
-9.294620752334594727e-01 -5.756435170769691467e-02 3.643996119499206543e-01 1.608399227857351788e+00
-1.822656691074371338e-01 -7.871295809745788574e-01 -5.892420411109924316e-01 -1.521004722583641611e+00
0.000000000000000000e+00 0.000000000000000000e+00 0.000000000000000000e+00 1.000000000000000000e+00
3.694124221801757812e-01 -6.302683949470520020e-01 6.828588843345642090e-01 1.916591671826246346e+00
-8.889665603637695312e-01 -2.563206851482391357e-02 4.572543203830718994e-01 1.848638984762365878e+00
-2.706897854804992676e-01 -7.759541273117065430e-01 -5.697563886642456055e-01 -1.399516121129086965e+00
0.000000000000000000e+00 0.000000000000000000e+00 0.000000000000000000e+00 1.000000000000000000e+00
4.242341518402099609e-01 -6.339623332023620605e-01 6.466198563575744629e-01 1.762946875357206400e+00
-8.367014527320861816e-01 -1.310909749008715153e-03 5.476577877998352051e-01 2.070380251274201999e+00
-3.463466167449951172e-01 -7.733630537986755371e-01 -5.309933423995971680e-01 -1.219894906066579798e+00
0.000000000000000000e+00 0.000000000000000000e+00 0.000000000000000000e+00 1.000000000000000000e+00
5.218870639801025391e-01 -6.365554332733154297e-01 5.678302049636840820e-01 1.478906878633433175e+00
-7.281665205955505371e-01 1.427339110523462296e-02 6.852514743804931641e-01 2.369449366019853009e+00
-4.443054199218750000e-01 -7.710989713668823242e-01 -4.560692608356475830e-01 -9.061836767787899705e-01
0.000000000000000000e+00 0.000000000000000000e+00 0.000000000000000000e+00 1.000000000000000000e+00
6.346670389175415039e-01 -6.663144230842590332e-01 3.914367258548736572e-01 8.839754662114920336e-01
-5.757794380187988281e-01 -6.987456232309341431e-02 8.146137595176696777e-01 2.663953081426987168e+00
-5.154374837875366211e-01 -7.423897981643676758e-01 -4.279972016811370850e-01 -7.586820949046965135e-01
0.000000000000000000e+00 0.000000000000000000e+00 0.000000000000000000e+00 1.000000000000000000e+00
6.437141895294189453e-01 -7.156615257263183594e-01 2.710362970829010010e-01 5.663632970356028418e-01
-4.843136966228485107e-01 -1.067593246698379517e-01 8.683563470840454102e-01 2.762287561322486429e+00
-5.925135016441345215e-01 -6.902400255203247070e-01 -4.153271019458770752e-01 -6.788342400550464451e-01
0.000000000000000000e+00 0.000000000000000000e+00 0.000000000000000000e+00 1.000000000000000000e+00
6.077196598052978516e-01 -7.697734236717224121e-01 1.952580064535140991e-01 4.034923652034343444e-01
-3.878549337387084961e-01 -7.314008474349975586e-02 9.188138842582702637e-01 2.851678604653424820e+00
-6.929974555969238281e-01 -6.341130733489990234e-01 -3.430091738700866699e-01 -4.463754261069620699e-01
0.000000000000000000e+00 0.000000000000000000e+00 0.000000000000000000e+00 1.000000000000000000e+00
4.600844979286193848e-01 -8.858371973037719727e-01 6.012003496289253235e-02 1.583046894777028479e-01
-1.999575793743133545e-01 -3.740477189421653748e-02 9.790901541709899902e-01 2.923691329160523988e+00
-8.650661110877990723e-01 -4.624857902526855469e-01 -1.943393349647521973e-01 -2.021918675685852387e-02
0.000000000000000000e+00 0.000000000000000000e+00 0.000000000000000000e+00 1.000000000000000000e+00
3.344535231590270996e-01 -9.375824332237243652e-01 -9.528943896293640137e-02 -2.444633183707809188e-01
-2.420854717493057251e-01 -1.831929236650466919e-01 9.528037309646606445e-01 2.938448785916232264e+00
-9.107883572578430176e-01 -2.956003248691558838e-01 -2.882446348667144775e-01 -3.373189492699666392e-01
0.000000000000000000e+00 0.000000000000000000e+00 0.000000000000000000e+00 1.000000000000000000e+00
3.195297718048095703e-01 -9.470995664596557617e-01 3.005128167569637299e-02 1.469479999309779017e-01
-3.709805309772491455e-01 -9.585211426019668579e-02 9.236806631088256836e-01 2.877758914020597469e+00
-8.719370961189270020e-01 -3.062919080257415771e-01 -3.819831013679504395e-01 -6.005995895500806370e-01
0.000000000000000000e+00 0.000000000000000000e+00 0.000000000000000000e+00 1.000000000000000000e+00
2.955108582973480225e-01 -9.547207355499267578e-01 3.437585383653640747e-02 2.143513646775532244e-01
-4.615978300571441650e-01 -1.111877337098121643e-01 8.800935745239257812e-01 2.785710308826301329e+00
-8.364214301109313965e-01 -2.759450674057006836e-01 -4.735541939735412598e-01 -8.996806386276376966e-01
0.000000000000000000e+00 0.000000000000000000e+00 0.000000000000000000e+00 1.000000000000000000e+00
1.786421239376068115e-01 -9.816308617591857910e-01 6.699208915233612061e-02 3.550561548233829301e-01
-4.741303622722625732e-01 -2.622398734092712402e-02 8.800640106201171875e-01 2.778735968041713633e+00
-8.621412515640258789e-01 -1.889794319868087769e-01 -4.701056182384490967e-01 -9.022719063120240302e-01
0.000000000000000000e+00 0.000000000000000000e+00 0.000000000000000000e+00 1.000000000000000000e+00
