1.000000000000000000e+00 0.000000000000000000e+00 0.000000000000000000e+00 -1.792658120393753052e-02
0.000000000000000000e+00 1.000000000000000000e+00 0.000000000000000000e+00 2.243540808558464050e-02
0.000000000000000000e+00 0.000000000000000000e+00 1.000000000000000000e+00 -3.816788792610168457e-01
0.000000000000000000e+00 0.000000000000000000e+00 0.000000000000000000e+00 1.000000000000000000e+00
9.974249005317687988e-01 5.127038434147834778e-02 -5.014711245894432068e-02 3.478644182905554771e-03
-5.230646952986717224e-02 9.984392523765563965e-01 -1.957027241587638855e-02 2.676860056817531586e-02
4.906544834375381470e-02 2.214295789599418640e-02 9.985500574111938477e-01 -3.785193562507629395e-01
0.000000000000000000e+00 0.000000000000000000e+00 0.000000000000000000e+00 1.000000000000000000e+00
9.877501130104064941e-01 6.298579275608062744e-02 -1.427671015262603760e-01 4.084593057632446289e-02
-6.717042624950408936e-02 9.974362254142761230e-01 -2.467850595712661743e-02 2.936362661421298981e-02
1.408466696739196777e-01 3.396594896912574768e-02 9.894484877586364746e-01 -3.721349537372589111e-01
0.000000000000000000e+00 0.000000000000000000e+00 0.000000000000000000e+00 1.000000000000000000e+00
9.732117652893066406e-01 5.454671382904052734e-02 -2.233459204435348511e-01 7.408697903156280518e-02
-5.339842662215232849e-02 9.985106587409973145e-01 1.118219364434480667e-02 1.620341278612613678e-02
2.236232459545135498e-01 1.043712953105568886e-03 9.746750593185424805e-01 -3.657188415527343750e-01
0.000000000000000000e+00 0.000000000000000000e+00 0.000000000000000000e+00 1.000000000000000000e+00
9.764177203178405762e-01 5.741204693913459778e-02 -2.081156671047210693e-01 6.938918679952621460e-02
-5.130106210708618164e-02 9.980820417404174805e-01 3.464735671877861023e-02 1.023295521736145020e-02
2.097057104110717773e-01 -2.315371111035346985e-02 9.774903655052185059e-01 -3.632327616214752197e-01
0.000000000000000000e+00 0.000000000000000000e+00 0.000000000000000000e+00 1.000000000000000000e+00
1.676352322101593018e-01 9.288217127323150635e-02 -9.814637303352355957e-01 3.981003761291503906e-01
-4.312720522284507751e-02 9.952898025512695312e-01 8.682440966367721558e-02 -5.920235067605972290e-03
9.849051833152770996e-01 2.777297608554363251e-02 1.708513498306274414e-01 -6.369790434837341309e-02
0.000000000000000000e+00 0.000000000000000000e+00 0.000000000000000000e+00 1.000000000000000000e+00
1.390213519334793091e-01 1.056727468967437744e-01 -9.846352934837341309e-01 3.972574174404144287e-01
-3.434042632579803467e-02 9.942067861557006836e-01 1.018514335155487061e-01 -7.208127994090318680e-03
9.896938204765319824e-01 1.965326815843582153e-02 1.418448835611343384e-01 -4.520222917199134827e-02
0.000000000000000000e+00 0.000000000000000000e+00 0.000000000000000000e+00 1.000000000000000000e+00
1.390100717544555664e-01 1.046009808778762817e-01 -9.847510457038879395e-01 3.938176631927490234e-01
-2.862879820168018341e-02 9.944146275520324707e-01 1.015861406922340393e-01 -3.416447667405009270e-03
9.898769259452819824e-01 1.407076232135295868e-02 1.412283182144165039e-01 -3.716960921883583069e-02
0.000000000000000000e+00 0.000000000000000000e+00 0.000000000000000000e+00 1.000000000000000000e+00
1.531741768121719360e-01 9.886944293975830078e-02 -9.832409024238586426e-01 3.893363475799560547e-01
-4.294100403785705566e-02 9.947084188461303711e-01 9.333299845457077026e-02 1.621603965759277344e-03
9.872654080390930176e-01 2.792515605688095093e-02 1.566091477870941162e-01 -3.314338251948356628e-02
0.000000000000000000e+00 0.000000000000000000e+00 0.000000000000000000e+00 1.000000000000000000e+00
1.628712862730026245e-01 1.021952554583549500e-01 -9.813404083251953125e-01 3.867087364196777344e-01
-6.256274133920669556e-02 9.936894774436950684e-01 9.309789538383483887e-02 3.420866327360272408e-03
9.846618175506591797e-01 4.623239114880561829e-02 1.682371348142623901e-01 -2.807516977190971375e-02
0.000000000000000000e+00 0.000000000000000000e+00 0.000000000000000000e+00 1.000000000000000000e+00
1.819897890090942383e-01 9.712505340576171875e-02 -9.784918427467346191e-01 3.833413422107696533e-01
-8.124664425849914551e-02 9.931921362876892090e-01 8.347310870885848999e-02 9.511423297226428986e-03
9.799382686614990234e-01 6.430798768997192383e-02 1.886419951915740967e-01 -2.613863348960876465e-02
0.000000000000000000e+00 0.000000000000000000e+00 0.000000000000000000e+00 1.000000000000000000e+00
1.802701801061630249e-01 8.865059167146682739e-02 -9.796138405799865723e-01 3.822429180145263672e-01
-1.139416843652725220e-01 9.911077022552490234e-01 6.872300058603286743e-02 1.808433793485164642e-02
9.769954085350036621e-01 9.923017770051956177e-02 1.887681931257247925e-01 -1.721633225679397583e-02
0.000000000000000000e+00 0.000000000000000000e+00 0.000000000000000000e+00 1.000000000000000000e+00
1.927301287651062012e-01 1.019266247749328613e-01 -9.759435653686523438e-01 3.823812901973724365e-01
-1.127294898033142090e-01 9.903053045272827148e-01 8.116467297077178955e-02 1.747012697160243988e-02
9.747547507286071777e-01 9.437472373247146606e-02 2.023517638444900513e-01 -1.660102419555187225e-02
0.000000000000000000e+00 0.000000000000000000e+00 0.000000000000000000e+00 1.000000000000000000e+00
2.019961625337600708e-01 1.136522442102432251e-01 -9.727697968482971191e-01 3.834796249866485596e-01
-1.388475298881530762e-01 9.865350127220153809e-01 8.642876148223876953e-02 1.883239112794399261e-02
9.694940447807312012e-01 1.176084205508232117e-01 2.150565385818481445e-01 -1.536545064300298691e-02
0.000000000000000000e+00 0.000000000000000000e+00 0.000000000000000000e+00 1.000000000000000000e+00
2.225166857242584229e-01 1.202736273407936096e-01 -9.674815535545349121e-01 3.843504488468170166e-01
-1.575716584920883179e-01 9.837504625320434570e-01 8.605527877807617188e-02 2.134915441274642944e-02
9.621109366416931152e-01 1.332989484071731567e-01 2.378527075052261353e-01 -1.785345189273357391e-02
0.000000000000000000e+00 0.000000000000000000e+00 0.000000000000000000e+00 1.000000000000000000e+00
2.283429950475692749e-01 1.303938329219818115e-01 -9.648091793060302734e-01 3.863376677036285400e-01
-1.800633668899536133e-01 9.795500636100769043e-01 8.977011591196060181e-02 2.232000976800918579e-02
9.567844867706298828e-01 1.532284170389175415e-01 2.471525371074676514e-01 -1.295199524611234665e-02
0.000000000000000000e+00 0.000000000000000000e+00 0.000000000000000000e+00 1.000000000000000000e+00
2.549439966678619385e-01 1.408440023660659790e-01 -9.566435217857360840e-01 3.880151212215423584e-01
-1.912356764078140259e-01 9.771383404731750488e-01 9.289740025997161865e-02 2.440172992646694183e-02
9.478567838668823242e-01 1.592607498168945312e-01 2.760499119758605957e-01 -1.589267700910568237e-02
0.000000000000000000e+00 0.000000000000000000e+00 0.000000000000000000e+00 1.000000000000000000e+00
2.935244739055633545e-01 1.454229801893234253e-01 -9.448258280754089355e-01 3.882083296775817871e-01
-2.199855446815490723e-01 9.721107482910156250e-01 8.128080517053604126e-02 2.969744987785816193e-02
9.302956461906433105e-01 1.839900463819503784e-01 3.173291981220245361e-01 -2.304288186132907867e-02
0.000000000000000000e+00 0.000000000000000000e+00 0.000000000000000000e+00 1.000000000000000000e+00
3.635467886924743652e-01 1.690503954887390137e-01 -9.161087274551391602e-01 3.915840387344360352e-01
-2.368306666612625122e-01 9.678591489791870117e-01 8.461651206016540527e-02 2.834766171872615814e-02
9.009687304496765137e-01 1.862006336450576782e-01 3.918985128402709961e-01 -3.642696887254714966e-02
0.000000000000000000e+00 0.000000000000000000e+00 0.000000000000000000e+00 1.000000000000000000e+00
4.074380397796630859e-01 2.234727740287780762e-01 -8.854682445526123047e-01 4.073188900947570801e-01
-2.465417087078094482e-01 9.605123400688171387e-01 1.289690136909484863e-01 1.192768197506666183e-02
8.793243765830993652e-01 1.657580286264419556e-01 4.464446902275085449e-01 -4.146640002727508545e-02
0.000000000000000000e+00 0.000000000000000000e+00 0.000000000000000000e+00 1.000000000000000000e+00
4.325026869773864746e-01 2.467849254608154297e-01 -8.672012686729431152e-01 4.121652245521545410e-01
-2.746913135051727295e-01 9.521548748016357422e-01 1.339628547430038452e-01 1.214271597564220428e-02
8.587701916694641113e-01 1.802735179662704468e-01 4.795992076396942139e-01 -5.582404881715774536e-02
0.000000000000000000e+00 0.000000000000000000e+00 0.000000000000000000e+00 1.000000000000000000e+00
4.247274398803710938e-01 2.500233054161071777e-01 -8.701121211051940918e-01 4.026633501052856445e-01
-2.047662585973739624e-01 9.627319574356079102e-01 1.766848862171173096e-01 -6.669884081929922104e-03
8.818601965904235840e-01 1.031267195940017700e-01 4.600950479507446289e-01 -5.646729096770286560e-02
0.000000000000000000e+00 0.000000000000000000e+00 0.000000000000000000e+00 1.000000000000000000e+00
4.256975054740905762e-01 2.493996471166610718e-01 -8.698169589042663574e-01 3.969689309597015381e-01
-1.742814630270004272e-01 9.658665060997009277e-01 1.916444599628448486e-01 -1.475827489048242569e-02
8.879233002662658691e-01 7.001041620969772339e-02 4.546327888965606689e-01 -5.734286829829216003e-02
0.000000000000000000e+00 0.000000000000000000e+00 0.000000000000000000e+00 1.000000000000000000e+00
3.760292828083038330e-01 2.636486291885375977e-01 -8.883081674575805664e-01 3.773319721221923828e-01
-7.322293519973754883e-02 9.641237854957580566e-01 2.551546692848205566e-01 -4.614521935582160950e-02
9.237099885940551758e-01 -3.090103343129158020e-02 3.818437755107879639e-01 -3.833161294460296631e-02
0.000000000000000000e+00 0.000000000000000000e+00 0.000000000000000000e+00 1.000000000000000000e+00
3.674858212471008301e-01 3.002390861511230469e-01 -8.802332878112792969e-01 3.563441634178161621e-01
-3.438694030046463013e-02 9.501971006393432617e-01 3.097470104694366455e-01 -7.584657520055770874e-02
9.293932914733886719e-01 -8.355907350778579712e-02 3.595081865787506104e-01 -3.367070853710174561e-02
0.000000000000000000e+00 0.000000000000000000e+00 0.000000000000000000e+00 1.000000000000000000e+00
3.789799511432647705e-01 3.494239747524261475e-01 -8.568995594978332520e-01 3.378365039825439453e-01
5.593226291239261627e-03 9.250909686088562012e-01 3.797045350074768066e-01 -1.033954545855522156e-01
9.253879189491271973e-01 -1.486932188272476196e-01 3.486366271972656250e-01 -3.150746226310729980e-02
0.000000000000000000e+00 0.000000000000000000e+00 0.000000000000000000e+00 1.000000000000000000e+00
4.128729403018951416e-01 3.690302670001983643e-01 -8.326777815818786621e-01 3.223314285278320312e-01
5.452610179781913757e-02 9.025837182998657227e-01 4.270476102828979492e-01 -1.214910224080085754e-01
9.091548919677734375e-01 -2.217191159725189209e-01 3.525305390357971191e-01 -3.594019636511802673e-02
0.000000000000000000e+00 0.000000000000000000e+00 0.000000000000000000e+00 1.000000000000000000e+00
4.602993428707122803e-01 4.028038680553436279e-01 -7.911215424537658691e-01 2.994908392429351807e-01
1.214620918035507202e-01 8.541851639747619629e-01 5.055835247039794922e-01 -1.510602831840515137e-01
8.794156908988952637e-01 -3.288109600543975830e-01 3.442555367946624756e-01 -3.730554878711700439e-02
0.000000000000000000e+00 0.000000000000000000e+00 0.000000000000000000e+00 1.000000000000000000e+00
4.800334870815277100e-01 4.370781183242797852e-01 -7.606118917465209961e-01 2.846421003341674805e-01
1.406848728656768799e-01 8.174630403518676758e-01 5.585353374481201172e-01 -1.711966842412948608e-01
8.658958673477172852e-01 -3.751222491264343262e-01 3.309193551540374756e-01 -3.559235855937004089e-02
0.000000000000000000e+00 0.000000000000000000e+00 0.000000000000000000e+00 1.000000000000000000e+00
4.790875315666198730e-01 4.862467944622039795e-01 -7.307795286178588867e-01 2.680059075355529785e-01
1.622805744409561157e-01 7.691262960433959961e-01 6.181503534317016602e-01 -1.907553821802139282e-01
8.626354932785034180e-01 -4.147395193576812744e-01 2.895705103874206543e-01 -2.438228018581867218e-02
0.000000000000000000e+00 0.000000000000000000e+00 0.000000000000000000e+00 1.000000000000000000e+00
5.121139883995056152e-01 4.933613538742065430e-01 -7.030885815620422363e-01 2.535081505775451660e-01
1.654096096754074097e-01 7.466042041778564453e-01 6.443770527839660645e-01 -1.996187269687652588e-01
8.428396582603454590e-01 -4.462920427322387695e-01 3.007396757602691650e-01 -3.022523783147335052e-02
0.000000000000000000e+00 0.000000000000000000e+00 0.000000000000000000e+00 1.000000000000000000e+00
5.118169784545898438e-01 5.091847181320190430e-01 -6.919351220130920410e-01 2.429892867803573608e-01
1.778782904148101807e-01 7.251594066619873047e-01 6.652085781097412109e-01 -2.061522305011749268e-01
8.404774665832519531e-01 -4.635453224182128906e-01 2.805762290954589844e-01 -2.626943401992321014e-02
0.000000000000000000e+00 0.000000000000000000e+00 0.000000000000000000e+00 1.000000000000000000e+00
4.918683171272277832e-01 5.573649406433105469e-01 -6.688868403434753418e-01 2.286886721849441528e-01
1.783630251884460449e-01 6.874473094940185547e-01 7.039907574653625488e-01 -2.172269374132156372e-01
8.522042632102966309e-01 -4.655753672122955322e-01 2.387203723192214966e-01 -1.633292809128761292e-02
0.000000000000000000e+00 0.000000000000000000e+00 0.000000000000000000e+00 1.000000000000000000e+00
4.209041297435760498e-01 6.459290385246276855e-01 -6.368793845176696777e-01 2.069574296474456787e-01
1.421808898448944092e-01 6.464447975158691406e-01 7.495952844619750977e-01 -2.286324948072433472e-01
8.958929181098937988e-01 -4.060599803924560547e-01 1.802525371313095093e-01 -6.770788691937923431e-03
0.000000000000000000e+00 0.000000000000000000e+00 0.000000000000000000e+00 1.000000000000000000e+00
3.446683585643768311e-01 7.009526491165161133e-01 -6.243949532508850098e-01 1.984524726867675781e-01
1.306036561727523804e-01 6.228764653205871582e-01 7.713415622711181641e-01 -2.331505864858627319e-01
9.295948743820190430e-01 -3.474052250385284424e-01 1.231387779116630554e-01 5.068552680313587189e-03
0.000000000000000000e+00 0.000000000000000000e+00 0.000000000000000000e+00 1.000000000000000000e+00
3.969176411628723145e-01 7.277755737304687500e-01 -5.592843890190124512e-01 1.744181811809539795e-01
1.266657561063766479e-01 5.600769519805908203e-01 8.187000155448913574e-01 -2.430504858493804932e-01
9.090721607208251953e-01 -3.957985937595367432e-01 1.301202774047851562e-01 -7.027877494692802429e-03
0.000000000000000000e+00 0.000000000000000000e+00 0.000000000000000000e+00 1.000000000000000000e+00
5.380004644393920898e-01 6.814271807670593262e-01 -4.961977005004882812e-01 1.514352858066558838e-01
1.179044842720031738e-01 5.220293402671813965e-01 8.447389602661132812e-01 -2.464948147535324097e-01
8.346579074859619141e-01 -5.129738450050354004e-01 2.005086243152618408e-01 -3.427425026893615723e-02
0.000000000000000000e+00 0.000000000000000000e+00 0.000000000000000000e+00 1.000000000000000000e+00
6.649324297904968262e-01 6.361235976219177246e-01 -3.914223015308380127e-01 1.156995519995689392e-01
4.608261212706565857e-02 4.881213605403900146e-01 8.715583086013793945e-01 -2.466131597757339478e-01
7.454804182052612305e-01 -5.975650548934936523e-01 2.952534556388854980e-01 -6.469658762216567993e-02
0.000000000000000000e+00 0.000000000000000000e+00 0.000000000000000000e+00 1.000000000000000000e+00
7.490152120590209961e-01 5.920172333717346191e-01 -2.974758744239807129e-01 9.188441187143325806e-02
-1.108716893941164017e-02 4.601211547851562500e-01 8.877871632575988770e-01 -2.429223507642745972e-01
6.624602675437927246e-01 -6.616675257682800293e-01 3.512014746665954590e-01 -8.069556951522827148e-02
0.000000000000000000e+00 0.000000000000000000e+00 0.000000000000000000e+00 1.000000000000000000e+00
7.457602620124816895e-01 6.408367753028869629e-01 -1.821258813142776489e-01 6.682780385017395020e-02
-9.204333275556564331e-02 3.698612451553344727e-01 9.245164394378662109e-01 -2.552533149719238281e-01
6.598255038261413574e-01 -6.727041602134704590e-01 3.348126411437988281e-01 -7.327333837747573853e-02
0.000000000000000000e+00 0.000000000000000000e+00 0.000000000000000000e+00 1.000000000000000000e+00
7.361739873886108398e-01 6.742352247238159180e-01 -5.877356603741645813e-02 3.410926833748817444e-02
-1.663327366113662720e-01 2.644212841987609863e-01 9.499550461769104004e-01 -2.715040147304534912e-01
6.560342311859130859e-01 -6.895565390586853027e-01 3.068075776100158691e-01 -6.177054718136787415e-02
0.000000000000000000e+00 0.000000000000000000e+00 0.000000000000000000e+00 1.000000000000000000e+00
7.531107664108276367e-01 6.559895873069763184e-01 5.001877248287200928e-02 -6.621743086725473404e-04
-1.974764466285705566e-01 1.528801918029785156e-01 9.683130979537963867e-01 -2.852768599987030029e-01
6.275564432144165039e-01 -7.391245365142822266e-01 2.446781545877456665e-01 -4.232859238982200623e-02
0.000000000000000000e+00 0.000000000000000000e+00 0.000000000000000000e+00 1.000000000000000000e+00
7.609779238700866699e-01 6.306940913200378418e-01 1.521103978157043457e-01 -3.891519084572792053e-02
-2.319101393222808838e-01 4.546853527426719666e-02 9.716740846633911133e-01 -2.925547361373901367e-01
6.059128642082214355e-01 -7.746984362602233887e-01 1.808649450540542603e-01 -2.343407459557056427e-02
0.000000000000000000e+00 0.000000000000000000e+00 0.000000000000000000e+00 1.000000000000000000e+00
7.797315120697021484e-01 5.807994604110717773e-01 2.338605225086212158e-01 -7.399000227451324463e-02
-2.360599637031555176e-01 -7.324627786874771118e-02 9.689740538597106934e-01 -2.987894117832183838e-01
5.799089670181274414e-01 -8.107447028160095215e-01 7.999109476804733276e-02 6.790964398533105850e-03
0.000000000000000000e+00 0.000000000000000000e+00 0.000000000000000000e+00 1.000000000000000000e+00
7.375195622444152832e-01 6.609520316123962402e-01 1.385912448167800903e-01 -3.544635325670242310e-02
-2.957952022552490234e-01 1.316721886396408081e-01 9.461328983306884766e-01 -2.740897238254547119e-01
6.070998907089233398e-01 -7.387860417366027832e-01 2.926172912120819092e-01 -7.051419466733932495e-02
0.000000000000000000e+00 0.000000000000000000e+00 0.000000000000000000e+00 1.000000000000000000e+00
7.152769565582275391e-01 6.927273273468017578e-01 9.223496168851852417e-02 -1.707473210990428925e-02
-3.717609047889709473e-01 2.654176950454711914e-01 8.895770311355590820e-01 -2.468768060207366943e-01
5.917536616325378418e-01 -6.705834865570068359e-01 4.473762214183807373e-01 -1.151299551129341125e-01
0.000000000000000000e+00 0.000000000000000000e+00 0.000000000000000000e+00 1.000000000000000000e+00
7.004479765892028809e-01 7.136250734329223633e-01 1.058124750852584839e-02 1.015796232968568802e-02
-4.398341774940490723e-01 4.199419915676116943e-01 7.938480973243713379e-01 -2.058926373720169067e-01
5.620663166046142578e-01 -5.607030987739562988e-01 6.080241203308105469e-01 -1.575084924697875977e-01
0.000000000000000000e+00 0.000000000000000000e+00 0.000000000000000000e+00 1.000000000000000000e+00
6.835452318191528320e-01 7.278901934623718262e-01 -5.423846840858459473e-02 3.043817915022373199e-02
-5.087698698043823242e-01 5.284184813499450684e-01 6.796521544456481934e-01 -1.618531793355941772e-01
5.233727097511291504e-01 -4.369780719280242920e-01 7.315262556076049805e-01 -1.852805912494659424e-01
0.000000000000000000e+00 0.000000000000000000e+00 0.000000000000000000e+00 1.000000000000000000e+00
6.761671304702758789e-01 7.328382730484008789e-01 -7.580115646123886108e-02 3.619013726711273193e-02
-5.690642595291137695e-01 5.848467350006103516e-01 5.780311226844787598e-01 -1.275165677070617676e-01
4.679354429244995117e-01 -3.477098643779754639e-01 8.124862313270568848e-01 -2.020181417465209961e-01
0.000000000000000000e+00 0.000000000000000000e+00 0.000000000000000000e+00 1.000000000000000000e+00
6.495654582977294922e-01 7.580688595771789551e-01 -5.827615782618522644e-02 2.867493405938148499e-02
-6.605467200279235840e-01 6.006311774253845215e-01 4.504662156105041504e-01 -9.259293973445892334e-02
3.764869570732116699e-01 -2.541130781173706055e-01 8.908894062042236328e-01 -2.174126207828521729e-01
0.000000000000000000e+00 0.000000000000000000e+00 0.000000000000000000e+00 1.000000000000000000e+00
6.307808160781860352e-01 7.709441184997558594e-01 -8.809243142604827881e-02 3.253446146845817566e-02
-7.070897221565246582e-01 6.178372502326965332e-01 3.439490795135498047e-01 -6.206581369042396545e-02
3.195924162864685059e-01 -1.546672284603118896e-01 9.348468184471130371e-01 -2.242746651172637939e-01
0.000000000000000000e+00 0.000000000000000000e+00 0.000000000000000000e+00 1.000000000000000000e+00
6.147946119308471680e-01 7.777704596519470215e-01 -1.307694464921951294e-01 3.999260812997817993e-02
-7.489135861396789551e-01 6.276993155479431152e-01 2.124193757772445679e-01 -2.406652644276618958e-02
2.472974359989166260e-01 -3.265924751758575439e-02 9.683890938758850098e-01 -2.274119704961776733e-01
0.000000000000000000e+00 0.000000000000000000e+00 0.000000000000000000e+00 1.000000000000000000e+00
5.937464833259582520e-01 7.925967574119567871e-01 -1.387626975774765015e-01 4.088985919952392578e-02
-7.803018689155578613e-01 6.092557311058044434e-01 1.411952227354049683e-01 -4.499536473304033279e-03
1.964528709650039673e-01 2.444269135594367981e-02 9.802085161209106445e-01 -2.282201051712036133e-01
0.000000000000000000e+00 0.000000000000000000e+00 0.000000000000000000e+00 1.000000000000000000e+00
5.619809031486511230e-01 8.156998753547668457e-01 -1.371527612209320068e-01 3.755247220396995544e-02
-8.226386308670043945e-01 5.684732794761657715e-01 1.018113922327756882e-02 2.982441149652004242e-02
8.627241849899291992e-02 1.071055755019187927e-01 9.904976487159729004e-01 -2.281897366046905518e-01
0.000000000000000000e+00 0.000000000000000000e+00 0.000000000000000000e+00 1.000000000000000000e+00
5.345284342765808105e-01 8.355011940002441406e-01 -1.273458153009414673e-01 3.244305402040481567e-02
-8.441764116287231445e-01 5.205847024917602539e-01 -1.278969943523406982e-01 6.616397202014923096e-02
-4.056385159492492676e-02 1.758669167757034302e-01 9.835778474807739258e-01 -2.235356271266937256e-01
0.000000000000000000e+00 0.000000000000000000e+00 0.000000000000000000e+00 1.000000000000000000e+00
5.282147526741027832e-01 8.387913107872009277e-01 -1.319785863161087036e-01 3.094193339347839355e-02
-8.361456394195556641e-01 4.867695868015289307e-01 -2.528160214424133301e-01 9.764723479747772217e-02
-1.478167325258255005e-01 2.438944280147552490e-01 9.584705233573913574e-01 -2.126469612121582031e-01
0.000000000000000000e+00 0.000000000000000000e+00 0.000000000000000000e+00 1.000000000000000000e+00
4.718782603740692139e-01 8.651192784309387207e-01 -1.699984222650527954e-01 4.041979461908340454e-02
-8.400949835777282715e-01 3.826857209205627441e-01 -3.844372630119323730e-01 1.314794868230819702e-01
-2.675281465053558350e-01 3.242223858833312988e-01 9.073634743690490723e-01 -1.937228441238403320e-01
0.000000000000000000e+00 0.000000000000000000e+00 0.000000000000000000e+00 1.000000000000000000e+00
4.417339265346527100e-01 8.773452043533325195e-01 -1.874468028545379639e-01 4.573335498571395874e-02
-8.202358484268188477e-01 3.103112280368804932e-01 -4.805411696434020996e-01 1.561999320983886719e-01
-3.634337186813354492e-01 3.660219311714172363e-01 8.567051887512207031e-01 -1.766351908445358276e-01
0.000000000000000000e+00 0.000000000000000000e+00 0.000000000000000000e+00 1.000000000000000000e+00
4.151122272014617920e-01 8.829134106636047363e-01 -2.194212526082992554e-01 5.768556147813796997e-02
-8.020648360252380371e-01 2.413324713706970215e-01 -5.463063716888427734e-01 1.726584136486053467e-01
-4.293878078460693359e-01 4.027684926986694336e-01 8.083338737487792969e-01 -1.614493578672409058e-01
0.000000000000000000e+00 0.000000000000000000e+00 0.000000000000000000e+00 1.000000000000000000e+00
3.966195881366729736e-01 8.784039020538330078e-01 -2.666445672512054443e-01 7.504974305629730225e-02
-7.849637269973754883e-01 1.739267110824584961e-01 -5.946269631385803223e-01 1.832471340894699097e-01
-4.759461283683776855e-01 4.451469480991363525e-01 7.584980726242065430e-01 -1.439684778451919556e-01
0.000000000000000000e+00 0.000000000000000000e+00 0.000000000000000000e+00 1.000000000000000000e+00
3.751401007175445557e-01 8.820118904113769531e-01 -2.851752340793609619e-01 8.654012531042098999e-02
-7.751683592796325684e-01 1.297932714223861694e-01 -6.182779073715209961e-01 1.856960654258728027e-01
-5.083146691322326660e-01 4.529995918273925781e-01 7.323984503746032715e-01 -1.311549544334411621e-01
0.000000000000000000e+00 0.000000000000000000e+00 0.000000000000000000e+00 1.000000000000000000e+00
3.384034931659698486e-01 8.816295862197875977e-01 -3.289563059806823730e-01 1.039519309997558594e-01
-7.724096179008483887e-01 6.058162078261375427e-02 -6.322286128997802734e-01 1.835343092679977417e-01
-5.374628901481628418e-01 4.680373072624206543e-01 7.014803886413574219e-01 -1.169678866863250732e-01
0.000000000000000000e+00 0.000000000000000000e+00 0.000000000000000000e+00 1.000000000000000000e+00
