1.000000000000000000e+00 0.000000000000000000e+00 0.000000000000000000e+00 -4.097584310382009209e-01
0.000000000000000000e+00 -1.000000000000000000e+00 0.000000000000000000e+00 -1.932597221741734483e-02
0.000000000000000000e+00 0.000000000000000000e+00 -1.000000000000000000e+00 -2.664692399556274349e+00
0.000000000000000000e+00 0.000000000000000000e+00 0.000000000000000000e+00 1.000000000000000000e+00
9.959717988967895508e-01 -8.321780711412429810e-02 -3.339221328496932983e-02 -4.868891528602289909e-01
-8.272881060838699341e-02 -9.964473247528076172e-01 1.577013358473777771e-02 6.076909835657596376e-02
-3.458593413233757019e-02 -1.294412091374397278e-02 -9.993178844451904297e-01 -2.709042624103561892e+00
0.000000000000000000e+00 0.000000000000000000e+00 0.000000000000000000e+00 1.000000000000000000e+00
9.845932722091674805e-01 -1.682965755462646484e-01 -4.745774343609809875e-02 -5.069350754896072564e-01
-1.658494919538497925e-01 -9.848044514656066895e-01 5.151733383536338806e-02 2.138833806747335309e-01
-5.540681630373001099e-02 -4.285273700952529907e-02 -9.975438117980957031e-01 -2.703878125941327148e+00
0.000000000000000000e+00 0.000000000000000000e+00 0.000000000000000000e+00 1.000000000000000000e+00
9.638425707817077637e-01 -2.602876424789428711e-01 -5.707645416259765625e-02 -5.142307983556261286e-01
-2.557042539119720459e-01 -9.637026786804199219e-01 7.676129043102264404e-02 3.289631508065066212e-01
-7.498480379581451416e-02 -5.939106270670890808e-02 -9.954144954681396484e-01 -2.694416685837313974e+00
0.000000000000000000e+00 0.000000000000000000e+00 0.000000000000000000e+00 1.000000000000000000e+00
9.341533780097961426e-01 -3.505840897560119629e-01 -6.669437140226364136e-02 -5.138378938984369260e-01
-3.411770462989807129e-01 -9.321493506431579590e-01 1.212253123521804810e-01 4.994470541552671339e-01
-1.046688407659530640e-01 -9.048840403556823730e-02 -9.903818964958190918e-01 -2.673259793173557330e+00
0.000000000000000000e+00 0.000000000000000000e+00 0.000000000000000000e+00 1.000000000000000000e+00
8.897615671157836914e-01 -4.537849724292755127e-01 -4.902435094118118286e-02 -4.326210485037237929e-01
-4.440703392028808594e-01 -8.854902982711791992e-01 1.367787271738052368e-01 5.801042236898845683e-01
-1.054787486791610718e-01 -9.993017464876174927e-02 -9.893878102302551270e-01 -2.680372705608261796e+00
0.000000000000000000e+00 0.000000000000000000e+00 0.000000000000000000e+00 1.000000000000000000e+00
8.391630649566650391e-01 -5.427922606468200684e-01 -3.436415642499923706e-02 -3.647958950236125930e-01
-5.304813981056213379e-01 -8.307939767837524414e-01 1.684350520372390747e-01 7.066287029039597378e-01
-1.199748814105987549e-01 -1.231149733066558838e-01 -9.851140975952148438e-01 -2.665707307882877242e+00
0.000000000000000000e+00 0.000000000000000000e+00 0.000000000000000000e+00 1.000000000000000000e+00
7.866114974021911621e-01 -6.172907352447509766e-01 -1.395678333938121796e-02 -2.779377611662760539e-01
-6.065924763679504395e-01 -7.768031954765319824e-01 1.691793650388717651e-01 7.424840371408744089e-01
-1.152745634317398071e-01 -1.246121451258659363e-01 -9.854861497879028320e-01 -2.678076882531226666e+00
0.000000000000000000e+00 0.000000000000000000e+00 0.000000000000000000e+00 1.000000000000000000e+00
7.157058715820312500e-01 -6.982598304748535156e-01 1.407147198915481567e-02 -1.495327834795912858e-01
-6.904041767120361328e-01 -7.043263316154479980e-01 1.651247143745422363e-01 7.575797637230662351e-01
-1.053890958428382874e-01 -1.278957128524780273e-01 -9.861723184585571289e-01 -2.688768188435040951e+00
0.000000000000000000e+00 0.000000000000000000e+00 0.000000000000000000e+00 1.000000000000000000e+00
6.386368274688720703e-01 -7.694892883300781250e-01 5.393292754888534546e-03 -1.243852598241105695e-01
-7.626283168792724609e-01 -6.319764256477355957e-01 1.378537863492965698e-01 7.061580867671948258e-01
-1.026685982942581177e-01 -9.215157479047775269e-02 -9.904379248619079590e-01 -2.716104211647361488e+00
0.000000000000000000e+00 0.000000000000000000e+00 0.000000000000000000e+00 1.000000000000000000e+00
5.453864932060241699e-01 -8.378788828849792480e-01 2.264159917831420898e-02 -2.297266485454329751e-02
-8.354845643043518066e-01 -5.412642955780029297e-01 9.486262500286102295e-02 5.947118119279326542e-01
-6.722830235958099365e-02 -7.065339386463165283e-02 -9.952325820922851562e-01 -2.766338586590647353e+00
0.000000000000000000e+00 0.000000000000000000e+00 0.000000000000000000e+00 1.000000000000000000e+00
4.552824497222900391e-01 -8.881806731224060059e-01 6.206674128770828247e-02 1.496196291403540102e-01
-8.901757001876831055e-01 -4.527214169502258301e-01 5.128087848424911499e-02 4.776552229217678192e-01
-1.744776219129562378e-02 -7.859759777784347534e-02 -9.967536926269531250e-01 -2.808014949885954792e+00
0.000000000000000000e+00 0.000000000000000000e+00 0.000000000000000000e+00 1.000000000000000000e+00
3.471061587333679199e-01 -9.347943663597106934e-01 7.535262405872344971e-02 2.298694849616158831e-01
-9.377748370170593262e-01 -3.467990458011627197e-01 1.754020154476165771e-02 3.548430716871410207e-01
9.735721163451671600e-03 -7.675208151340484619e-02 -9.970026612281799316e-01 -2.822482774375382863e+00
0.000000000000000000e+00 0.000000000000000000e+00 0.000000000000000000e+00 1.000000000000000000e+00
2.687828838825225830e-01 -9.584378004074096680e-01 9.566533565521240234e-02 3.130861212585048237e-01
-9.607142210006713867e-01 -2.738960683345794678e-01 -4.483086615800857544e-02 1.363390071361888223e-01
6.916995346546173096e-02 -7.985725253820419312e-02 -9.944036006927490234e-01 -2.820138385810179393e+00
0.000000000000000000e+00 0.000000000000000000e+00 0.000000000000000000e+00 1.000000000000000000e+00
1.900729089975357056e-01 -9.738177657127380371e-01 1.247076913714408875e-01 4.111353233478282632e-01
-9.741883277893066406e-01 -2.028328627347946167e-01 -9.907511621713638306e-02 -5.165492988259454826e-02
1.217757537961006165e-01 -1.026572063565254211e-01 -9.872340559959411621e-01 -2.808608497414645022e+00
0.000000000000000000e+00 0.000000000000000000e+00 0.000000000000000000e+00 1.000000000000000000e+00
1.144990101456642151e-01 -9.851118326187133789e-01 1.282356977462768555e-01 4.391128042188574554e-01
-9.709832668304443359e-01 -1.382576376199722290e-01 -1.951303482055664062e-01 -3.553597598662965873e-01
2.099547684192657471e-01 -1.021724641323089600e-01 -9.723577499389648438e-01 -2.781699353805710651e+00
0.000000000000000000e+00 0.000000000000000000e+00 0.000000000000000000e+00 1.000000000000000000e+00
1.906992346048355103e-01 -9.751029610633850098e-01 1.131760850548744202e-01 3.863661310538328841e-01
-9.553402066230773926e-01 -2.108635902404785156e-01 -2.070315629243850708e-01 -3.853965485072813335e-01
2.257416248321533203e-01 -6.864090263843536377e-02 -9.717655181884765625e-01 -2.759662211668907794e+00
0.000000000000000000e+00 0.000000000000000000e+00 0.000000000000000000e+00 1.000000000000000000e+00
2.711166441440582275e-01 -9.556618332862854004e-01 1.149195507168769836e-01 3.709699744986696968e-01
-9.398857355117797852e-01 -2.885941267013549805e-01 -1.825597882270812988e-01 -2.942860025698320059e-01
2.076304554939270020e-01 -5.851626768708229065e-02 -9.764553904533386230e-01 -2.748796235571852709e+00
0.000000000000000000e+00 0.000000000000000000e+00 0.000000000000000000e+00 1.000000000000000000e+00
3.251200616359710693e-01 -9.387750625610351562e-01 1.140088811516761780e-01 3.553295418162293884e-01
-9.354866743087768555e-01 -3.369193971157073975e-01 -1.065347716212272644e-01 -4.656765942656478086e-02
1.384239643812179565e-01 -7.201724499464035034e-02 -9.877510070800781250e-01 -2.747943304185901159e+00
0.000000000000000000e+00 0.000000000000000000e+00 0.000000000000000000e+00 1.000000000000000000e+00
3.632514774799346924e-01 -9.194734692573547363e-01 1.503879874944686890e-01 4.448106604375856588e-01
-9.295641779899597168e-01 -3.685705363750457764e-01 -8.147219195961952209e-03 2.680897261487352745e-01
6.291973590850830078e-02 -1.368358284235000610e-01 -9.885938763618469238e-01 -2.712774992245386763e+00
0.000000000000000000e+00 0.000000000000000000e+00 0.000000000000000000e+00 1.000000000000000000e+00
3.937465548515319824e-01 -9.033804535865783691e-01 1.699021607637405396e-01 4.853290403743863446e-01
-9.192129969596862793e-01 -3.876203298568725586e-01 6.926386058330535889e-02 5.169526706251276194e-01
3.285934915766119957e-03 -1.834487020969390869e-01 -9.830234646797180176e-01 -2.662302480845913255e+00
0.000000000000000000e+00 0.000000000000000000e+00 0.000000000000000000e+00 1.000000000000000000e+00
4.514282643795013428e-01 -8.702780604362487793e-01 1.970487534999847412e-01 5.308210367891023074e-01
-8.906322717666625977e-01 -4.259317815303802490e-01 1.592365503311157227e-01 7.702943326985863814e-01
-5.465084314346313477e-02 -2.473818510770797729e-01 -9.673752188682556152e-01 -2.571000466851062871e+00
0.000000000000000000e+00 0.000000000000000000e+00 0.000000000000000000e+00 1.000000000000000000e+00
5.265991687774658203e-01 -8.302587270736694336e-01 1.826584339141845703e-01 4.380835469980230990e-01
-8.437965512275695801e-01 -4.843337833881378174e-01 2.311439514160156250e-01 9.546642404697162076e-01
-1.034416854381561279e-01 -2.758470475673675537e-01 -9.556193947792053223e-01 -2.500039390130690986e+00
0.000000000000000000e+00 0.000000000000000000e+00 0.000000000000000000e+00 1.000000000000000000e+00
5.884010791778564453e-01 -7.890029549598693848e-01 1.768008470535278320e-01 3.837494239310393906e-01
-7.963638901710510254e-01 -5.276472568511962891e-01 2.956219017505645752e-01 1.099847869975245862e+00
-1.399583220481872559e-01 -3.147420883178710938e-01 -9.388014078140258789e-01 -2.420153301198344042e+00
0.000000000000000000e+00 0.000000000000000000e+00 0.000000000000000000e+00 1.000000000000000000e+00
6.641088724136352539e-01 -7.317488789558410645e-01 1.533056795597076416e-01 2.613149831922821353e-01
-7.250128984451293945e-01 -5.802674889564514160e-01 3.710055053234100342e-01 1.243517484184150090e+00
-1.825248152017593384e-01 -3.575368523597717285e-01 -9.158886671066284180e-01 -2.315936040663938211e+00
0.000000000000000000e+00 0.000000000000000000e+00 0.000000000000000000e+00 1.000000000000000000e+00
7.325403094291687012e-01 -6.664770245552062988e-01 1.385399848222732544e-01 1.878550948310475088e-01
-6.470959186553955078e-01 -6.186029911041259766e-01 4.456426799297332764e-01 1.384670454112004956e+00
-2.113093733787536621e-01 -4.160996675491333008e-01 -8.844261765480041504e-01 -2.182373773754668456e+00
0.000000000000000000e+00 0.000000000000000000e+00 0.000000000000000000e+00 1.000000000000000000e+00
7.475783228874206543e-01 -6.527785062789916992e-01 1.224997118115425110e-01 1.269847141394202239e-01
-6.058408021926879883e-01 -5.946372747421264648e-01 5.285474061965942383e-01 1.559746555495383546e+00
-2.721815407276153564e-01 -4.693458974361419678e-01 -8.400183320045471191e-01 -1.991000225897212372e+00
0.000000000000000000e+00 0.000000000000000000e+00 0.000000000000000000e+00 1.000000000000000000e+00
7.764368653297424316e-01 -6.183295845985412598e-01 1.217140555381774902e-01 1.033365981923269478e-01
-5.392932295799255371e-01 -5.520052313804626465e-01 6.359661817550659180e-01 1.814735649987793131e+00
-3.260498642921447754e-01 -5.594272613525390625e-01 -7.620582580566406250e-01 -1.723350163827445325e+00
0.000000000000000000e+00 0.000000000000000000e+00 0.000000000000000000e+00 1.000000000000000000e+00
7.964071035385131836e-01 -5.923370718955993652e-01 1.219542995095252991e-01 8.850149719862794584e-02
-4.877869188785552979e-01 -5.099630355834960938e-01 7.085208296775817871e-01 1.991252021629655644e+00
-3.574906289577484131e-01 -6.237584948539733887e-01 -6.950727105140686035e-01 -1.502022333470835580e+00
0.000000000000000000e+00 0.000000000000000000e+00 0.000000000000000000e+00 1.000000000000000000e+00
8.263540863990783691e-01 -5.504448413848876953e-01 1.189493685960769653e-01 5.105854922021664521e-02
-4.196069240570068359e-01 -4.609566628932952881e-01 7.819521427154541016e-01 2.169109738941886967e+00
-3.755909800529479980e-01 -6.960812211036682129e-01 -6.118839383125305176e-01 -1.282134773372709535e+00
0.000000000000000000e+00 0.000000000000000000e+00 0.000000000000000000e+00 1.000000000000000000e+00
8.574983477592468262e-01 -5.079059004783630371e-01 8.202458918094635010e-02 -6.434888274028686961e-02
-3.319014012813568115e-01 -4.242881834506988525e-01 8.425084948539733887e-01 2.302743474382040301e+00
-3.931131362915039062e-01 -7.496737241744995117e-01 -5.324010252952575684e-01 -1.085386667819677964e+00
0.000000000000000000e+00 0.000000000000000000e+00 0.000000000000000000e+00 1.000000000000000000e+00
8.696510791778564453e-01 -4.906124174594879150e-01 5.483293160796165466e-02 -1.376824077024421944e-01
-2.358283847570419312e-01 -3.152884244918823242e-01 9.192267656326293945e-01 2.438383295611862955e+00
-4.336960017681121826e-01 -8.123375177383422852e-01 -3.898912370204925537e-01 -7.220011283628779974e-01
0.000000000000000000e+00 0.000000000000000000e+00 0.000000000000000000e+00 1.000000000000000000e+00
8.564278483390808105e-01 -5.153864026069641113e-01 3.013718873262405396e-02 -2.448587482542128602e-01
-1.119286790490150452e-01 -1.283735185861587524e-01 9.853893518447875977e-01 2.596338406774359786e+00
-5.039876699447631836e-01 -8.472884297370910645e-01 -1.676291376352310181e-01 -1.278429007312766597e-01
0.000000000000000000e+00 0.000000000000000000e+00 0.000000000000000000e+00 1.000000000000000000e+00
8.570944666862487793e-01 -5.134696364402770996e-01 4.168939217925071716e-02 -1.964123628067849237e-01
-1.092200800776481628e-01 -1.020330414175987244e-01 9.887667894363403320e-01 2.597951829554579373e+00
-5.034481883049011230e-01 -8.520197272300720215e-01 -1.435331553220748901e-01 -1.307129296484438874e-01
0.000000000000000000e+00 0.000000000000000000e+00 0.000000000000000000e+00 1.000000000000000000e+00
8.089160323143005371e-01 -5.868832468986511230e-01 3.497434407472610474e-02 -1.706359885138497567e-01
-1.189963668584823608e-01 -1.051787585020065308e-01 9.873079657554626465e-01 2.596879525651050624e+00
-5.757558941841125488e-01 -8.028107881546020508e-01 -1.549177616834640503e-01 -1.496027832549637338e-01
0.000000000000000000e+00 0.000000000000000000e+00 0.000000000000000000e+00 1.000000000000000000e+00
7.815937399864196777e-01 -6.221898794174194336e-01 4.462036862969398499e-02 -1.371692105321947186e-01
-2.446366548538208008e-01 -2.399390637874603271e-01 9.394583106040954590e-01 2.520114045273774916e+00
-5.738149881362915039e-01 -7.451905012130737305e-01 -3.397452831268310547e-01 -5.420352963447834238e-01
0.000000000000000000e+00 0.000000000000000000e+00 0.000000000000000000e+00 1.000000000000000000e+00
8.051968216896057129e-01 -5.886288285255432129e-01 7.193067669868469238e-02 -6.748798791682840414e-02
-3.035284280776977539e-01 -3.048889338970184326e-01 9.027250409126281738e-01 2.447669513642087846e+00
-5.094396471977233887e-01 -7.487046122550964355e-01 -4.241614639759063721e-01 -7.716161553618839930e-01
0.000000000000000000e+00 0.000000000000000000e+00 0.000000000000000000e+00 1.000000000000000000e+00
7.959595918655395508e-01 -5.987087488174438477e-01 8.942300826311111450e-02 -2.810886620402541086e-02
-3.693541288375854492e-01 -3.632892668247222900e-01 8.553356528282165527e-01 2.353902801122708777e+00
-4.796101152896881104e-01 -7.138409614562988281e-01 -5.102993249893188477e-01 -1.004028851437647418e+00
0.000000000000000000e+00 0.000000000000000000e+00 0.000000000000000000e+00 1.000000000000000000e+00
8.204598426818847656e-01 -5.673275589942932129e-01 7.059946656227111816e-02 -1.322083045531359802e-01
-4.600821435451507568e-01 -5.819131135940551758e-01 6.705978512763977051e-01 1.992304733773752945e+00
-3.393660485744476318e-01 -5.826805830001831055e-01 -7.384540438652038574e-01 -1.656457550502242970e+00
0.000000000000000000e+00 0.000000000000000000e+00 0.000000000000000000e+00 1.000000000000000000e+00
8.211317062377929688e-01 -5.693240761756896973e-01 4.016194120049476624e-02 -2.229067509381081336e-01
-4.737659096717834473e-01 -6.406866908073425293e-01 6.042066812515258789e-01 1.813186797231615133e+00
-3.182582557201385498e-01 -5.151604413986206055e-01 -7.958146333694458008e-01 -1.820116071181475892e+00
0.000000000000000000e+00 0.000000000000000000e+00 0.000000000000000000e+00 1.000000000000000000e+00
8.484854102134704590e-01 -5.276893973350524902e-01 4.020205885171890259e-02 -2.316483146068858412e-01
-4.640150070190429688e-01 -7.052669525146484375e-01 5.359936952590942383e-01 1.618933122767601818e+00
-2.544847726821899414e-01 -4.734366536140441895e-01 -8.432645797729492188e-01 -1.966461961119754687e+00
0.000000000000000000e+00 0.000000000000000000e+00 0.000000000000000000e+00 1.000000000000000000e+00
8.649578094482421875e-01 -5.018296837806701660e-01 3.913870081305503845e-03 -3.133046466262391361e-01
-4.627050459384918213e-01 -7.944543957710266113e-01 3.933779299259185791e-01 1.237390092436901456e+00
-1.942993998527526855e-01 -3.420661091804504395e-01 -9.193684458732604980e-01 -2.183582806063806725e+00
0.000000000000000000e+00 0.000000000000000000e+00 0.000000000000000000e+00 1.000000000000000000e+00
8.734018206596374512e-01 -4.868851602077484131e-01 1.058805827051401138e-02 -2.830372064089903272e-01
-4.731895029544830322e-01 -8.432913422584533691e-01 2.548532485961914062e-01 8.795773047772491582e-01
-1.151555776596069336e-01 -2.275996506214141846e-01 -9.669216275215148926e-01 -2.337398261240524189e+00
0.000000000000000000e+00 0.000000000000000000e+00 0.000000000000000000e+00 1.000000000000000000e+00
8.759025931358337402e-01 -4.824856519699096680e-01 1.430015428923070431e-03 -2.686541818149181804e-01
-4.819990992546081543e-01 -8.748782873153686523e-01 4.758843407034873962e-02 3.387456474189488587e-01
-2.170966379344463348e-02 -4.237209632992744446e-02 -9.988660216331481934e-01 -2.460851732163722438e+00
0.000000000000000000e+00 0.000000000000000000e+00 0.000000000000000000e+00 1.000000000000000000e+00
8.847955465316772461e-01 -4.659463465213775635e-01 -5.540463142096996307e-03 -2.735424292706630234e-01
-4.656544625759124756e-01 -8.836723566055297852e-01 -4.784275218844413757e-02 7.778798205306183822e-02
1.739621534943580627e-02 4.491099342703819275e-02 -9.988394975662231445e-01 -2.482531255705833217e+00
0.000000000000000000e+00 0.000000000000000000e+00 0.000000000000000000e+00 1.000000000000000000e+00
8.931457996368408203e-01 -4.497516751289367676e-01 -3.707067109644412994e-03 -2.641713078674794990e-01
-4.452012181282043457e-01 -8.828777074813842773e-01 -1.494071632623672485e-01 -2.123460901804690160e-01
6.392332166433334351e-02 1.350927501916885376e-01 -9.887688159942626953e-01 -2.477592200747196660e+00
0.000000000000000000e+00 0.000000000000000000e+00 0.000000000000000000e+00 1.000000000000000000e+00
8.970136642456054688e-01 -4.419659078121185303e-01 -5.696516949683427811e-03 -2.696793171779144349e-01
-4.285152256488800049e-01 -8.664102554321289062e-01 -2.563354074954986572e-01 -5.255105688121886054e-01
1.083560436964035034e-01 2.323774099349975586e-01 -9.665710926055908203e-01 -2.433342142519255624e+00
0.000000000000000000e+00 0.000000000000000000e+00 0.000000000000000000e+00 1.000000000000000000e+00
9.015088081359863281e-01 -4.327598214149475098e-01 1.039214985212311149e-04 -2.503623770128030612e-01
-4.021518826484680176e-01 -8.378365635871887207e-01 -3.691930770874023438e-01 -8.705058617742372773e-01
1.598590761423110962e-01 3.327888846397399902e-01 -9.293527603149414062e-01 -2.345129003948002833e+00
0.000000000000000000e+00 0.000000000000000000e+00 0.000000000000000000e+00 1.000000000000000000e+00
9.054913520812988281e-01 -4.243604242801666260e-01 1.610253471881151199e-03 -2.579377653461987219e-01
-3.771986365318298340e-01 -8.065860867500305176e-01 -4.551267921924591064e-01 -1.136808714442819612e+00
1.944368630647659302e-01 4.115060567855834961e-01 -8.904249668121337891e-01 -2.258767148672883529e+00
0.000000000000000000e+00 0.000000000000000000e+00 0.000000000000000000e+00 1.000000000000000000e+00
9.187384247779846191e-01 -3.948591947555541992e-01 -2.628176473081111908e-03 -2.959634215744247343e-01
-3.314547240734100342e-01 -7.675600647926330566e-01 -5.486252307891845703e-01 -1.424240382852311582e+00
2.146123945713043213e-01 5.049135684967041016e-01 -8.360643386840820312e-01 -2.132698453805863092e+00
0.000000000000000000e+00 0.000000000000000000e+00 0.000000000000000000e+00 1.000000000000000000e+00
9.137554764747619629e-01 -4.052979648113250732e-01 -2.799852564930915833e-02 -3.756168928560575382e-01
-3.308674395084381104e-01 -7.024153470993041992e-01 -6.301900148391723633e-01 -1.653534470939987955e+00
2.357483357191085815e-01 5.851033329963684082e-01 -7.759359478950500488e-01 -1.996563457754917836e+00
0.000000000000000000e+00 0.000000000000000000e+00 0.000000000000000000e+00 1.000000000000000000e+00
9.205669164657592773e-01 -3.880541324615478516e-01 -4.439861327409744263e-02 -4.417779540231944191e-01
-2.966481745243072510e-01 -6.206895112991333008e-01 -7.257714867591857910e-01 -1.933336114841895270e+00
2.540809512138366699e-01 6.812916994094848633e-01 -6.865016222000122070e-01 -1.766415610460469132e+00
0.000000000000000000e+00 0.000000000000000000e+00 0.000000000000000000e+00 1.000000000000000000e+00
9.304469227790832520e-01 -3.597455024719238281e-01 -6.965320557355880737e-02 -5.239457930786188822e-01
-2.697701752185821533e-01 -5.438821315765380859e-01 -7.946166396141052246e-01 -2.142575139778627680e+00
2.479766011238098145e-01 7.581388950347900391e-01 -6.031020879745483398e-01 -1.530070696499666649e+00
0.000000000000000000e+00 0.000000000000000000e+00 0.000000000000000000e+00 1.000000000000000000e+00
9.408131837844848633e-01 -3.336921632289886475e-01 -5.933426693081855774e-02 -5.163394304495023679e-01
-2.233824431896209717e-01 -4.788424670696258545e-01 -8.490051627159118652e-01 -2.323100095776270191e+00
2.548946738243103027e-01 8.120095133781433105e-01 -5.250424146652221680e-01 -1.324483879055254221e+00
0.000000000000000000e+00 0.000000000000000000e+00 0.000000000000000000e+00 1.000000000000000000e+00
9.503478407859802246e-01 -3.062561750411987305e-01 -5.518930405378341675e-02 -5.321865079043963664e-01
-1.834748387336730957e-01 -4.081904292106628418e-01 -8.942692279815673828e-01 -2.463060175900996907e+00
2.513476908206939697e-01 8.599925637245178223e-01 -4.441132843494415283e-01 -1.116307155187129752e+00
0.000000000000000000e+00 0.000000000000000000e+00 0.000000000000000000e+00 1.000000000000000000e+00
9.641774892807006836e-01 -2.604056000709533691e-01 -5.050692334771156311e-02 -5.496937800158989695e-01
-1.411955952644348145e-01 -3.426470160484313965e-01 -9.287931919097900391e-01 -2.587915699354774279e+00
2.245568484067916870e-01 9.026526212692260742e-01 -3.671405613422393799e-01 -8.927907735348783458e-01
0.000000000000000000e+00 0.000000000000000000e+00 0.000000000000000000e+00 1.000000000000000000e+00
9.720592498779296875e-01 -2.222862988710403442e-01 -7.543192803859710693e-02 -6.385180573082891442e-01
-1.327731162309646606e-01 -2.556575238704681396e-01 -9.576067328453063965e-01 -2.707836306954020333e+00
1.935781091451644897e-01 9.408655762672424316e-01 -2.780279219150543213e-01 -5.955623286037811104e-01
0.000000000000000000e+00 0.000000000000000000e+00 0.000000000000000000e+00 1.000000000000000000e+00
9.823668599128723145e-01 -1.788177341222763062e-01 -5.458337068557739258e-02 -6.100020445006349989e-01
-8.104729652404785156e-02 -1.442074626684188843e-01 -9.862227439880371094e-01 -2.828988711934983247e+00
1.684828251600265503e-01 9.732565879821777344e-01 -1.561572402715682983e-01 -2.093549591031619306e-01
0.000000000000000000e+00 0.000000000000000000e+00 0.000000000000000000e+00 1.000000000000000000e+00
9.949644207954406738e-01 -9.960870444774627686e-02 -1.109996624290943146e-02 -5.121312033057129343e-01
-2.362825535237789154e-02 -1.254930347204208374e-01 -9.918130636215209961e-01 -2.860554623602577617e+00
9.740027040243148804e-02 9.870811104774475098e-01 -1.272146254777908325e-01 -1.310233107175349798e-01
0.000000000000000000e+00 0.000000000000000000e+00 0.000000000000000000e+00 1.000000000000000000e+00
9.970665574073791504e-01 -7.644186913967132568e-02 3.888794453814625740e-03 -4.809126314576160355e-01
-1.475205365568399429e-02 -2.417755573987960815e-01 -9.702202081680297852e-01 -2.816015655908091109e+00
7.510562986135482788e-02 9.673165082931518555e-01 -2.421938925981521606e-01 -4.682734603390721340e-01
0.000000000000000000e+00 0.000000000000000000e+00 0.000000000000000000e+00 1.000000000000000000e+00
9.990182518959045410e-01 -9.456593543291091919e-03 4.327936470508575439e-02 -3.535062816213869197e-01
3.864645957946777344e-02 -2.915383875370025635e-01 -9.557780623435974121e-01 -2.877028809821948308e+00
2.165600098669528961e-02 9.565123319625854492e-01 -2.908867299556732178e-01 -5.892362598594812484e-01
0.000000000000000000e+00 0.000000000000000000e+00 0.000000000000000000e+00 1.000000000000000000e+00
9.895925521850585938e-01 6.075876578688621521e-02 1.304397135972976685e-01 -4.541073527430587731e-02
1.421788781881332397e-01 -2.732225060462951660e-01 -9.513858556747436523e-01 -2.976081158283709005e+00
-2.216594666242599487e-02 9.600301384925842285e-01 -2.790176570415496826e-01 -5.349962669183574437e-01
0.000000000000000000e+00 0.000000000000000000e+00 0.000000000000000000e+00 1.000000000000000000e+00
9.707650542259216309e-01 8.478365838527679443e-02 2.245593219995498657e-01 2.497969084897147807e-01
2.389495521783828735e-01 -2.526148557662963867e-01 -9.375976324081420898e-01 -3.022027421373973954e+00
-2.276592701673507690e-02 9.638451337814331055e-01 -2.654886543750762939e-01 -4.780920706348325555e-01
0.000000000000000000e+00 0.000000000000000000e+00 0.000000000000000000e+00 1.000000000000000000e+00
9.731414914131164551e-01 3.950347751379013062e-02 2.267933040857315063e-01 2.402971816727282883e-01
2.284789830446243286e-01 -2.862539291381835938e-01 -9.305140972137451172e-01 -3.003081914063506108e+00
2.816193364560604095e-02 9.573390483856201172e-01 -2.875913381576538086e-01 -5.810114805845089103e-01
0.000000000000000000e+00 0.000000000000000000e+00 0.000000000000000000e+00 1.000000000000000000e+00
9.841430783271789551e-01 -3.442945703864097595e-02 1.740031838417053223e-01 4.401786846371529699e-02
1.534409672021865845e-01 -3.268835842609405518e-01 -9.325249791145324707e-01 -2.980538697464770070e+00
8.898510783910751343e-02 9.444370269775390625e-01 -3.164173960685729980e-01 -7.217283614023431992e-01
0.000000000000000000e+00 0.000000000000000000e+00 0.000000000000000000e+00 1.000000000000000000e+00
9.876596331596374512e-01 -1.172382086515426636e-01 1.038444414734840393e-01 -1.994827157395118455e-01
5.375475436449050903e-02 -3.690141737461090088e-01 -9.278678894042968750e-01 -2.913726382759209255e+00
1.471016108989715576e-01 9.219999313354492188e-01 -3.581582009792327881e-01 -9.158135743292736830e-01
0.000000000000000000e+00 0.000000000000000000e+00 0.000000000000000000e+00 1.000000000000000000e+00
9.831991195678710938e-01 -1.812773495912551880e-01 2.140166051685810089e-02 -4.715354221221443876e-01
-3.647970780730247498e-02 -3.100170493125915527e-01 -9.500310420989990234e-01 -2.934502201905011098e+00
1.788539588451385498e-01 9.332887530326843262e-01 -3.114214837551116943e-01 -8.071087661090434739e-01
0.000000000000000000e+00 0.000000000000000000e+00 0.000000000000000000e+00 1.000000000000000000e+00
9.287847876548767090e-01 -3.609646260738372803e-01 -8.404175192117691040e-02 -7.767614440053709490e-01
-2.112938016653060913e-01 -3.294175565242767334e-01 -9.202381968498229980e-01 -2.755581148748145637e+00
3.044889569282531738e-01 8.724612593650817871e-01 -3.822280168533325195e-01 -1.119692459449730615e+00
0.000000000000000000e+00 0.000000000000000000e+00 0.000000000000000000e+00 1.000000000000000000e+00
8.820052146911621094e-01 -4.606102108955383301e-01 -9.952694922685623169e-02 -8.056079642758278148e-01
-2.795715928077697754e-01 -3.414423465728759766e-01 -8.973611593246459961e-01 -2.642083326959125067e+00
3.793510496616363525e-01 8.193020224571228027e-01 -4.299275577068328857e-01 -1.339974200228811529e+00
0.000000000000000000e+00 0.000000000000000000e+00 0.000000000000000000e+00 1.000000000000000000e+00
8.427779674530029297e-01 -5.340473055839538574e-01 -6.722265481948852539e-02 -6.928960203862539746e-01
-3.335557579994201660e-01 -4.201553463935852051e-01 -8.439255356788635254e-01 -2.454903105470679581e+00
4.224520325660705566e-01 7.336639165878295898e-01 -5.322318077087402344e-01 -1.690313352530988578e+00
0.000000000000000000e+00 0.000000000000000000e+00 0.000000000000000000e+00 1.000000000000000000e+00
8.063067793846130371e-01 -5.892323255538940430e-01 -5.171432346105575562e-02 -6.229686159310954263e-01
-4.220106601715087891e-01 -5.118041038513183594e-01 -7.483069300651550293e-01 -2.110887538450339385e+00
4.144592285156250000e-01 6.251888275146484375e-01 -6.613339781761169434e-01 -2.086428098864158365e+00
0.000000000000000000e+00 0.000000000000000000e+00 0.000000000000000000e+00 1.000000000000000000e+00
7.763494253158569336e-01 -6.295335888862609863e-01 -3.113477304577827454e-02 -5.457778081144731841e-01
-5.063852667808532715e-01 -5.935448408126831055e-01 -6.255228519439697266e-01 -1.676971320115043351e+00
3.753075599670410156e-01 5.013904571533203125e-01 -7.795840501785278320e-01 -2.423875183609768946e+00
0.000000000000000000e+00 0.000000000000000000e+00 0.000000000000000000e+00 1.000000000000000000e+00
7.552119493484497070e-01 -6.551027297973632812e-01 -2.225782349705696106e-02 -5.096648491395420200e-01
-5.644000768661499023e-01 -6.326305866241455078e-01 -5.303120017051696777e-01 -1.350179944977941915e+00
3.333280384540557861e-01 4.130601286888122559e-01 -8.475106954574584961e-01 -2.611937034272628910e+00
0.000000000000000000e+00 0.000000000000000000e+00 0.000000000000000000e+00 1.000000000000000000e+00
6.579864025115966797e-01 -7.524178624153137207e-01 -3.036458231508731842e-02 -4.695981834307589864e-01
-6.773251891136169434e-01 -5.737344622611999512e-01 -4.604984223842620850e-01 -1.061487574443064741e+00
3.290658891201019287e-01 3.235681056976318359e-01 -8.871406912803649902e-01 -2.744131741185529716e+00
0.000000000000000000e+00 0.000000000000000000e+00 0.000000000000000000e+00 1.000000000000000000e+00
5.867647528648376465e-01 -8.096749186515808105e-01 1.155177876353263855e-02 -2.937549680865439994e-01
-7.400994300842285156e-01 -5.420233011245727539e-01 -3.980746269226074219e-01 -8.226956221352492715e-01
3.285725116729736328e-01 2.250266671180725098e-01 -9.172802567481994629e-01 -2.851056113774894651e+00
0.000000000000000000e+00 0.000000000000000000e+00 0.000000000000000000e+00 1.000000000000000000e+00
5.411695241928100586e-01 -8.397270441055297852e-01 4.465359076857566833e-02 -1.553262012643490397e-01
-7.840999364852905273e-01 -5.230823159217834473e-01 -3.340241909027099609e-01 -5.903556018290668783e-01
3.038466870784759521e-01 1.457508355379104614e-01 -9.415062069892883301e-01 -2.912751667985567394e+00
0.000000000000000000e+00 0.000000000000000000e+00 0.000000000000000000e+00 1.000000000000000000e+00
5.042310953140258789e-01 -8.570811748504638672e-01 1.056536957621574402e-01 6.562831208293640195e-02
-8.209953308105468750e-01 -5.137121081352233887e-01 -2.491312474012374878e-01 -3.013978802285101066e-01
2.678013145923614502e-01 3.887847810983657837e-02 -9.626893997192382812e-01 -2.962904364607843455e+00
0.000000000000000000e+00 0.000000000000000000e+00 0.000000000000000000e+00 1.000000000000000000e+00
4.345528781414031982e-01 -8.875132203102111816e-01 1.532434672117233276e-01 2.674317684852611787e-01
-8.618871569633483887e-01 -4.591657817363739014e-01 -2.152139097452163696e-01 -1.657564723421139641e-01
2.613694071769714355e-01 -3.855674341320991516e-02 -9.644685983657836914e-01 -2.968781340556725379e+00
0.000000000000000000e+00 0.000000000000000000e+00 0.000000000000000000e+00 1.000000000000000000e+00
3.568826317787170410e-01 -9.003697633743286133e-01 2.489358931779861450e-01 6.234871960194346974e-01
-8.948021531105041504e-01 -4.060156047344207764e-01 -1.856902539730072021e-01 -4.660396281882108610e-02
2.682616710662841797e-01 -1.564787030220031738e-01 -9.505523443222045898e-01 -2.926633947214242415e+00
0.000000000000000000e+00 0.000000000000000000e+00 0.000000000000000000e+00 1.000000000000000000e+00
2.948656678199768066e-01 -8.910979032516479492e-01 3.449607193470001221e-01 9.603613597718129169e-01
-9.151558279991149902e-01 -3.672017157077789307e-01 -1.662927567958831787e-01 2.501177034405297969e-02
2.748532295227050781e-01 -2.666589021682739258e-01 -9.237685799598693848e-01 -2.848728281626112135e+00
0.000000000000000000e+00 0.000000000000000000e+00 0.000000000000000000e+00 1.000000000000000000e+00
2.669351100921630859e-01 -8.628021478652954102e-01 4.293230175971984863e-01 1.232285667695847575e+00
-9.360861182212829590e-01 -3.380387425422668457e-01 -9.733045846223831177e-02 2.568392962653724410e-01
2.291046380996704102e-01 -3.759023845195770264e-01 -8.978917598724365234e-01 -2.737638866545789362e+00
0.000000000000000000e+00 0.000000000000000000e+00 0.000000000000000000e+00 1.000000000000000000e+00
1.762999743223190308e-01 -7.869952321052551270e-01 5.912339687347412109e-01 1.780450403334716380e+00
-9.627278447151184082e-01 -2.630245387554168701e-01 -6.303828209638595581e-02 3.624232199902577278e-01
2.051199376583099365e-01 -5.580834150314331055e-01 -8.040337562561035156e-01 -2.435446187106081961e+00
0.000000000000000000e+00 0.000000000000000000e+00 0.000000000000000000e+00 1.000000000000000000e+00
1.337794065475463867e-01 -6.878777146339416504e-01 7.133917212486267090e-01 2.176897657697673072e+00
-9.739432930946350098e-01 -2.242852896451950073e-01 -3.362429514527320862e-02 4.604404130078340596e-01
1.831325739622116089e-01 -6.903044581413269043e-01 -6.999587416648864746e-01 -2.111928153465534752e+00
0.000000000000000000e+00 0.000000000000000000e+00 0.000000000000000000e+00 1.000000000000000000e+00
1.097724735736846924e-01 -5.898454785346984863e-01 8.000196814537048340e-01 2.447149836548262680e+00
-9.835601449012756348e-01 -1.805699318647384644e-01 1.824261271394789219e-03 5.715443494450593853e-01
1.433834880590438843e-01 -7.870680093765258789e-01 -5.999704599380493164e-01 -1.790226496676500689e+00
0.000000000000000000e+00 0.000000000000000000e+00 0.000000000000000000e+00 1.000000000000000000e+00
7.714906334877014160e-02 -5.178372263908386230e-01 8.519935011863708496e-01 2.624243337272531562e+00
-9.907081723213195801e-01 -1.358165144920349121e-01 7.161182351410388947e-03 5.920687180164683205e-01
1.120063811540603638e-01 -8.446290493011474609e-01 -5.235037803649902344e-01 -1.541394181570486799e+00
0.000000000000000000e+00 0.000000000000000000e+00 0.000000000000000000e+00 1.000000000000000000e+00
1.527647227048873901e-01 -5.221989154815673828e-01 8.390299081802368164e-01 2.522745054224852623e+00
-9.880523681640625000e-01 -9.821346402168273926e-02 1.187710165977478027e-01 9.270486897601554199e-01
2.038192376494407654e-02 -8.471495509147644043e-01 -5.309637188911437988e-01 -1.498422692600652084e+00
0.000000000000000000e+00 0.000000000000000000e+00 0.000000000000000000e+00 1.000000000000000000e+00
2.577812075614929199e-01 -5.868445038795471191e-01 7.675689458847045898e-01 2.242166776422666707e+00
-9.608922004699707031e-01 -7.252638787031173706e-02 2.672569751739501953e-01 1.354960102814786183e+00
-1.011691838502883911e-01 -8.064453601837158203e-01 -5.825901627540588379e-01 -1.555936923844219777e+00
0.000000000000000000e+00 0.000000000000000000e+00 0.000000000000000000e+00 1.000000000000000000e+00
3.143778741359710693e-01 -6.283760070800781250e-01 7.115551233291625977e-01 2.045900255632278952e+00
-9.311403036117553711e-01 -5.821559950709342957e-02 3.599842786788940430e-01 1.601694030109583888e+00
-1.847818344831466675e-01 -7.757287025451660156e-01 -6.034078001976013184e-01 -1.559152041943027145e+00
0.000000000000000000e+00 0.000000000000000000e+00 0.000000000000000000e+00 1.000000000000000000e+00
3.556419014930725098e-01 -6.566621661186218262e-01 6.650668382644653320e-01 1.882779542546452412e+00
-8.930262923240661621e-01 -2.882559224963188171e-02 4.490809440612792969e-01 1.834082650396468672e+00
-2.757233679294586182e-01 -7.536339163780212402e-01 -5.966680645942687988e-01 -1.475814216127190326e+00
0.000000000000000000e+00 0.000000000000000000e+00 0.000000000000000000e+00 1.000000000000000000e+00
4.134128689765930176e-01 -6.531666517257690430e-01 6.343998312950134277e-01 1.746453733796256236e+00
-8.408623933792114258e-01 -6.552730221301317215e-03 5.412094593048095703e-01 2.059645750043688661e+00
-3.493428230285644531e-01 -7.571856975555419922e-01 -5.519318580627441406e-01 -1.276506557580551871e+00
0.000000000000000000e+00 0.000000000000000000e+00 0.000000000000000000e+00 1.000000000000000000e+00
5.093049407005310059e-01 -6.577899456024169922e-01 5.549060106277465820e-01 1.460688882609941119e+00
-7.353866100311279297e-01 2.269123448058962822e-03 6.776442527770996094e-01 2.361283927503432079e+00
-4.470064043998718262e-01 -7.531982660293579102e-01 -4.825741350650787354e-01 -9.719808721119304051e-01
0.000000000000000000e+00 0.000000000000000000e+00 0.000000000000000000e+00 1.000000000000000000e+00
6.061028242111206055e-01 -7.021033167839050293e-01 3.737505376338958740e-01 8.684537948463668666e-01
-5.805358290672302246e-01 -6.928821653127670288e-02 8.112810850143432617e-01 2.663906797829810102e+00
-5.437072515487670898e-01 -7.086953520774841309e-01 -4.495920240879058838e-01 -8.019517183341980937e-01
0.000000000000000000e+00 0.000000000000000000e+00 0.000000000000000000e+00 1.000000000000000000e+00
6.220543384552001953e-01 -7.375824451446533203e-01 2.627185583114624023e-01 5.645219673392436466e-01
-4.956361949443817139e-01 -1.111891046166419983e-01 8.613837361335754395e-01 2.756922952804774063e+00
-6.061297059059143066e-01 -6.660400629043579102e-01 -4.347380697727203369e-01 -7.207907853374396767e-01
0.000000000000000000e+00 0.000000000000000000e+00 0.000000000000000000e+00 1.000000000000000000e+00
5.844042897224426270e-01 -7.913465499877929688e-01 1.795596182346343994e-01 3.876219007468260647e-01
-3.819175660610198975e-01 -7.299485057592391968e-02 9.213092923164367676e-01 2.862175127335624847e+00
-7.159683108329772949e-01 -6.069942712783813477e-01 -3.448876142501831055e-01 -4.427214599811747919e-01
0.000000000000000000e+00 0.000000000000000000e+00 0.000000000000000000e+00 1.000000000000000000e+00
4.228510260581970215e-01 -9.041191339492797852e-01 6.136126071214675903e-02 1.843476525048080850e-01
-2.315531820058822632e-01 -4.233450815081596375e-02 9.719009399414062500e-01 2.925110481195951628e+00
-8.761164546012878418e-01 -4.251776039600372314e-01 -2.272528111934661865e-01 -9.213360788420824066e-02
0.000000000000000000e+00 0.000000000000000000e+00 0.000000000000000000e+00 1.000000000000000000e+00
2.660057246685028076e-01 -9.597353935241699219e-01 -9.027300029993057251e-02 -1.981790531627677099e-01
-2.439651340246200562e-01 -1.576239913702011108e-01 9.568883180618286133e-01 2.952676638596523517e+00
-9.325888156890869141e-01 -2.325145155191421509e-01 -2.760711312294006348e-01 -3.026294114205594354e-01
0.000000000000000000e+00 0.000000000000000000e+00 0.000000000000000000e+00 1.000000000000000000e+00
2.761593759059906006e-01 -9.606962800025939941e-01 2.825333736836910248e-02 1.701682200939120537e-01
-3.692118227481842041e-01 -7.890012860298156738e-02 9.259899258613586426e-01 2.887261133556341619e+00
-8.873660564422607422e-01 -2.661522328853607178e-01 -3.764897286891937256e-01 -5.854489106181255398e-01
0.000000000000000000e+00 0.000000000000000000e+00 0.000000000000000000e+00 1.000000000000000000e+00
2.677555084228515625e-01 -9.630584120750427246e-01 2.873281389474868774e-02 2.198664258391661019e-01
-4.562941193580627441e-01 -1.004835516214370728e-01 8.841373920440673828e-01 2.799385745880075493e+00
-8.485884666442871094e-01 -2.498430758714675903e-01 -4.663430452346801758e-01 -8.789318112593299537e-01
0.000000000000000000e+00 0.000000000000000000e+00 0.000000000000000000e+00 1.000000000000000000e+00
