1.000000000000000000e+00 0.000000000000000000e+00 0.000000000000000000e+00 -1.792658120393753052e-02
0.000000000000000000e+00 1.000000000000000000e+00 0.000000000000000000e+00 2.243540808558464050e-02
0.000000000000000000e+00 0.000000000000000000e+00 1.000000000000000000e+00 -3.816788792610168457e-01
0.000000000000000000e+00 0.000000000000000000e+00 0.000000000000000000e+00 1.000000000000000000e+00
9.955688118934631348e-01 5.736362561583518982e-02 -7.450997084379196167e-02 1.340786553919315338e-02
-5.866889283061027527e-02 9.981579780578613281e-01 -1.544697955250740051e-02 2.538758143782615662e-02
7.348660379648208618e-02 1.975002326071262360e-02 9.971005916595458984e-01 -3.787473440170288086e-01
0.000000000000000000e+00 0.000000000000000000e+00 0.000000000000000000e+00 1.000000000000000000e+00
9.729057550430297852e-01 7.669780403375625610e-02 -2.181097865104675293e-01 7.184468209743499756e-02
-8.194344490766525269e-02 9.965228438377380371e-01 -1.509385369718074799e-02 2.623645588755607605e-02
2.161936461925506592e-01 3.255762159824371338e-02 9.758073687553405762e-01 -3.694477081298828125e-01
0.000000000000000000e+00 0.000000000000000000e+00 0.000000000000000000e+00 1.000000000000000000e+00
9.386787414550781250e-01 7.021099328994750977e-02 -3.375688493251800537e-01 1.205830425024032593e-01
-6.761866062879562378e-02 9.975216388702392578e-01 1.944720745086669922e-02 1.380863506346940994e-02
3.380976617336273193e-01 4.571289289742708206e-03 9.410999417304992676e-01 -3.563627600669860840e-01
0.000000000000000000e+00 0.000000000000000000e+00 0.000000000000000000e+00 1.000000000000000000e+00
9.109665751457214355e-01 8.639602363109588623e-02 -4.033305346965789795e-01 1.484530419111251831e-01
-7.268659025430679321e-02 9.961400628089904785e-01 4.920897260308265686e-02 6.109527312219142914e-03
4.060252010822296143e-01 -1.551096793264150620e-02 9.137301445007324219e-01 -3.443154990673065186e-01
0.000000000000000000e+00 0.000000000000000000e+00 0.000000000000000000e+00 1.000000000000000000e+00
1.924646198749542236e-01 1.278375387191772461e-01 -9.729413390159606934e-01 3.943434953689575195e-01
-7.607607543468475342e-02 9.904379844665527344e-01 1.150873005390167236e-01 -1.541194599121809006e-02
9.783505201339721680e-01 5.186732858419418335e-02 2.003496736288070679e-01 -7.484385371208190918e-02
0.000000000000000000e+00 0.000000000000000000e+00 0.000000000000000000e+00 1.000000000000000000e+00
1.768632829189300537e-01 1.400312632322311401e-01 -9.742229580879211426e-01 3.928292989730834961e-01
-6.074270233511924744e-02 9.894934296607971191e-01 1.311987638473510742e-01 -1.723319105803966522e-02
9.823591709136962891e-01 3.597271442413330078e-02 1.835109442472457886e-01 -6.131970882415771484e-02
0.000000000000000000e+00 0.000000000000000000e+00 0.000000000000000000e+00 1.000000000000000000e+00
1.574583798646926880e-01 1.384944319725036621e-01 -9.777657985687255859e-01 3.912536799907684326e-01
-6.333190202713012695e-02 9.894949793815612793e-01 1.299568861722946167e-01 -1.283830590546131134e-02
9.854926466941833496e-01 4.146098718047142029e-02 1.645754277706146240e-01 -4.566385969519615173e-02
0.000000000000000000e+00 0.000000000000000000e+00 0.000000000000000000e+00 1.000000000000000000e+00
1.737887710332870483e-01 1.331478357315063477e-01 -9.757401943206787109e-01 3.870224356651306152e-01
-7.118580490350723267e-02 9.899240732192993164e-01 1.224044561386108398e-01 -8.054378442466259003e-03
9.822065830230712891e-01 4.818635061383247375e-02 1.815159320831298828e-01 -4.234553128480911255e-02
0.000000000000000000e+00 0.000000000000000000e+00 0.000000000000000000e+00 1.000000000000000000e+00
1.852552443742752075e-01 1.381178200244903564e-01 -9.729356765747070312e-01 3.842177987098693848e-01
-9.022639691829681396e-02 9.882820844650268555e-01 1.231165230274200439e-01 -6.750400643795728683e-03
9.785394668579101562e-01 6.497652083635330200e-02 1.955463290214538574e-01 -3.806213662028312683e-02
0.000000000000000000e+00 0.000000000000000000e+00 0.000000000000000000e+00 1.000000000000000000e+00
1.989742517471313477e-01 1.300174742937088013e-01 -9.713417291641235352e-01 3.815248012542724609e-01
-1.135020256042480469e-01 9.875475764274597168e-01 1.089363694190979004e-01 5.996549734845757484e-04
9.734097719192504883e-01 8.857371658086776733e-02 2.112537622451782227e-01 -3.408055007457733154e-02
0.000000000000000000e+00 0.000000000000000000e+00 0.000000000000000000e+00 1.000000000000000000e+00
1.919552534818649292e-01 1.263378560543060303e-01 -9.732378125190734863e-01 3.811259567737579346e-01
-1.434372663497924805e-01 9.846420288085937500e-01 9.952762722969055176e-02 7.211527787148952484e-03
9.708650112152099609e-01 1.204937547445297241e-01 2.071287781000137329e-01 -2.349458076059818268e-02
0.000000000000000000e+00 0.000000000000000000e+00 0.000000000000000000e+00 1.000000000000000000e+00
2.038037180900573730e-01 1.381525099277496338e-01 -9.692150354385375977e-01 3.812114596366882324e-01
-1.422549784183502197e-01 9.836654067039489746e-01 1.102993264794349670e-01 7.019496057182550430e-03
9.686213731765747070e-01 1.153962761163711548e-01 2.201275378465652466e-01 -2.284915000200271606e-02
0.000000000000000000e+00 0.000000000000000000e+00 0.000000000000000000e+00 1.000000000000000000e+00
2.116073668003082275e-01 1.492708474397659302e-01 -9.658885002136230469e-01 3.824471235275268555e-01
-1.725167036056518555e-01 9.784550666809082031e-01 1.134178861975669861e-01 8.982500061392784119e-03
9.620084762573242188e-01 1.426318138837814331e-01 2.328000217676162720e-01 -2.125789038836956024e-02
0.000000000000000000e+00 0.000000000000000000e+00 0.000000000000000000e+00 1.000000000000000000e+00
2.221887260675430298e-01 1.572326570749282837e-01 -9.622422456741333008e-01 3.838458955287933350e-01
-1.887036859989166260e-01 9.751856327056884766e-01 1.157745793461799622e-01 1.050845626741647720e-02
9.565684199333190918e-01 1.558548361063003540e-01 2.463456839323043823e-01 -2.031372301280498505e-02
0.000000000000000000e+00 0.000000000000000000e+00 0.000000000000000000e+00 1.000000000000000000e+00
2.306137531995773315e-01 1.685417145490646362e-01 -9.583376646041870117e-01 3.857041299343109131e-01
-2.131556868553161621e-01 9.697135686874389648e-01 1.192487329244613647e-01 1.090642623603343964e-02
9.494113922119140625e-01 1.767746955156326294e-01 2.595548927783966064e-01 -1.690626889467239380e-02
0.000000000000000000e+00 0.000000000000000000e+00 0.000000000000000000e+00 1.000000000000000000e+00
2.550053596496582031e-01 1.769158244132995605e-01 -9.506170749664306641e-01 3.876037597656250000e-01
-2.274876683950424194e-01 9.665012359619140625e-01 1.188478395342826843e-01 1.349622849375009537e-02
9.397986531257629395e-01 1.859468817710876465e-01 2.867091894149780273e-01 -1.898552291095256805e-02
0.000000000000000000e+00 0.000000000000000000e+00 0.000000000000000000e+00 1.000000000000000000e+00
2.892933189868927002e-01 1.802743971347808838e-01 -9.401119947433471680e-01 3.881061673164367676e-01
-2.541604936122894287e-01 9.613213539123535156e-01 1.061306744813919067e-01 1.918242126703262329e-02
9.228823781013488770e-01 2.082364112138748169e-01 3.239224851131439209e-01 -2.448672056198120117e-02
0.000000000000000000e+00 0.000000000000000000e+00 0.000000000000000000e+00 1.000000000000000000e+00
3.501757979393005371e-01 2.079090774059295654e-01 -9.133183360099792480e-01 3.920242786407470703e-01
-2.758352458477020264e-01 9.547075629234313965e-01 1.115728244185447693e-01 1.572417654097080231e-02
8.951489329338073730e-01 2.128553092479705811e-01 3.916641771793365479e-01 -3.516909107565879822e-02
0.000000000000000000e+00 0.000000000000000000e+00 0.000000000000000000e+00 1.000000000000000000e+00
4.049578905105590820e-01 2.575246691703796387e-01 -8.773196935653686523e-01 4.062222242355346680e-01
-2.784235775470733643e-01 9.486799836158752441e-01 1.499552577733993530e-01 1.142537570558488369e-03
8.709128499031066895e-01 1.835409849882125854e-01 4.558763802051544189e-01 -4.485010355710983276e-02
0.000000000000000000e+00 0.000000000000000000e+00 0.000000000000000000e+00 1.000000000000000000e+00
4.146045148372650146e-01 2.804045379161834717e-01 -8.657228946685791016e-01 4.123527109622955322e-01
-3.113431632518768311e-01 9.376389384269714355e-01 1.545921415090560913e-01 5.232908297330141068e-04
8.550838232040405273e-01 2.054423838853836060e-01 4.760513901710510254e-01 -5.298800021409988403e-02
0.000000000000000000e+00 0.000000000000000000e+00 0.000000000000000000e+00 1.000000000000000000e+00
4.041151404380798340e-01 2.870300114154815674e-01 -8.685070276260375977e-01 4.025112986564636230e-01
-2.396938651800155640e-01 9.495414495468139648e-01 2.022815644741058350e-01 -1.914271712303161621e-02
8.827443122863769531e-01 1.264308393001556396e-01 4.525234103202819824e-01 -5.224276706576347351e-02
0.000000000000000000e+00 0.000000000000000000e+00 0.000000000000000000e+00 1.000000000000000000e+00
4.052934944629669189e-01 2.858934104442596436e-01 -8.683328628540039062e-01 3.965920805931091309e-01
-2.101667672395706177e-01 9.535396099090576172e-01 2.158520817756652832e-01 -2.601551264524459839e-02
8.897004723548889160e-01 9.501130878925323486e-02 4.465487301349639893e-01 -5.283502116799354553e-02
0.000000000000000000e+00 0.000000000000000000e+00 0.000000000000000000e+00 1.000000000000000000e+00
3.926614224910736084e-01 2.964870333671569824e-01 -8.705815672874450684e-01 3.733367621898651123e-01
-1.073327437043190002e-01 9.549151659011840820e-01 2.767971456050872803e-01 -5.541676655411720276e-02
9.133983254432678223e-01 -1.524560712277889252e-02 4.067811369895935059e-01 -4.773424938321113586e-02
0.000000000000000000e+00 0.000000000000000000e+00 0.000000000000000000e+00 1.000000000000000000e+00
3.900919854640960693e-01 3.298411965370178223e-01 -8.596702218055725098e-01 3.509810864925384521e-01
-6.904369592666625977e-02 9.414866566658020020e-01 3.299028575420379639e-01 -8.378329873085021973e-02
9.181835651397705078e-01 -6.933761388063430786e-02 3.900398612022399902e-01 -4.504235088825225830e-02
0.000000000000000000e+00 0.000000000000000000e+00 0.000000000000000000e+00 1.000000000000000000e+00
4.115516543388366699e-01 3.761745095252990723e-01 -8.301312327384948730e-01 3.308363556861877441e-01
-2.026799507439136505e-02 9.143968224525451660e-01 4.043112695217132568e-01 -1.119268313050270081e-01
9.111609458923339844e-01 -1.495698541402816772e-01 3.839458227157592773e-01 -4.490874707698822021e-02
0.000000000000000000e+00 0.000000000000000000e+00 0.000000000000000000e+00 1.000000000000000000e+00
4.295236766338348389e-01 3.959024250507354736e-01 -8.116469383239746094e-01 3.160918056964874268e-01
3.201268240809440613e-02 8.915382623672485352e-01 4.518126845359802246e-01 -1.292780935764312744e-01
9.024880528450012207e-01 -2.200472354888916016e-01 3.702628910541534424e-01 -4.269114881753921509e-02
0.000000000000000000e+00 0.000000000000000000e+00 0.000000000000000000e+00 1.000000000000000000e+00
5.396201610565185547e-01 3.989005386829376221e-01 -7.414096593856811523e-01 2.869738638401031494e-01
7.972867041826248169e-02 8.524597287178039551e-01 5.166775584220886230e-01 -1.549818068742752075e-01
8.381248116493225098e-01 -3.379212021827697754e-01 4.282006621360778809e-01 -7.012400776147842407e-02
0.000000000000000000e+00 0.000000000000000000e+00 0.000000000000000000e+00 1.000000000000000000e+00
