1.000000000000000000e+00 0.000000000000000000e+00 0.000000000000000000e+00 -4.096739311332171507e-01
0.000000000000000000e+00 -1.000000000000000000e+00 0.000000000000000000e+00 -1.964994255000929863e-02
0.000000000000000000e+00 0.000000000000000000e+00 -1.000000000000000000e+00 -2.664639050480994698e+00
0.000000000000000000e+00 0.000000000000000000e+00 0.000000000000000000e+00 1.000000000000000000e+00
9.967721700668334961e-01 -7.860237360000610352e-02 -1.633716560900211334e-02 -4.418229862439319588e-01
-7.832962274551391602e-02 -9.967873692512512207e-01 1.671394146978855133e-02 5.681670221837693824e-02
-1.759844273328781128e-02 -1.538030151277780533e-02 -9.997268319129943848e-01 -2.717331678276969420e+00
0.000000000000000000e+00 0.000000000000000000e+00 0.000000000000000000e+00 1.000000000000000000e+00
9.862830042839050293e-01 -1.621880084276199341e-01 -3.067168220877647400e-02 -4.652688780734960394e-01
-1.605295985937118530e-01 -9.857403635978698730e-01 5.045836791396141052e-02 1.978276976575557011e-01
-3.841810673475265503e-02 -4.484247788786888123e-02 -9.982550740242004395e-01 -2.711990340410806777e+00
0.000000000000000000e+00 0.000000000000000000e+00 0.000000000000000000e+00 1.000000000000000000e+00
9.660414457321166992e-01 -2.558115124702453613e-01 -3.639107942581176758e-02 -4.608463113026798896e-01
-2.525205016136169434e-01 -9.645387530326843262e-01 7.679980993270874023e-02 3.184176715133917868e-01
-5.474692210555076599e-02 -6.500227749347686768e-02 -9.963821768760681152e-01 -2.705768483397517965e+00
0.000000000000000000e+00 0.000000000000000000e+00 0.000000000000000000e+00 1.000000000000000000e+00
9.372619390487670898e-01 -3.449808359146118164e-01 -5.028028413653373718e-02 -4.732658807271351020e-01
-3.373162746429443359e-01 -9.338129758834838867e-01 1.192093864083290100e-01 4.837024426966334834e-01
-8.807738870382308960e-02 -9.477002173662185669e-02 -9.915951490402221680e-01 -2.680918307016208146e+00
0.000000000000000000e+00 0.000000000000000000e+00 0.000000000000000000e+00 1.000000000000000000e+00
8.934856653213500977e-01 -4.481117129325866699e-01 -2.965145558118820190e-02 -3.856878210773018734e-01
-4.403916597366333008e-01 -8.871979713439941406e-01 1.376039534807205200e-01 5.722897122229070321e-01
-8.796867728233337402e-02 -1.098888963460922241e-01 -9.900434017181396484e-01 -2.687841047336830602e+00
0.000000000000000000e+00 0.000000000000000000e+00 0.000000000000000000e+00 1.000000000000000000e+00
8.458221554756164551e-01 -5.331911444664001465e-01 -1.708474010229110718e-02 -3.231651324345323206e-01
-5.235527157783508301e-01 -8.358254432678222656e-01 1.651911288499832153e-01 6.876267519486384261e-01
-1.023583635687828064e-01 -1.307775229215621948e-01 -9.861135482788085938e-01 -2.675813448281693319e+00
0.000000000000000000e+00 0.000000000000000000e+00 0.000000000000000000e+00 1.000000000000000000e+00
7.946305871009826660e-01 -6.070428490638732910e-01 7.809161208570003510e-03 -2.247581842403765240e-01
-5.993931889533996582e-01 -7.824450135231018066e-01 1.688412576913833618e-01 7.292161050433102476e-01
-9.638369083404541016e-02 -1.388471573591232300e-01 -9.856123328208923340e-01 -2.684611741295207299e+00
0.000000000000000000e+00 0.000000000000000000e+00 0.000000000000000000e+00 1.000000000000000000e+00
7.244017124176025391e-01 -6.887170672416687012e-01 3.017780743539333344e-02 -1.112695172840045821e-01
-6.835251450538635254e-01 -7.118709683418273926e-01 1.613468825817108154e-01 7.370762767874911026e-01
-8.963970094919204712e-02 -1.375072300434112549e-01 -9.864362478256225586e-01 -2.693878853497367221e+00
0.000000000000000000e+00 0.000000000000000000e+00 0.000000000000000000e+00 1.000000000000000000e+00
6.500464081764221191e-01 -7.592591643333435059e-01 3.106224723160266876e-02 -6.165993097922274624e-02
-7.550864815711975098e-01 -6.408028006553649902e-01 1.386209279298782349e-01 6.955367995423470395e-01
-8.534450083971023560e-02 -1.135647073388099670e-01 -9.898582696914672852e-01 -2.718950608341585529e+00
0.000000000000000000e+00 0.000000000000000000e+00 0.000000000000000000e+00 1.000000000000000000e+00
5.623669028282165527e-01 -8.254467248916625977e-01 4.879401624202728271e-02 3.878561495673066989e-02
-8.253346681594848633e-01 -5.567178130149841309e-01 9.427402913570404053e-02 5.836814114427099076e-01
-5.065371841192245483e-02 -9.328798949718475342e-02 -9.943498373031616211e-01 -2.765546103240379416e+00
0.000000000000000000e+00 0.000000000000000000e+00 0.000000000000000000e+00 1.000000000000000000e+00
