1.000000000000000000e+00 0.000000000000000000e+00 0.000000000000000000e+00 -4.096739311332171507e-01
0.000000000000000000e+00 -1.000000000000000000e+00 0.000000000000000000e+00 -1.964994255000929863e-02
0.000000000000000000e+00 0.000000000000000000e+00 -1.000000000000000000e+00 -2.664639050480994698e+00
0.000000000000000000e+00 0.000000000000000000e+00 0.000000000000000000e+00 1.000000000000000000e+00
9.963824748992919922e-01 -8.220787346363067627e-02 -2.153792977333068848e-02 -4.548879063908384257e-01
-8.185400068759918213e-02 -9.965022802352905273e-01 1.682803407311439514e-02 6.027438170379223470e-02
-2.284598350524902344e-02 -1.500420644879341125e-02 -9.996263980865478516e-01 -2.715584712836525139e+00
0.000000000000000000e+00 0.000000000000000000e+00 0.000000000000000000e+00 1.000000000000000000e+00
9.856238365173339844e-01 -1.643602699041366577e-01 -3.913137316703796387e-02 -4.862350847727693881e-01
-1.622479707002639771e-01 -9.853712916374206543e-01 5.214282497763633728e-02 2.081085554721259501e-01
-4.712917283177375793e-02 -4.504419490694999695e-02 -9.978726506233215332e-01 -2.707877203962337553e+00
0.000000000000000000e+00 0.000000000000000000e+00 0.000000000000000000e+00 1.000000000000000000e+00
9.656484723091125488e-01 -2.567244768142700195e-01 -4.019280150532722473e-02 -4.679582763193668171e-01
-2.533077001571655273e-01 -9.644954204559326172e-01 7.472418993711471558e-02 3.213793518866291943e-01
-5.794933810830116272e-02 -6.197612732648849487e-02 -9.963939189910888672e-01 -2.706833329335706750e+00
0.000000000000000000e+00 0.000000000000000000e+00 0.000000000000000000e+00 1.000000000000000000e+00
9.367974996566772461e-01 -3.454843163490295410e-01 -5.523484945297241211e-02 -4.843477012248374458e-01
-3.375945687294006348e-01 -9.340435266494750977e-01 1.165865659713745117e-01 4.830012489587013347e-01
-9.187062084674835205e-02 -9.057098627090454102e-02 -9.916434288024902344e-01 -2.682298826381007029e+00
0.000000000000000000e+00 0.000000000000000000e+00 0.000000000000000000e+00 1.000000000000000000e+00
8.905684351921081543e-01 -4.531850516796112061e-01 -3.887096419930458069e-02 -4.072705084533454478e-01
-4.443293511867523193e-01 -8.850621581077575684e-01 1.386947184801101685e-01 5.831518858258702975e-01
-9.725763648748397827e-02 -1.062455996870994568e-01 -9.895720481872558594e-01 -2.683741431865550364e+00
0.000000000000000000e+00 0.000000000000000000e+00 0.000000000000000000e+00 1.000000000000000000e+00
8.440943360328674316e-01 -5.358539223670959473e-01 -1.910380087792873383e-02 -3.263416997666618302e-01
-5.258435606956481934e-01 -8.342410922050476074e-01 1.659217476844787598e-01 6.970707406074913015e-01
-1.048470661044120789e-01 -1.300079673528671265e-01 -9.859538674354553223e-01 -2.675233701892438365e+00
0.000000000000000000e+00 0.000000000000000000e+00 0.000000000000000000e+00 1.000000000000000000e+00
7.904466986656188965e-01 -6.125172376632690430e-01 -4.079508595168590546e-03 -2.531916782688611867e-01
-6.033924818038940430e-01 -7.797825932502746582e-01 1.669034808874130249e-01 7.334264407614677905e-01
-1.054124087095260620e-01 -1.294667273759841919e-01 -9.859645962715148926e-01 -2.684426862627525168e+00
0.000000000000000000e+00 0.000000000000000000e+00 0.000000000000000000e+00 1.000000000000000000e+00
7.172426581382751465e-01 -6.965122222900390625e-01 2.083150111138820648e-02 -1.333721759129049833e-01
-6.898671388626098633e-01 -7.055510878562927246e-01 1.621127277612686157e-01 7.482114913481733298e-01
-9.821578115224838257e-02 -1.306450963020324707e-01 -9.865521192550659180e-01 -2.694697010586439401e+00
0.000000000000000000e+00 0.000000000000000000e+00 0.000000000000000000e+00 1.000000000000000000e+00
6.437084674835205078e-01 -7.649690508842468262e-01 2.148362062871456146e-02 -8.396323987483503282e-02
-7.599214315414428711e-01 -6.356434822082519531e-01 1.359288692474365234e-01 6.967612068082782439e-01
-9.032546728849411011e-02 -1.038243994116783142e-01 -9.904853105545043945e-01 -2.721078920526413203e+00
0.000000000000000000e+00 0.000000000000000000e+00 0.000000000000000000e+00 1.000000000000000000e+00
5.511470437049865723e-01 -8.336056470870971680e-01 3.658417612314224243e-02 1.204024939559880658e-02
-8.322573304176330566e-01 -5.460521578788757324e-01 9.578227251768112183e-02 5.945513113183523712e-01
-5.986778438091278076e-02 -8.323755860328674316e-02 -9.947296977043151855e-01 -2.768020993942534425e+00
0.000000000000000000e+00 0.000000000000000000e+00 0.000000000000000000e+00 1.000000000000000000e+00
4.531751871109008789e-01 -8.879135251045227051e-01 7.900043576955795288e-02 1.975955281887261383e-01
-8.913190364837646484e-01 -4.499973952770233154e-01 5.525265634059906006e-02 4.848756978983532751e-01
-1.350960135459899902e-02 -9.545373916625976562e-02 -9.953421354293823242e-01 -2.804208095789116673e+00
0.000000000000000000e+00 0.000000000000000000e+00 0.000000000000000000e+00 1.000000000000000000e+00
3.542239367961883545e-01 -9.303600788116455078e-01 9.463177621364593506e-02 2.799978129583810538e-01
-9.350336790084838867e-01 -3.540247380733489990e-01 1.945084519684314728e-02 3.577980349598571808e-01
1.540570333600044250e-02 -9.537387639284133911e-02 -9.953221678733825684e-01 -2.818325651603995841e+00
0.000000000000000000e+00 0.000000000000000000e+00 0.000000000000000000e+00 1.000000000000000000e+00
2.701651751995086670e-01 -9.557498097419738770e-01 1.164151728153228760e-01 3.690446404937716141e-01
-9.598793387413024902e-01 -2.767990231513977051e-01 -4.487960785627365112e-02 1.329009999660057395e-01
7.511726766824722290e-02 -9.961961209774017334e-02 -9.921861290931701660e-01 -2.815008045303180939e+00
0.000000000000000000e+00 0.000000000000000000e+00 0.000000000000000000e+00 1.000000000000000000e+00
1.956335604190826416e-01 -9.701028466224670410e-01 1.436236500740051270e-01 4.638793603115842767e-01
-9.721577763557434082e-01 -2.111055254936218262e-01 -1.017060205340385437e-01 -6.162798709079989751e-02
1.289850473403930664e-01 -1.197277456521987915e-01 -9.843925237655639648e-01 -2.801080886922183932e+00
0.000000000000000000e+00 0.000000000000000000e+00 0.000000000000000000e+00 1.000000000000000000e+00
1.148771271109580994e-01 -9.822700619697570801e-01 1.481524556875228882e-01 4.906246120212161554e-01
-9.705488085746765137e-01 -1.427726149559020996e-01 -1.940389722585678101e-01 -3.538252742897863845e-01
2.117507457733154297e-01 -1.214985400438308716e-01 -9.697421193122863770e-01 -2.773592188420904936e+00
0.000000000000000000e+00 0.000000000000000000e+00 0.000000000000000000e+00 1.000000000000000000e+00
1.883710324764251709e-01 -9.721825122833251953e-01 1.392035931348800659e-01 4.559802467734083709e-01
-9.535711407661437988e-01 -2.149671763181686401e-01 -2.109290808439254761e-01 -3.972090887065065079e-01
2.349857240915298462e-01 -9.300759434700012207e-02 -9.675388336181640625e-01 -2.748348524009573079e+00
0.000000000000000000e+00 0.000000000000000000e+00 0.000000000000000000e+00 1.000000000000000000e+00
2.700939774513244629e-01 -9.518551230430603027e-01 1.449869424104690552e-01 4.521122470210620636e-01
-9.385001659393310547e-01 -2.939060032367706299e-01 -1.812071502208709717e-01 -2.911637541848112742e-01
2.150955647230148315e-01 -8.712735027074813843e-02 -9.726987481117248535e-01 -2.737811543704913753e+00
0.000000000000000000e+00 0.000000000000000000e+00 0.000000000000000000e+00 1.000000000000000000e+00
3.252472877502441406e-01 -9.350095987319946289e-01 1.413179785013198853e-01 4.263071516257996296e-01
-9.341497421264648438e-01 -3.409059047698974609e-01 -1.055816709995269775e-01 -4.329962452244521393e-02
1.468960791826248169e-01 -9.767206758260726929e-02 -9.843177199363708496e-01 -2.739510495879422525e+00
0.000000000000000000e+00 0.000000000000000000e+00 0.000000000000000000e+00 1.000000000000000000e+00
3.608094751834869385e-01 -9.159120917320251465e-01 1.758450269699096680e-01 5.110718477440063801e-01
-9.295707941055297852e-01 -3.684544861316680908e-01 -1.179441343992948532e-02 2.585791037963147687e-01
7.559350878000259399e-02 -1.592048853635787964e-01 -9.843472838401794434e-01 -2.700735368623595978e+00
0.000000000000000000e+00 0.000000000000000000e+00 0.000000000000000000e+00 1.000000000000000000e+00
4.024639427661895752e-01 -8.970226049423217773e-01 1.826831996440887451e-01 5.143005674167209218e-01
-9.153577089309692383e-01 -3.969407081604003906e-01 6.751450896263122559e-02 5.053932289056092264e-01
1.195229869335889816e-02 -1.943926513195037842e-01 -9.808511137962341309e-01 -2.656936784434696275e+00
0.000000000000000000e+00 0.000000000000000000e+00 0.000000000000000000e+00 1.000000000000000000e+00
4.567171633243560791e-01 -8.623729348182678223e-01 2.184531539678573608e-01 5.836010597827990809e-01
-8.886676430702209473e-01 -4.309528172016143799e-01 1.566828787326812744e-01 7.595284112859732595e-01
-4.097614809870719910e-02 -2.656920254230499268e-01 -9.631867408752441406e-01 -2.561380175505703516e+00
0.000000000000000000e+00 0.000000000000000000e+00 0.000000000000000000e+00 1.000000000000000000e+00
5.319396257400512695e-01 -8.216692805290222168e-01 2.046950012445449829e-01 4.891667609450471854e-01
-8.421200513839721680e-01 -4.879898428916931152e-01 2.295652627944946289e-01 9.447611768046850766e-01
-8.873755484819412231e-02 -2.944924831390380859e-01 -9.515248537063598633e-01 -2.492531083722453911e+00
0.000000000000000000e+00 0.000000000000000000e+00 0.000000000000000000e+00 1.000000000000000000e+00
5.906187295913696289e-01 -7.820838689804077148e-01 1.987839043140411377e-01 4.343434409963212173e-01
-7.974540591239929199e-01 -5.279987454414367676e-01 2.920350730419158936e-01 1.084389341895718895e+00
-1.234383136034011841e-01 -3.310020864009857178e-01 -9.355216026306152344e-01 -2.415141701245515193e+00
0.000000000000000000e+00 0.000000000000000000e+00 0.000000000000000000e+00 1.000000000000000000e+00
6.754670739173889160e-01 -7.181005477905273438e-01 1.675591319799423218e-01 2.921326312930876967e-01
-7.189691066741943359e-01 -5.908898711204528809e-01 3.659680187702178955e-01 1.225217631681406294e+00
-1.637929677963256836e-01 -3.676688373088836670e-01 -9.154182076454162598e-01 -2.319915942350180948e+00
0.000000000000000000e+00 0.000000000000000000e+00 0.000000000000000000e+00 1.000000000000000000e+00
7.342066168785095215e-01 -6.605814099311828613e-01 1.567573845386505127e-01 2.317293558246493190e-01
-6.513265371322631836e-01 -6.201651096343994141e-01 4.372282922267913818e-01 1.355653532836860853e+00
-1.916094422340393066e-01 -4.231161773204803467e-01 -8.855837583541870117e-01 -2.192315445298862020e+00
0.000000000000000000e+00 0.000000000000000000e+00 0.000000000000000000e+00 1.000000000000000000e+00
7.572357058525085449e-01 -6.379991173744201660e-01 1.398249864578247070e-01 1.634650290586670274e-01
-6.025330424308776855e-01 -5.997391939163208008e-01 5.265610814094543457e-01 1.549328699933798070e+00
-2.520871758460998535e-01 -4.829799532890319824e-01 -8.385596871376037598e-01 -1.995254791076856327e+00
0.000000000000000000e+00 0.000000000000000000e+00 0.000000000000000000e+00 1.000000000000000000e+00
7.888376712799072266e-01 -5.976950526237487793e-01 1.431629955768585205e-01 1.461093630454622649e-01
-5.362041592597961426e-01 -5.554437041282653809e-01 6.355839967727661133e-01 1.806780246892582209e+00
-3.003666102886199951e-01 -5.781371593475341797e-01 -7.586416602134704590e-01 -1.725688724495292981e+00
0.000000000000000000e+00 0.000000000000000000e+00 0.000000000000000000e+00 1.000000000000000000e+00
8.122671842575073242e-01 -5.662975907325744629e-01 1.397469490766525269e-01 1.205497147769215016e-01
-4.830709397792816162e-01 -5.188428163528442383e-01 7.052972316741943359e-01 1.975993068902878180e+00
-3.269014656543731689e-01 -6.403974294662475586e-01 -6.950009465217590332e-01 -1.514669316955798317e+00
0.000000000000000000e+00 0.000000000000000000e+00 0.000000000000000000e+00 1.000000000000000000e+00
8.400287628173828125e-01 -5.264835357666015625e-01 1.310224682092666626e-01 6.836284309930402980e-02
-4.140843152999877930e-01 -4.661207497119903564e-01 7.818347811698913574e-01 2.161795164139643344e+00
-3.505508005619049072e-01 -7.110180258750915527e-01 -6.095633506774902344e-01 -1.286076502207313066e+00
0.000000000000000000e+00 0.000000000000000000e+00 0.000000000000000000e+00 1.000000000000000000e+00
8.699300289154052734e-01 -4.850049614906311035e-01 8.939789235591888428e-02 -6.050795751965967750e-02
-3.256495296955108643e-01 -4.287768304347991943e-01 8.426758646965026855e-01 2.296314952282709765e+00
-3.703703284263610840e-01 -7.621815204620361328e-01 -5.309475064277648926e-01 -1.090625741070271770e+00
0.000000000000000000e+00 0.000000000000000000e+00 0.000000000000000000e+00 1.000000000000000000e+00
8.863356113433837891e-01 -4.585710763931274414e-01 6.420053541660308838e-02 -1.247123090772035564e-01
-2.386211305856704712e-01 -3.335248231887817383e-01 9.120421409606933594e-01 2.424180350111603932e+00
-3.968237042427062988e-01 -8.236950039863586426e-01 -4.050396978855133057e-01 -7.739131997694747023e-01
0.000000000000000000e+00 0.000000000000000000e+00 0.000000000000000000e+00 1.000000000000000000e+00
8.719771504402160645e-01 -4.893409609794616699e-01 1.418154034763574600e-02 -2.865095218299030799e-01
-7.907988876104354858e-02 -1.122093349695205688e-01 9.905328750610351562e-01 2.586131027680009797e+00
-4.831170737743377686e-01 -8.648433685302734375e-01 -1.365409344434738159e-01 -8.927591565105950921e-02
0.000000000000000000e+00 0.000000000000000000e+00 0.000000000000000000e+00 1.000000000000000000e+00
8.616536855697631836e-01 -5.067034959793090820e-01 2.836410142481327057e-02 -2.327686388866268274e-01
-8.702445775270462036e-02 -9.246116131544113159e-02 9.919058084487915039e-01 2.592518447679283078e+00
-4.999797046184539795e-01 -8.571479320526123047e-01 -1.237651184201240540e-01 -1.012434463853445488e-01
0.000000000000000000e+00 0.000000000000000000e+00 0.000000000000000000e+00 1.000000000000000000e+00
8.302969932556152344e-01 -5.568797588348388672e-01 2.217775955796241760e-02 -2.125805782214795492e-01
-9.948685020208358765e-02 -1.089438721537590027e-01 9.890570044517517090e-01 2.588648412881900729e+00
-5.483694672584533691e-01 -8.234173655509948730e-01 -1.458579301834106445e-01 -1.458440538952550103e-01
0.000000000000000000e+00 0.000000000000000000e+00 0.000000000000000000e+00 1.000000000000000000e+00
8.056184053421020508e-01 -5.893199443817138672e-01 6.067327037453651428e-02 -1.060401586332582052e-01
-2.455251216888427734e-01 -2.389156967401504517e-01 9.394875168800354004e-01 2.514943910596352250e+00
-5.391626358032226562e-01 -7.717652320861816406e-01 -3.371676206588745117e-01 -5.512201185496725664e-01
0.000000000000000000e+00 0.000000000000000000e+00 0.000000000000000000e+00 1.000000000000000000e+00
8.288580179214477539e-01 -5.515475869178771973e-01 9.375193715095520020e-02 -3.462471553270542179e-02
-3.083941936492919922e-01 -3.106190264225006104e-01 8.991155624389648438e-01 2.434157727523636350e+00
-4.667839109897613525e-01 -7.741516828536987305e-01 -4.275531470775604248e-01 -7.997478550561930577e-01
0.000000000000000000e+00 0.000000000000000000e+00 0.000000000000000000e+00 1.000000000000000000e+00
8.142925500869750977e-01 -5.707993507385253906e-01 1.054310053586959839e-01 -5.896743589045617268e-03
-3.675681948661804199e-01 -3.664896786212921143e-01 8.547390103340148926e-01 2.347744334495625029e+00
-4.492452144622802734e-01 -7.347608208656311035e-01 -5.082375407218933105e-01 -1.010778645050974145e+00
0.000000000000000000e+00 0.000000000000000000e+00 0.000000000000000000e+00 1.000000000000000000e+00
8.309172987937927246e-01 -5.508887767791748047e-01 7.808907330036163330e-02 -1.202453679769147493e-01
-4.548142850399017334e-01 -5.916489958763122559e-01 6.656539440155029297e-01 1.972248586036533968e+00
-3.205000758171081543e-01 -5.886194705963134766e-01 -7.421635985374450684e-01 -1.675606749049980415e+00
0.000000000000000000e+00 0.000000000000000000e+00 0.000000000000000000e+00 1.000000000000000000e+00
8.375255465507507324e-01 -5.431110858917236328e-01 5.984257534146308899e-02 -1.844029824832068287e-01
-4.625051319599151611e-01 -6.463542580604553223e-01 6.068894863128662109e-01 1.810018796867589597e+00
-2.909291088581085205e-01 -5.359629392623901367e-01 -7.925299406051635742e-01 -1.824619369109490297e+00
0.000000000000000000e+00 0.000000000000000000e+00 0.000000000000000000e+00 1.000000000000000000e+00
8.573083281517028809e-01 -5.118528008460998535e-01 5.503629148006439209e-02 -2.004119057053679875e-01
-4.584349095821380615e-01 -7.104223370552062988e-01 5.339825153350830078e-01 1.607015397232833376e+00
-2.342215627431869507e-01 -4.830181896686553955e-01 -8.437023162841796875e-01 -1.976775616365376687e+00
0.000000000000000000e+00 0.000000000000000000e+00 0.000000000000000000e+00 1.000000000000000000e+00
8.712401390075683594e-01 -4.906150698661804199e-01 1.540314126759767532e-02 -2.910638146514429869e-01
-4.565432071685791016e-01 -7.984100580215454102e-01 3.925675153732299805e-01 1.227945419844652220e+00
-1.803016811609268188e-01 -3.490527868270874023e-01 -9.195941090583801270e-01 -2.192098419818067523e+00
0.000000000000000000e+00 0.000000000000000000e+00 0.000000000000000000e+00 1.000000000000000000e+00
8.767188787460327148e-01 -4.806694388389587402e-01 1.791427657008171082e-02 -2.684021050065356628e-01
-4.690813422203063965e-01 -8.461553454399108887e-01 2.529501914978027344e-01 8.713576542307402972e-01
-1.064271479845046997e-01 -2.301694750785827637e-01 -9.673134088516235352e-01 -2.343075996582900888e+00
0.000000000000000000e+00 0.000000000000000000e+00 0.000000000000000000e+00 1.000000000000000000e+00
8.798159956932067871e-01 -4.751011133193969727e-01 1.423475053161382675e-02 -2.398139648014550873e-01
-4.752288162708282471e-01 -8.786954283714294434e-01 4.528291895985603333e-02 3.283747674596409483e-01
-9.005972184240818024e-03 -4.660541191697120667e-02 -9.988725781440734863e-01 -2.465544868883637442e+00
0.000000000000000000e+00 0.000000000000000000e+00 0.000000000000000000e+00 1.000000000000000000e+00
8.865283727645874023e-01 -4.625395536422729492e-01 1.114228274673223495e-02 -2.341664043957990549e-01
-4.615642130374908447e-01 -8.858128786087036133e-01 -4.789599776268005371e-02 7.281939095934711337e-02
3.202378004789352417e-02 3.731830418109893799e-02 -9.987900853157043457e-01 -2.488292947219566287e+00
0.000000000000000000e+00 0.000000000000000000e+00 0.000000000000000000e+00 1.000000000000000000e+00
8.939539790153503418e-01 -4.481101036071777344e-01 6.578229367733001709e-03 -2.404421038718216608e-01
-4.421068727970123291e-01 -8.841918706893920898e-01 -1.508173942565917969e-01 -2.219696360372279409e-01
7.339929789304733276e-02 1.319155395030975342e-01 -9.885398745536804199e-01 -2.480147524247449997e+00
0.000000000000000000e+00 0.000000000000000000e+00 0.000000000000000000e+00 1.000000000000000000e+00
8.972706198692321777e-01 -4.413207471370697021e-01 1.190393418073654175e-02 -2.250208602653271939e-01
-4.235049188137054443e-01 -8.680381774902343750e-01 -2.591396272182464600e-01 -5.380634891547750875e-01
1.246967390179634094e-01 2.274768799543380737e-01 -9.657665491104125977e-01 -2.436868531896231094e+00
0.000000000000000000e+00 0.000000000000000000e+00 0.000000000000000000e+00 1.000000000000000000e+00
9.000574946403503418e-01 -4.354609251022338867e-01 1.644380204379558563e-02 -2.101337987346532099e-01
-3.994395732879638672e-01 -8.395128846168518066e-01 -3.683281242847442627e-01 -8.735846065245831404e-01
1.741974353790283203e-01 3.249481320381164551e-01 -9.295504093170166016e-01 -2.350114630993712428e+00
0.000000000000000000e+00 0.000000000000000000e+00 0.000000000000000000e+00 1.000000000000000000e+00
9.042447805404663086e-01 -4.268155992031097412e-01 1.300683524459600449e-02 -2.326390168655166346e-01
-3.740044832229614258e-01 -8.063239455223083496e-01 -4.582160413265228271e-01 -1.148197929718454358e+00
2.060617059469223022e-01 4.094751179218292236e-01 -8.887456059455871582e-01 -2.258013873458831089e+00
0.000000000000000000e+00 0.000000000000000000e+00 0.000000000000000000e+00 1.000000000000000000e+00
9.143859148025512695e-01 -4.047596752643585205e-01 8.235547691583633423e-03 -2.709036237556030624e-01
-3.343443870544433594e-01 -7.664700746536254883e-01 -5.483951568603515625e-01 -1.427455156700029537e+00
2.282807230949401855e-01 4.986912906169891357e-01 -8.361788988113403320e-01 -2.139063214610260388e+00
0.000000000000000000e+00 0.000000000000000000e+00 0.000000000000000000e+00 1.000000000000000000e+00
9.114874005317687988e-01 -4.108264148235321045e-01 -2.029914967715740204e-02 -3.589902722030067217e-01
-3.307607173919677734e-01 -7.027244567871093750e-01 -6.299011707305908203e-01 -1.656079428415851984e+00
2.445155531167984009e-01 5.808610320091247559e-01 -7.764098048210144043e-01 -2.001819639409442519e+00
0.000000000000000000e+00 0.000000000000000000e+00 0.000000000000000000e+00 1.000000000000000000e+00
9.167993068695068359e-01 -3.976281881332397461e-01 -3.702111542224884033e-02 -4.225427971108872138e-01
-2.983616292476654053e-01 -6.203923225402832031e-01 -7.253232002258300781e-01 -1.933725244651757658e+00
2.654414176940917969e-01 6.760214567184448242e-01 -6.874123811721801758e-01 -1.775404943710735317e+00
0.000000000000000000e+00 0.000000000000000000e+00 0.000000000000000000e+00 1.000000000000000000e+00
9.270036220550537109e-01 -3.715113997459411621e-01 -5.140889808535575867e-02 -4.784117507929700475e-01
-2.635786235332489014e-01 -5.478166937828063965e-01 -7.939916253089904785e-01 -2.147382070557981582e+00
2.668143808841705322e-01 7.495837807655334473e-01 -6.057509183883666992e-01 -1.546462377154358192e+00
0.000000000000000000e+00 0.000000000000000000e+00 0.000000000000000000e+00 1.000000000000000000e+00
9.334913492202758789e-01 -3.546671569347381592e-01 -5.296081304550170898e-02 -4.991867667357203220e-01
-2.282606810331344604e-01 -4.737786054611206055e-01 -8.505475521087646484e-01 -2.325983693565135901e+00
2.765695452690124512e-01 8.060676455497741699e-01 -5.232248902320861816e-01 -1.330189656069582504e+00
0.000000000000000000e+00 0.000000000000000000e+00 0.000000000000000000e+00 1.000000000000000000e+00
9.447524547576904297e-01 -3.243660926818847656e-01 -4.721362888813018799e-02 -5.128863449955665121e-01
-1.846820414066314697e-01 -4.077470600605010986e-01 -8.942232131958007812e-01 -2.465628621908500406e+00
2.708042860031127930e-01 8.535388708114624023e-01 -4.451246857643127441e-01 -1.129088989051250547e+00
0.000000000000000000e+00 0.000000000000000000e+00 0.000000000000000000e+00 1.000000000000000000e+00
9.561771750450134277e-01 -2.882696092128753662e-01 -5.124339833855628967e-02 -5.477257986285257729e-01
-1.550895422697067261e-01 -3.502192795276641846e-01 -9.237391948699951172e-01 -2.564519945313526339e+00
2.483394891023635864e-01 8.912056088447570801e-01 -3.795793652534484863e-01 -9.426762423345134145e-01
0.000000000000000000e+00 0.000000000000000000e+00 0.000000000000000000e+00 1.000000000000000000e+00
9.622154235839843750e-01 -2.645511031150817871e-01 -6.445642560720443726e-02 -6.079699956612641953e-01
-1.393384784460067749e-01 -2.750205695629119873e-01 -9.512876272201538086e-01 -2.688454877855153580e+00
2.339373081922531128e-01 9.243249297142028809e-01 -3.014911115169525146e-01 -6.891690955476497127e-01
0.000000000000000000e+00 0.000000000000000000e+00 0.000000000000000000e+00 1.000000000000000000e+00
9.760640859603881836e-01 -2.091551721096038818e-01 -5.960699170827865601e-02 -6.220915525816378411e-01
-9.943559765815734863e-02 -1.854265630245208740e-01 -9.776139259338378906e-01 -2.799758458319420829e+00
1.934202611446380615e-01 9.601412415504455566e-01 -2.017857879400253296e-01 -3.514467148023145970e-01
0.000000000000000000e+00 0.000000000000000000e+00 0.000000000000000000e+00 1.000000000000000000e+00
9.919059276580810547e-01 -1.255301833152770996e-01 -1.909692212939262390e-02 -5.322810830195391363e-01
-3.662106767296791077e-02 -1.388157159090042114e-01 -9.896407127380371094e-01 -2.852441152336236296e+00
1.215789318084716797e-01 9.823299050331115723e-01 -1.422891914844512939e-01 -1.833113974001774615e-01
0.000000000000000000e+00 0.000000000000000000e+00 0.000000000000000000e+00 1.000000000000000000e+00
9.948366284370422363e-01 -1.010701060295104980e-01 9.200750850141048431e-03 -4.695253989662854233e-01
-1.591378822922706604e-02 -2.448896318674087524e-01 -9.694200754165649414e-01 -2.817357527791239047e+00
1.002326160669326782e-01 9.642683267593383789e-01 -2.452336251735687256e-01 -4.920214172811360753e-01
0.000000000000000000e+00 0.000000000000000000e+00 0.000000000000000000e+00 1.000000000000000000e+00
9.975726604461669922e-01 -4.259322956204414368e-02 5.509036406874656677e-02 -3.220099166998270923e-01
4.042816907167434692e-02 -2.898956537246704102e-01 -9.562036395072937012e-01 -2.881737522706153243e+00
5.669826641678810120e-02 9.561101198196411133e-01 -2.874700427055358887e-01 -5.968691795375450360e-01
0.000000000000000000e+00 0.000000000000000000e+00 0.000000000000000000e+00 1.000000000000000000e+00
9.886683821678161621e-01 4.365908354520797729e-02 1.436271816492080688e-01 -1.589708208654292548e-02
1.501018553972244263e-01 -2.742757201194763184e-01 -9.498641490936279297e-01 -2.976619462467259947e+00
-2.076785778626799583e-03 9.606593847274780273e-01 -2.777210772037506104e-01 -5.428608088950379607e-01
0.000000000000000000e+00 0.000000000000000000e+00 0.000000000000000000e+00 1.000000000000000000e+00
9.695217609405517578e-01 5.660293251276016235e-02 2.383772432804107666e-01 2.765341490608682062e-01
2.448651790618896484e-01 -2.567630112171173096e-01 -9.349404573440551758e-01 -3.020412527889960064e+00
8.286044932901859283e-03 9.648155570030212402e-01 -2.627974748611450195e-01 -4.880983333436612059e-01
0.000000000000000000e+00 0.000000000000000000e+00 0.000000000000000000e+00 1.000000000000000000e+00
9.750297665596008301e-01 -2.299835719168186188e-02 2.208796143531799316e-01 1.980086595771900215e-01
2.032650709152221680e-01 -3.081736266613006592e-01 -9.293615221977233887e-01 -2.991640440308993121e+00
8.944302797317504883e-02 9.510520696640014648e-01 -2.958037257194519043e-01 -6.403153215200304560e-01
0.000000000000000000e+00 0.000000000000000000e+00 0.000000000000000000e+00 1.000000000000000000e+00
9.839465022087097168e-01 -1.306247711181640625e-01 1.215996146202087402e-01 -1.500919507138473719e-01
6.550739705562591553e-02 -3.694517910480499268e-01 -9.269381761550903320e-01 -2.921169935016337593e+00
1.660062372684478760e-01 9.200233817100524902e-01 -3.549638092517852783e-01 -9.205169473674909009e-01
0.000000000000000000e+00 0.000000000000000000e+00 0.000000000000000000e+00 1.000000000000000000e+00
9.771187901496887207e-01 -2.117864340543746948e-01 1.962633244693279266e-02 -4.718976061248413290e-01
-4.745328798890113831e-02 -3.070202171802520752e-01 -9.505191445350646973e-01 -2.930790800131883422e+00
2.073327600955963135e-01 9.278390407562255859e-01 -3.100450932979583740e-01 -8.214902072368451824e-01
0.000000000000000000e+00 0.000000000000000000e+00 0.000000000000000000e+00 1.000000000000000000e+00
9.159655570983886719e-01 -3.892493844032287598e-01 -9.742544591426849365e-02 -8.096754504704811728e-01
-2.331393808126449585e-01 -3.186594843864440918e-01 -9.187503457069396973e-01 -2.742502914629719513e+00
3.265774846076965332e-01 8.642574548721313477e-01 -3.826303780078887939e-01 -1.136650940466927384e+00
0.000000000000000000e+00 0.000000000000000000e+00 0.000000000000000000e+00 1.000000000000000000e+00
8.702679872512817383e-01 -4.837329685688018799e-01 -9.292759746313095093e-02 -7.804674493443332084e-01
-2.856082618236541748e-01 -3.418355584144592285e-01 -8.953080177307128906e-01 -2.632808606389219541e+00
4.013240337371826172e-01 8.056990504264831543e-01 -4.356466531753540039e-01 -1.372837991413356162e+00
0.000000000000000000e+00 0.000000000000000000e+00 0.000000000000000000e+00 1.000000000000000000e+00
8.334242105484008789e-01 -5.496509671211242676e-01 -5.734223872423171997e-02 -6.581906301073386922e-01
-3.357339501380920410e-01 -4.211667180061340332e-01 -8.425565958023071289e-01 -2.452531210025594710e+00
4.389611482620239258e-01 7.214584350585937500e-01 -5.355467200279235840e-01 -1.710730246680769007e+00
0.000000000000000000e+00 0.000000000000000000e+00 0.000000000000000000e+00 1.000000000000000000e+00
8.021125197410583496e-01 -5.952032804489135742e-01 -4.845430701971054077e-02 -6.115209078031619283e-01
-4.237107038497924805e-01 -5.100677609443664551e-01 -7.485318183898925781e-01 -2.112528854501812603e+00
4.208139181137084961e-01 6.209372282028198242e-01 -6.613259315490722656e-01 -2.091540153082489972e+00
0.000000000000000000e+00 0.000000000000000000e+00 0.000000000000000000e+00 1.000000000000000000e+00
7.735247015953063965e-01 -6.335101723670959473e-01 -1.800542883574962616e-02 -5.101255822042787269e-01
-5.033959746360778809e-01 -5.968974232673645020e-01 -6.247445940971374512e-01 -1.679571850342935324e+00
3.850346505641937256e-01 4.923191964626312256e-01 -7.806211709976196289e-01 -2.434015053832792486e+00
0.000000000000000000e+00 0.000000000000000000e+00 0.000000000000000000e+00 1.000000000000000000e+00
7.521464824676513672e-01 -6.588580012321472168e-01 -1.349045429378747940e-02 -4.838784681287270351e-01
-5.643946528434753418e-01 -6.334702968597412109e-01 -5.293144583702087402e-01 -1.348047009547322705e+00
3.401973247528076172e-01 4.057358801364898682e-01 -8.483182191848754883e-01 -2.617801281746043873e+00
0.000000000000000000e+00 0.000000000000000000e+00 0.000000000000000000e+00 1.000000000000000000e+00
6.498928070068359375e-01 -7.599740624427795410e-01 -8.856977336108684540e-03 -4.037510187864960520e-01
-6.765483021736145020e-01 -5.731628537178039551e-01 -4.623490869998931885e-01 -1.069189893115209511e+00
3.462969362735748291e-01 3.064693808555603027e-01 -8.866537213325500488e-01 -2.754431032176325012e+00
0.000000000000000000e+00 0.000000000000000000e+00 0.000000000000000000e+00 1.000000000000000000e+00
5.838392972946166992e-01 -8.113427758216857910e-01 2.922784350812435150e-02 -2.421034249593075893e-01
-7.382183074951171875e-01 -5.455135107040405273e-01 -3.967979848384857178e-01 -8.239077775028895712e-01
3.378835320472717285e-01 2.100897580385208130e-01 -9.174407124519348145e-01 -2.856471363574772049e+00
0.000000000000000000e+00 0.000000000000000000e+00 0.000000000000000000e+00 1.000000000000000000e+00
5.392388701438903809e-01 -8.395986557006835938e-01 6.553833931684494019e-02 -9.642902896621087516e-02
-7.812219858169555664e-01 -5.277703404426574707e-01 -3.333927989006042480e-01 -5.915285717572326130e-01
3.145054578781127930e-01 1.285784095525741577e-01 -9.405074119567871094e-01 -2.916748431758686255e+00
0.000000000000000000e+00 0.000000000000000000e+00 0.000000000000000000e+00 1.000000000000000000e+00
5.060114264488220215e-01 -8.543439507484436035e-01 1.185259073972702026e-01 9.755784494413055619e-02
-8.171741366386413574e-01 -5.188298225402832031e-01 -2.510809600353240967e-01 -3.087800353087140626e-01
2.760044038295745850e-01 3.019353747367858887e-02 -9.606820344924926758e-01 -2.962638076460566872e+00
0.000000000000000000e+00 0.000000000000000000e+00 0.000000000000000000e+00 1.000000000000000000e+00
4.328604936599731445e-01 -8.838406205177307129e-01 1.773623526096343994e-01 3.342717224858047786e-01
-8.607422113418579102e-01 -4.636942148208618164e-01 -2.100250571966171265e-01 -1.517887193778174049e-01
2.678705155849456787e-01 -6.175178661942481995e-02 -9.614738821983337402e-01 -2.961626210677893223e+00
0.000000000000000000e+00 0.000000000000000000e+00 0.000000000000000000e+00 1.000000000000000000e+00
3.549342155456542969e-01 -8.953125476837158203e-01 2.691407203674316406e-01 6.800951346276391529e-01
-8.934305310249328613e-01 -4.096154868602752686e-01 -1.843828260898590088e-01 -4.921840102816879559e-02
2.753245234489440918e-01 -1.750147789716720581e-01 -9.452862739562988281e-01 -2.913809688757465377e+00
0.000000000000000000e+00 0.000000000000000000e+00 0.000000000000000000e+00 1.000000000000000000e+00
2.903852164745330811e-01 -8.815562725067138672e-01 3.722026050090789795e-01 1.037197249251342157e+00
-9.135215878486633301e-01 -3.711847364902496338e-01 -1.664336919784545898e-01 2.152495551461798551e-02
2.848765254020690918e-01 -2.916852235794067383e-01 -9.131072163581848145e-01 -2.823984042588318033e+00
0.000000000000000000e+00 0.000000000000000000e+00 0.000000000000000000e+00 1.000000000000000000e+00
2.691633403301239014e-01 -8.495014905929565430e-01 4.537599682807922363e-01 1.296502135869065153e+00
-9.326335191726684570e-01 -3.474641740322113037e-01 -9.727741777896881104e-02 2.468783536693412439e-01
2.403026968240737915e-01 -3.970083296298980713e-01 -8.857983350753784180e-01 -2.706553803827703053e+00
0.000000000000000000e+00 0.000000000000000000e+00 0.000000000000000000e+00 1.000000000000000000e+00
1.753800511360168457e-01 -7.697595953941345215e-01 6.137688159942626953e-01 1.839630269668077078e+00
-9.621032476425170898e-01 -2.662304937839508057e-01 -5.897943302989006042e-02 3.732157775990438964e-01
2.088040113449096680e-01 -5.801650881767272949e-01 -7.872797250747680664e-01 -2.389372926230302951e+00
0.000000000000000000e+00 0.000000000000000000e+00 0.000000000000000000e+00 1.000000000000000000e+00
1.339058429002761841e-01 -6.703065633773803711e-01 7.299028038978576660e-01 2.217994120921035428e+00
-9.731467366218566895e-01 -2.280963659286499023e-01 -3.094179183244705200e-02 4.626185483081562966e-01
1.872286200523376465e-01 -7.061593532562255859e-01 -6.828503012657165527e-01 -2.066283381601433877e+00
0.000000000000000000e+00 0.000000000000000000e+00 0.000000000000000000e+00 1.000000000000000000e+00
1.073998287320137024e-01 -5.724146962165832520e-01 8.129002451896667480e-01 2.479217882546315810e+00
-9.840004444122314453e-01 -1.781072765588760376e-01 4.588818177580833435e-03 5.736709904180583575e-01
1.421567052602767944e-01 -8.003870248794555664e-01 -5.823848247528076172e-01 -1.739951837768683118e+00
0.000000000000000000e+00 0.000000000000000000e+00 0.000000000000000000e+00 1.000000000000000000e+00
7.548146694898605347e-02 -5.016808509826660156e-01 8.617531061172485352e-01 2.647495549624110822e+00
-9.911483526229858398e-01 -1.324003785848617554e-01 9.736549109220504761e-03 5.981072593344071153e-01
1.092117354273796082e-01 -8.548603057861328125e-01 -5.072342753410339355e-01 -1.495545412383064932e+00
0.000000000000000000e+00 0.000000000000000000e+00 0.000000000000000000e+00 1.000000000000000000e+00
1.573809683322906494e-01 -5.084183216094970703e-01 8.466060757637023926e-01 2.535626847501017522e+00
-9.872578382492065430e-01 -1.014223992824554443e-01 1.226195842027664185e-01 9.340469061358678271e-01
2.352274395525455475e-02 -8.551163673400878906e-01 -5.179020166397094727e-01 -1.463074647695209451e+00
0.000000000000000000e+00 0.000000000000000000e+00 0.000000000000000000e+00 1.000000000000000000e+00
2.694072127342224121e-01 -5.675852298736572266e-01 7.779889702796936035e-01 2.256721372880081677e+00
-9.583601951599121094e-01 -7.858296483755111694e-02 2.745368480682373047e-01 1.370031850354664904e+00
-9.468635171651840210e-02 -8.195558786392211914e-01 -5.651218891143798828e-01 -1.510834464292937662e+00
0.000000000000000000e+00 0.000000000000000000e+00 0.000000000000000000e+00 1.000000000000000000e+00
3.215147554874420166e-01 -6.138402223587036133e-01 7.209913134574890137e-01 2.059436932688686994e+00
-9.286969900131225586e-01 -5.581810325384140015e-02 3.666152656078338623e-01 1.614153093496925262e+00
-1.847987771034240723e-01 -7.874545454978942871e-01 -5.880176424980163574e-01 -1.517658142760279327e+00
0.000000000000000000e+00 0.000000000000000000e+00 0.000000000000000000e+00 1.000000000000000000e+00
3.694718182086944580e-01 -6.275120973587036133e-01 6.853605508804321289e-01 1.923597607547325783e+00
-8.892514109611511230e-01 -2.472446300089359283e-02 4.567499756813049316e-01 1.846871737856138784e+00
-2.696709334850311279e-01 -7.782141566276550293e-01 -5.671511292457580566e-01 -1.392213275786475801e+00
0.000000000000000000e+00 0.000000000000000000e+00 0.000000000000000000e+00 1.000000000000000000e+00
4.248065054416656494e-01 -6.338949203491210938e-01 6.463102102279663086e-01 1.762288210611298922e+00
-8.378025293350219727e-01 -4.810778424143791199e-03 5.459524393081665039e-01 2.066845343554283065e+00
-3.429670035839080811e-01 -7.734044790267944336e-01 -5.331223011016845703e-01 -1.230006113558949288e+00
0.000000000000000000e+00 0.000000000000000000e+00 0.000000000000000000e+00 1.000000000000000000e+00
5.262674093246459961e-01 -6.322054266929626465e-01 5.686467289924621582e-01 1.476850172440043352e+00
-7.272185683250427246e-01 1.194535568356513977e-02 6.863019466400146484e-01 2.375130935822213463e+00
-4.406764209270477295e-01 -7.747089266777038574e-01 -4.534649848937988281e-01 -9.017461748469465244e-01
0.000000000000000000e+00 0.000000000000000000e+00 0.000000000000000000e+00 1.000000000000000000e+00
6.397142410278320312e-01 -6.606056094169616699e-01 3.928939700126647949e-01 8.874604290973059362e-01
-5.749110579490661621e-01 -7.198414206504821777e-02 8.150433897972106934e-01 2.665925488466680093e+00
-5.101401209831237793e-01 -7.472740411758422852e-01 -4.258387088775634766e-01 -7.558604187314820200e-01
0.000000000000000000e+00 0.000000000000000000e+00 0.000000000000000000e+00 1.000000000000000000e+00
6.406501531600952148e-01 -7.144125699996948242e-01 2.813932895660400391e-01 5.940450143847082476e-01
-4.940057396888732910e-01 -1.029462143778800964e-01 8.633427023887634277e-01 2.754049423078218872e+00
-5.878142714500427246e-01 -6.921105384826660156e-01 -4.188762903213500977e-01 -6.869636586051842686e-01
0.000000000000000000e+00 0.000000000000000000e+00 0.000000000000000000e+00 1.000000000000000000e+00
6.122450828552246094e-01 -7.637345790863037109e-01 2.046106010675430298e-01 4.247625869357213313e-01
-3.922373056411743164e-01 -6.868468225002288818e-02 9.172961115837097168e-01 2.850425292849523728e+00
-6.865172386169433594e-01 -6.418659687042236328e-01 -3.416171371936798096e-01 -4.412979197574231627e-01
0.000000000000000000e+00 0.000000000000000000e+00 0.000000000000000000e+00 1.000000000000000000e+00
4.550609588623046875e-01 -8.883383274078369141e-01 6.143412739038467407e-02 1.654737392322656042e-01
-2.056201398372650146e-01 -3.770301118493080139e-02 9.779052138328552246e-01 2.923272730744293835e+00
-8.663948774337768555e-01 -4.576387107372283936e-01 -1.998175531625747681e-01 -3.287920839347130419e-02
0.000000000000000000e+00 0.000000000000000000e+00 0.000000000000000000e+00 1.000000000000000000e+00
3.301001191139221191e-01 -9.397898316383361816e-01 -8.848154544830322266e-02 -2.246915278923734827e-01
-2.536206841468811035e-01 -1.785903275012969971e-01 9.506745338439941406e-01 2.936695473894658903e+00
-9.092362523078918457e-01 -2.913769483566284180e-01 -2.973028719425201416e-01 -3.619763137571818667e-01
0.000000000000000000e+00 0.000000000000000000e+00 0.000000000000000000e+00 1.000000000000000000e+00
3.161143362522125244e-01 -9.480883479118347168e-01 3.464321047067642212e-02 1.612384828354885280e-01
-3.639956414699554443e-01 -8.748143166303634644e-02 9.272834062576293945e-01 2.885622052101610269e+00
-8.761159181594848633e-01 -3.057375550270080566e-01 -3.727541863918304443e-01 -5.736211354762321690e-01
0.000000000000000000e+00 0.000000000000000000e+00 0.000000000000000000e+00 1.000000000000000000e+00
2.922101616859436035e-01 -9.554877281188964844e-01 4.069894179701805115e-02 2.338321954542376679e-01
-4.580296576023101807e-01 -1.024642288684844971e-01 8.830118179321289062e-01 2.791921404245501392e+00
-8.395367860794067383e-01 -2.766663730144500732e-01 -4.675828218460083008e-01 -8.809117976752630641e-01
0.000000000000000000e+00 0.000000000000000000e+00 0.000000000000000000e+00 1.000000000000000000e+00
1.888374835252761841e-01 -9.799795150756835938e-01 6.309006363153457642e-02 3.424868543734781445e-01
-4.764717221260070801e-01 -3.525802865624427795e-02 8.784825205802917480e-01 2.776750315963142590e+00
-8.586705923080444336e-01 -1.959510147571563721e-01 -4.735905230045318604e-01 -9.122465243409565439e-01
0.000000000000000000e+00 0.000000000000000000e+00 0.000000000000000000e+00 1.000000000000000000e+00
