1.000000000000000000e+00 0.000000000000000000e+00 0.000000000000000000e+00 -4.096739309266262952e-01
0.000000000000000000e+00 -1.000000000000000000e+00 0.000000000000000000e+00 -1.964994255436737502e-02
0.000000000000000000e+00 0.000000000000000000e+00 -1.000000000000000000e+00 -2.664639051945225212e+00
0.000000000000000000e+00 0.000000000000000000e+00 0.000000000000000000e+00 1.000000000000000000e+00
9.958473439999999677e-01 -8.305823800000000645e-02 -3.727424890000000102e-02 -4.941550657440934025e-01
-8.239738639999999448e-02 -9.964196680000000361e-01 1.893102190000000087e-02 6.803306886954769983e-02
-3.871316839999999759e-02 -1.578113249999999954e-02 -9.991257789999999916e-01 -2.707040280247947184e+00
0.000000000000000000e+00 0.000000000000000000e+00 0.000000000000000000e+00 1.000000000000000000e+00
9.843589659999999464e-01 -1.696778539999999891e-01 -4.740000140000000250e-02 -5.057978004054075605e-01
-1.670645179999999952e-01 -9.844359160000000220e-01 5.454558510000000193e-02 2.188310008584463950e-01
-5.591747910000000044e-02 -4.577352850000000056e-02 -9.973856210000000555e-01 -2.702083323701052198e+00
0.000000000000000000e+00 0.000000000000000000e+00 0.000000000000000000e+00 1.000000000000000000e+00
9.634452460000000329e-01 -2.617662849999999874e-01 -5.702124539999999658e-02 -5.106756651217800869e-01
-2.569389049999999952e-01 -9.631091360000000323e-01 8.002053200000000532e-02 3.367390781642444209e-01
-7.586438210000000237e-02 -6.244439999999999713e-02 -9.951608779999999710e-01 -2.693225709030772297e+00
0.000000000000000000e+00 0.000000000000000000e+00 0.000000000000000000e+00 1.000000000000000000e+00
9.345514769999999638e-01 -3.492488269999999839e-01 -6.810934840000000545e-02 -5.162427209498229308e-01
-3.390633459999999877e-01 -9.321154950000000161e-01 1.272665560000000029e-01 5.121060148337253093e-01
-1.079335210000000045e-01 -9.584374730000000397e-02 -9.895275239999999917e-01 -2.667963553184211190e+00
0.000000000000000000e+00 0.000000000000000000e+00 0.000000000000000000e+00 1.000000000000000000e+00
8.876474500000000045e-01 -4.579955940000000059e-01 -4.818968850000000109e-02 -4.317323019149906793e-01
-4.479883310000000174e-01 -8.829937580000000175e-01 1.401019689999999929e-01 5.906124989605026077e-01
-1.067173180000000055e-01 -1.027727429999999997e-01 -9.889637230000000168e-01 -2.677777849199896032e+00
0.000000000000000000e+00 0.000000000000000000e+00 0.000000000000000000e+00 1.000000000000000000e+00
8.412888649999999968e-01 -5.398786070000000104e-01 -2.763247489999999876e-02 -3.470037187940119838e-01
-5.285141469999999897e-01 -8.321689960000000497e-01 1.678295429999999977e-01 7.075074171578117355e-01
-1.136025120000000027e-01 -1.265889699999999951e-01 -9.854288700000000123e-01 -2.669158365548463863e+00
0.000000000000000000e+00 0.000000000000000000e+00 0.000000000000000000e+00 1.000000000000000000e+00
7.868433590000000200e-01 -6.169163579999999980e-01 -1.707713679999999998e-02 -2.844154604343720472e-01
-6.054980749999999690e-01 -7.770408989999999516e-01 1.719868330000000056e-01 7.518178675474461725e-01
-1.193711679999999997e-01 -1.249865000000000004e-01 -9.849511979999999722e-01 -2.675824210062413666e+00
0.000000000000000000e+00 0.000000000000000000e+00 0.000000000000000000e+00 1.000000000000000000e+00
7.167195079999999496e-01 -6.972645520000000374e-01 1.162513620000000039e-02 -1.557990796220896090e-01
-6.894066330000000464e-01 -7.059349419999999542e-01 1.624002609999999902e-01 7.511176740216191083e-01
-1.050293969999999966e-01 -1.244098770000000020e-01 -9.866564270000000025e-01 -2.690876092239296469e+00
0.000000000000000000e+00 0.000000000000000000e+00 0.000000000000000000e+00 1.000000000000000000e+00
6.418662069999999664e-01 -7.667692900000000478e-01 8.500048890000000412e-03 -1.163092717659013620e-01
-7.599685790000000329e-01 -6.346168519999999535e-01 1.403881760000000034e-01 7.110277693314878134e-01
-1.022511350000000069e-01 -9.657017140000000166e-02 -9.900600309999999515e-01 -2.713850712575977209e+00
0.000000000000000000e+00 0.000000000000000000e+00 0.000000000000000000e+00 1.000000000000000000e+00
5.452029109999999568e-01 -8.377192020000000516e-01 3.131084890000000037e-02 2.354212315043670897e-03
-8.357589239999999586e-01 -5.402600170000000368e-01 9.811223299999999314e-02 6.076370650158243736e-01
-6.527451430000000276e-02 -7.965939489999999956e-02 -9.946826699999999910e-01 -2.764273203560118741e+00
0.000000000000000000e+00 0.000000000000000000e+00 0.000000000000000000e+00 1.000000000000000000e+00
4.538291389999999925e-01 -8.888973000000000013e-01 6.245573239999999832e-02 1.516932246682253238e-01
-8.908310529999999838e-01 -4.508964120000000242e-01 5.578957870000000180e-02 4.879584462250157184e-01
-2.143013660000000001e-02 -8.095642919999999909e-02 -9.964871410000000207e-01 -2.805687121900058312e+00
0.000000000000000000e+00 0.000000000000000000e+00 0.000000000000000000e+00 1.000000000000000000e+00
3.508971929999999961e-01 -9.338161350000000471e-01 6.970283389999999690e-02 2.134342147331129980e-01
-9.363953470000000445e-01 -3.503855759999999764e-01 1.983847659999999832e-02 3.627530934217085279e-01
5.897372960000000185e-03 -7.223068180000000171e-02 -9.973705409999999993e-01 -2.823445136863624416e+00
0.000000000000000000e+00 0.000000000000000000e+00 0.000000000000000000e+00 1.000000000000000000e+00
2.648626860000000138e-01 -9.591302870000000258e-01 9.958311170000000434e-02 3.234845693229962960e-01
-9.615401030000000349e-01 -2.704845069999999851e-01 -4.773695020000000289e-02 1.252470057721677965e-01
7.272163780000000244e-02 -8.310941609999999979e-02 -9.938834909999999523e-01 -2.820404292916656619e+00
0.000000000000000000e+00 0.000000000000000000e+00 0.000000000000000000e+00 1.000000000000000000e+00
1.898645909999999992e-01 -9.734257459999999806e-01 1.280373330000000032e-01 4.253518184320883577e-01
-9.736852649999999665e-01 -2.034278959999999969e-01 -1.027325469999999935e-01 -6.457138439936779828e-02
1.260488780000000031e-01 -1.051628069999999970e-01 -9.864342210000000000e-01 -2.807471340710821828e+00
0.000000000000000000e+00 0.000000000000000000e+00 0.000000000000000000e+00 1.000000000000000000e+00
1.173027080000000055e-01 -9.840965870000000226e-01 1.333932879999999987e-01 4.549948369020276329e-01
-9.713516829999999658e-01 -1.416486650000000069e-01 -1.908175649999999945e-01 -3.405171149825834687e-01
2.066779290000000102e-01 -1.071883889999999950e-01 -9.725198750000000336e-01 -2.779861780962613604e+00
0.000000000000000000e+00 0.000000000000000000e+00 0.000000000000000000e+00 1.000000000000000000e+00
1.895530069999999956e-01 -9.760062689999999819e-01 1.071503530000000037e-01 3.721480147384925163e-01
-9.554609059999999987e-01 -2.084930540000000110e-01 -2.088659409999999994e-01 -3.922394398600994037e-01
2.261945900000000009e-01 -6.278683990000000215e-02 -9.720565079999999858e-01 -2.760209180465445389e+00
0.000000000000000000e+00 0.000000000000000000e+00 0.000000000000000000e+00 1.000000000000000000e+00
2.724771799999999855e-01 -9.550864100000000523e-01 1.164727059999999953e-01 3.750913109834085879e-01
-9.403931500000000110e-01 -2.899582980000000032e-01 -1.777205020000000024e-01 -2.811235658551564653e-01
2.035106869999999957e-01 -6.110540030000000122e-02 -9.771640299999999613e-01 -2.749932408993466471e+00
0.000000000000000000e+00 0.000000000000000000e+00 0.000000000000000000e+00 1.000000000000000000e+00
3.274376390000000026e-01 -9.377172590000000252e-01 1.160635869999999958e-01 3.585401172464707797e-01
-9.349302649999999826e-01 -3.393112420000000129e-01 -1.037937030000000010e-01 -3.783141539335758974e-02
1.367108370000000017e-01 -7.452541590000000271e-02 -9.878036980000000078e-01 -2.746796651516648868e+00
0.000000000000000000e+00 0.000000000000000000e+00 0.000000000000000000e+00 1.000000000000000000e+00
3.628818690000000236e-01 -9.201463460000000039e-01 1.471308020000000050e-01 4.381796731853842553e-01
-9.293878079999999819e-01 -3.688247199999999948e-01 -1.437329310000000013e-02 2.523202709165303093e-01
6.749100980000000138e-02 -1.315257699999999863e-01 -9.890125990000000478e-01 -2.714345196233685531e+00
0.000000000000000000e+00 0.000000000000000000e+00 0.000000000000000000e+00 1.000000000000000000e+00
3.992971479999999906e-01 -9.013528229999999697e-01 1.677042990000000011e-01 4.786321260787708143e-01
-9.168053269999999477e-01 -3.936391770000000068e-01 6.720115240000000545e-02 5.087606078041770896e-01
5.443007219999999695e-03 -1.805854440000000116e-01 -9.835442300000000193e-01 -2.663609798924182481e+00
0.000000000000000000e+00 0.000000000000000000e+00 0.000000000000000000e+00 1.000000000000000000e+00
4.552376269999999781e-01 -8.688077330000000265e-01 1.947604719999999900e-01 5.227645953135039436e-01
-8.884159329999999910e-01 -4.287548070000000155e-01 1.639700980000000086e-01 7.832979438226030933e-01
-5.895406009999999697e-02 -2.476736750000000098e-01 -9.670481680000000413e-01 -2.566345411583054847e+00
0.000000000000000000e+00 0.000000000000000000e+00 0.000000000000000000e+00 1.000000000000000000e+00
5.246481299999999903e-01 -8.321441410000000038e-01 1.796674129999999980e-01 4.299428111478710846e-01
-8.448097110000000187e-01 -4.828613999999999962e-01 2.305235270000000058e-01 9.506385263122681950e-01
-1.050743979999999994e-01 -2.727285329999999952e-01 -9.563360210000000361e-01 -2.501629874454213809e+00
0.000000000000000000e+00 0.000000000000000000e+00 0.000000000000000000e+00 1.000000000000000000e+00
5.839087370000000110e-01 -7.920188900000000309e-01 1.782032849999999891e-01 3.872736768844131094e-01
-7.993711230000000167e-01 -5.226389169999999806e-01 2.964023049999999770e-01 1.101581815534262931e+00
-1.416203829999999886e-01 -3.155224030000000068e-01 -9.382905959999999768e-01 -2.417595068404454484e+00
0.000000000000000000e+00 0.000000000000000000e+00 0.000000000000000000e+00 1.000000000000000000e+00
6.618157630000000013e-01 -7.348231079999999471e-01 1.484408530000000115e-01 2.496456337152266058e-01
-7.257385849999999916e-01 -5.783787369999999761e-01 3.725336790000000065e-01 1.246481573008698662e+00
-1.878914090000000092e-01 -3.542778790000000178e-01 -9.160698059999999865e-01 -2.316882415396137596e+00
0.000000000000000000e+00 0.000000000000000000e+00 0.000000000000000000e+00 1.000000000000000000e+00
7.320286040000000272e-01 -6.664125920000000258e-01 1.415223929999999963e-01 1.971968661793967736e-01
-6.495208139999999464e-01 -6.200053100000000317e-01 4.401305320000000187e-01 1.370127051438688737e+00
-2.055639180000000121e-01 -4.141100050000000032e-01 -8.867110609999999671e-01 -2.188767019878541387e+00
0.000000000000000000e+00 0.000000000000000000e+00 0.000000000000000000e+00 1.000000000000000000e+00
7.477570770000000477e-01 -6.537222270000000446e-01 1.162183430000000017e-01 1.108382128568690256e-01
-6.038995980000000374e-01 -5.968504550000000020e-01 5.282755489999999554e-01 1.555845811729364314e+00
-2.759805619999999848e-01 -4.652055800000000074e-01 -8.410817379999999677e-01 -1.992729952451570474e+00
0.000000000000000000e+00 0.000000000000000000e+00 0.000000000000000000e+00 1.000000000000000000e+00
7.783088679999999870e-01 -6.136441830000000097e-01 1.329507829999999891e-01 1.315291364456909196e-01
-5.430718660000000142e-01 -5.516419409999999690e-01 6.330592630000000387e-01 1.807347434985720813e+00
-3.151319920000000274e-01 -5.649172660000000290e-01 -7.626011369999999845e-01 -1.726617395408300393e+00
0.000000000000000000e+00 0.000000000000000000e+00 0.000000000000000000e+00 1.000000000000000000e+00
7.989106769999999580e-01 -5.871625539999999477e-01 1.303124730000000120e-01 1.067397270122736053e-01
-4.894040820000000180e-01 -5.086967949999999794e-01 7.083153720000000542e-01 1.990375386057355200e+00
-3.496069010000000254e-01 -6.296561960000000013e-01 -6.937634940000000361e-01 -1.500930206042450310e+00
0.000000000000000000e+00 0.000000000000000000e+00 0.000000000000000000e+00 1.000000000000000000e+00
8.247595429999999839e-01 -5.514343980000000478e-01 1.252668799999999971e-01 6.968080640978555063e-02
-4.261848030000000009e-01 -4.605520069999999855e-01 7.786256670000000213e-01 2.160792818711418928e+00
-3.716690240000000145e-01 -6.955660580000000426e-01 -6.148578519999999825e-01 -1.291794358556790367e+00
0.000000000000000000e+00 0.000000000000000000e+00 0.000000000000000000e+00 1.000000000000000000e+00
8.582367300000000032e-01 -5.064871309999999793e-01 8.306843790000000005e-02 -6.098972855137129584e-02
-3.330135940000000239e-01 -4.263522619999999819e-01 8.410264849999999903e-01 2.298227202540152003e+00
-3.905527590000000271e-01 -7.494630220000000342e-01 -5.345783830000000458e-01 -1.093774958496190219e+00
0.000000000000000000e+00 0.000000000000000000e+00 0.000000000000000000e+00 1.000000000000000000e+00
8.674600120000000025e-01 -4.950132070000000106e-01 4.975992440000000239e-02 -1.440160134875081155e-01
-2.368363739999999884e-01 -3.229216340000000129e-01 9.163134099999999949e-01 2.438118542205483852e+00
-4.375183579999999961e-01 -8.066498640000000497e-01 -3.973587749999999974e-01 -7.403117781364345618e-01
0.000000000000000000e+00 0.000000000000000000e+00 0.000000000000000000e+00 1.000000000000000000e+00
8.348462580000000077e-01 -5.497417449999999484e-01 2.855250429999999992e-02 -2.329384274501540009e-01
-1.161575390000000041e-01 -1.252239350000000084e-01 9.853050709999999768e-01 2.591686772453041243e+00
-5.380881429999999632e-01 -8.258948919999999916e-01 -1.683992300000000109e-01 -1.246060137598010847e-01
0.000000000000000000e+00 0.000000000000000000e+00 0.000000000000000000e+00 1.000000000000000000e+00
8.505876060000000516e-01 -5.240606070000000116e-01 4.313129190000000029e-02 -1.843098873625458878e-01
-1.084967260000000017e-01 -9.465324129999999614e-02 9.895797969999999832e-01 2.599631583957407344e+00
-5.145177250000000369e-01 -8.464047310000000213e-01 -1.373697969999999879e-01 -1.144099803602337262e-01
0.000000000000000000e+00 0.000000000000000000e+00 0.000000000000000000e+00 1.000000000000000000e+00
8.050484660000000181e-01 -5.925000310000000381e-01 2.900317129999999827e-02 -1.823574176308599692e-01
-1.089288890000000010e-01 -9.959088269999999410e-02 9.890484210000000109e-01 2.597357575778237226e+00
-5.831223129999999477e-01 -7.993902560000000213e-01 -1.447157410000000088e-01 -1.238343346335534639e-01
0.000000000000000000e+00 0.000000000000000000e+00 0.000000000000000000e+00 1.000000000000000000e+00
7.773079870000000335e-01 -6.270352599999999832e-01 5.118668080000000203e-02 -1.157669063573138757e-01
-2.447502020000000000e-01 -2.264447059999999956e-01 9.427724480000000407e-01 2.527384592033459665e+00
-5.795603390000000354e-01 -7.453520890000000509e-01 -3.294841050000000271e-01 -5.153481731900279028e-01
0.000000000000000000e+00 0.000000000000000000e+00 0.000000000000000000e+00 1.000000000000000000e+00
8.002727029999999742e-01 -5.954357390000000194e-01 7.085444779999999776e-02 -7.002494911117701504e-02
-3.054023089999999829e-01 -3.030449150000000258e-01 9.027143720000000426e-01 2.447295979639208863e+00
-5.160361530000000529e-01 -7.440565230000000252e-01 -4.243659679999999823e-01 -7.678663563684052784e-01
0.000000000000000000e+00 0.000000000000000000e+00 0.000000000000000000e+00 1.000000000000000000e+00
7.959719899999999626e-01 -5.988450050000000413e-01 8.839378509999999689e-02 -3.073086376799666342e-02
-3.708376290000000020e-01 -3.669839200000000190e-01 8.531128759999999644e-01 2.348726950230279442e+00
-4.784433539999999874e-01 -7.118345499999999548e-01 -5.141834020000000116e-01 -1.012916473397472483e+00
0.000000000000000000e+00 0.000000000000000000e+00 0.000000000000000000e+00 1.000000000000000000e+00
8.201500179999999807e-01 -5.685123210000000427e-01 6.440399589999999674e-02 -1.472261240625706846e-01
-4.575294549999999738e-01 -5.840915439999999625e-01 6.704505090000000278e-01 1.989584412198412755e+00
-3.435414430000000019e-01 -5.793364640000000509e-01 -7.391534450000000200e-01 -1.655124952621177536e+00
0.000000000000000000e+00 0.000000000000000000e+00 0.000000000000000000e+00 1.000000000000000000e+00
8.196447489999999503e-01 -5.716719630000000052e-01 3.706213459999999765e-02 -2.313650618560442462e-01
-4.731352030000000042e-01 -6.390501259999999961e-01 6.064301130000000484e-01 1.818742308394208029e+00
-3.229945000000000177e-01 -5.145924689999999968e-01 -7.942722439999999606e-01 -1.813987878253629393e+00
0.000000000000000000e+00 0.000000000000000000e+00 0.000000000000000000e+00 1.000000000000000000e+00
8.476141689999999729e-01 -5.295009019999999955e-01 3.432297709999999891e-02 -2.438765011406940908e-01
-4.632110890000000203e-01 -7.068444489999999858e-01 5.346087219999999807e-01 1.615313688955862137e+00
-2.588153180000000164e-01 -4.690409600000000068e-01 -8.444027899999999587e-01 -1.968592805720648320e+00
0.000000000000000000e+00 0.000000000000000000e+00 0.000000000000000000e+00 1.000000000000000000e+00
8.655193450000000510e-01 -5.008221269999999503e-01 7.364168760000000362e-03 -3.060079088581440510e-01
-4.633123279999999955e-01 -7.949353460000000426e-01 3.916875419999999997e-01 1.232785655277527592e+00
-1.903118639999999973e-01 -3.424248990000000048e-01 -9.200685020000000103e-01 -2.188308544290054503e+00
0.000000000000000000e+00 0.000000000000000000e+00 0.000000000000000000e+00 1.000000000000000000e+00
8.729536530000000516e-01 -4.877994660000000149e-01 1.862214990000000004e-03 -3.048924633153256014e-01
-4.722630079999999841e-01 -8.441818359999999632e-01 2.536232469999999961e-01 8.780816501853031530e-01
-1.221452580000000065e-01 -2.222808900000000087e-01 -9.673011299999999535e-01 -2.336906290660006213e+00
0.000000000000000000e+00 0.000000000000000000e+00 0.000000000000000000e+00 1.000000000000000000e+00
8.776193260000000329e-01 -4.793508949999999991e-01 -2.628574150000000109e-03 -2.798005648048578764e-01
-4.787204270000000039e-01 -8.767215609999999826e-01 4.675386849999999678e-02 3.333568677213901710e-01
-2.471604939999999875e-02 -3.977374730000000219e-02 -9.989029769999999697e-01 -2.459659659684614752e+00
0.000000000000000000e+00 0.000000000000000000e+00 0.000000000000000000e+00 1.000000000000000000e+00
8.863617179999999651e-01 -4.629929959999999900e-01 2.600846060000000168e-04 -2.578658665810587003e-01
-4.624855520000000220e-01 -8.854162690000000335e-01 -4.631524530000000195e-02 8.006606563300941448e-02
2.167393639999999969e-02 4.093177239999999661e-02 -9.989267590000000530e-01 -2.483821092649933338e+00
0.000000000000000000e+00 0.000000000000000000e+00 0.000000000000000000e+00 1.000000000000000000e+00
8.929265739999999729e-01 -4.502025250000000201e-01 -1.620562109999999919e-04 -2.556268507639377630e-01
-4.451129140000000262e-01 -8.827778699999999645e-01 -1.502586160000000115e-01 -2.183233700554360890e-01
6.750378760000000367e-02 1.342420280000000132e-01 -9.886467460000000207e-01 -2.477543772332604810e+00
0.000000000000000000e+00 0.000000000000000000e+00 0.000000000000000000e+00 1.000000000000000000e+00
8.981075290000000155e-01 -4.397719800000000068e-01 -1.819643539999999922e-03 -2.567753757690618421e-01
-4.253834779999999816e-01 -8.676584960000000013e-01 -2.573276460000000210e-01 -5.298227298787122619e-01
1.115866680000000000e-01 2.318819020000000009e-01 -9.663223619999999903e-01 -2.432992698413904975e+00
0.000000000000000000e+00 0.000000000000000000e+00 0.000000000000000000e+00 1.000000000000000000e+00
9.016848800000000219e-01 -4.323906000000000138e-01 1.653724349999999982e-03 -2.461555619306567966e-01
-4.010640979999999800e-01 -8.377740980000000226e-01 -3.705149589999999771e-01 -8.767543094360182865e-01
1.615926179999999934e-01 3.334243299999999910e-01 -9.288250799999999696e-01 -2.343944650640393590e+00
0.000000000000000000e+00 0.000000000000000000e+00 0.000000000000000000e+00 1.000000000000000000e+00
9.063533540000000555e-01 -4.225013260000000104e-01 -3.983887840000000305e-03 -2.735757242345967510e-01
-3.776244220000000151e-01 -8.057816620000000096e-01 -4.561967849999999935e-01 -1.142721317585859930e+00
1.895337850000000102e-01 4.149799940000000187e-01 -8.898701070000000213e-01 -2.255538155738144201e+00
0.000000000000000000e+00 0.000000000000000000e+00 0.000000000000000000e+00 1.000000000000000000e+00
9.176985029999999988e-01 -3.972143830000000042e-01 -7.030774840000000164e-03 -3.072965070117396613e-01
-3.359767200000000065e-01 -7.665311099999999600e-01 -5.473109480000000193e-01 -1.420857329115363887e+00
2.120105770000000056e-01 5.046286580000000077e-01 -8.369000549999999761e-01 -2.134364678943797333e+00
0.000000000000000000e+00 0.000000000000000000e+00 0.000000000000000000e+00 1.000000000000000000e+00
9.135380979999999651e-01 -4.054810110000000023e-01 -3.213222319999999715e-02 -3.867783635328639336e-01
-3.338780399999999871e-01 -7.024043800000000504e-01 -6.286119820000000136e-01 -1.652459535957548686e+00
2.323205770000000003e-01 5.849894289999999497e-01 -7.770545479999999561e-01 -1.997121372133453754e+00
0.000000000000000000e+00 0.000000000000000000e+00 0.000000000000000000e+00 1.000000000000000000e+00
9.211381669999999522e-01 -3.865808840000000135e-01 -4.538838189999999662e-02 -4.426497318433463279e-01
-2.962736489999999723e-01 -6.207287310000000335e-01 -7.258910539999999800e-01 -1.936353144240091417e+00
2.524417640000000129e-01 6.820935609999999594e-01 -6.863108279999999839e-01 -1.764238689091471635e+00
0.000000000000000000e+00 0.000000000000000000e+00 0.000000000000000000e+00 1.000000000000000000e+00
9.299443360000000380e-01 -3.621992769999999862e-01 -6.335724149999999444e-02 -5.079268717079592488e-01
-2.677869500000000236e-01 -5.490501519999999580e-01 -7.917281390000000529e-01 -2.137944565137130049e+00
2.519772049999999819e-01 7.532303329999999741e-01 -6.075791120000000323e-01 -1.544716379314582611e+00
0.000000000000000000e+00 0.000000000000000000e+00 0.000000000000000000e+00 1.000000000000000000e+00
9.414295550000000290e-01 -3.322626049999999887e-01 -5.754901839999999880e-02 -5.135636354173970242e-01
-2.198974190000000106e-01 -4.755249919999999797e-01 -8.517750499999999780e-01 -2.330711342496441407e+00
2.556473910000000016e-01 8.145415190000000472e-01 -5.207371710000000542e-01 -1.312672677804186616e+00
0.000000000000000000e+00 0.000000000000000000e+00 0.000000000000000000e+00 1.000000000000000000e+00
9.492509959999999580e-01 -3.084949849999999993e-01 -6.126128139999999916e-02 -5.508440736989018705e-01
-1.905510719999999880e-01 -4.091276229999999958e-01 -8.923590780000000278e-01 -2.454735678775850527e+00
2.502246499999999929e-01 8.587461709999999471e-01 -4.471489790000000020e-01 -1.124014486881580233e+00
0.000000000000000000e+00 0.000000000000000000e+00 0.000000000000000000e+00 1.000000000000000000e+00
9.603511099999999523e-01 -2.730595769999999978e-01 -5.624783779999999872e-02 -5.564498643579003367e-01
-1.552248900000000043e-01 -3.561136420000000080e-01 -9.214599129999999638e-01 -2.556177502130111634e+00
2.315829249999999950e-01 8.936559560000000291e-01 -3.843796549999999868e-01 -9.464999184118462194e-01
0.000000000000000000e+00 0.000000000000000000e+00 0.000000000000000000e+00 1.000000000000000000e+00
9.704825879999999794e-01 -2.330150009999999994e-01 -6.219361350000000149e-02 -6.021225873181011989e-01
-1.269181369999999864e-01 -2.741647059999999803e-01 -9.532708530000000291e-01 -2.695536831600179539e+00
2.050750699999999982e-01 9.330258970000000485e-01 -2.956459819999999739e-01 -6.575823678332713973e-01
0.000000000000000000e+00 0.000000000000000000e+00 0.000000000000000000e+00 1.000000000000000000e+00
9.805456399999999961e-01 -1.870954629999999896e-01 -5.937875060000000205e-02 -6.222985066311089719e-01
-9.495691959999999487e-02 -1.873676629999999899e-01 -9.776893260000000252e-01 -2.796621870449587544e+00
1.717956220000000089e-01 9.643071890000000090e-01 -2.014885989999999905e-01 -3.394214615021480252e-01
0.000000000000000000e+00 0.000000000000000000e+00 0.000000000000000000e+00 1.000000000000000000e+00
9.959741229999999890e-01 -8.723294730000000219e-02 -2.063292259999999906e-02 -5.345506408876147253e-01
-3.176512940000000146e-02 -1.282214369999999937e-01 -9.912364479999999922e-01 -2.853860858376143561e+00
8.382294329999999405e-02 9.879012109999999458e-01 -1.304762959999999916e-01 -1.355546852482405196e-01
0.000000000000000000e+00 0.000000000000000000e+00 0.000000000000000000e+00 1.000000000000000000e+00
9.969758990000000543e-01 -7.748574020000000007e-02 5.931116640000000211e-03 -4.741111142918749133e-01
-1.315936260000000017e-02 -2.435488249999999966e-01 -9.697995190000000543e-01 -2.817604769574034940e+00
7.659012079999999445e-02 9.667882920000000491e-01 -2.438320220000000094e-01 -4.747129457816383069e-01
0.000000000000000000e+00 0.000000000000000000e+00 0.000000000000000000e+00 1.000000000000000000e+00
9.990803000000000322e-01 -1.364114689999999970e-02 4.064262290000000138e-02 -3.600857123704439555e-01
3.491829710000000225e-02 -2.910797600000000207e-01 -9.560614819999999625e-01 -2.875193366316667998e+00
2.487203110000000064e-02 9.566014409999999968e-01 -2.903357449999999784e-01 -5.882880496221000177e-01
0.000000000000000000e+00 0.000000000000000000e+00 0.000000000000000000e+00 1.000000000000000000e+00
9.896817209999999587e-01 5.268398669999999756e-02 1.332450809999999874e-01 -4.317262035560429784e-02
1.426688580000000095e-01 -2.763739530000000055e-01 -9.504015449999999587e-01 -2.972179614701918382e+00
-1.324550900000000080e-02 9.596045610000000226e-01 -2.810385819999999812e-01 -5.436465083229052864e-01
0.000000000000000000e+00 0.000000000000000000e+00 0.000000000000000000e+00 1.000000000000000000e+00
9.716019030000000445e-01 7.443067429999999929e-02 2.246102990000000132e-01 2.505059062098300982e-01
2.362560029999999922e-01 -2.524096370000000200e-01 -9.383348230000000401e-01 -3.024089954661981494e+00
-1.314710730000000043e-02 9.647535680000000058e-01 -2.628262339999999919e-01 -4.742223962531697534e-01
0.000000000000000000e+00 0.000000000000000000e+00 0.000000000000000000e+00 1.000000000000000000e+00
9.776616689999999554e-01 -3.405265509999999898e-03 2.101586460000000045e-01 1.719965073645670361e-01
1.987163570000000101e-01 -3.108084799999999981e-01 -9.294676179999999954e-01 -2.988191215160874936e+00
6.848413500000000154e-02 9.504664539999999606e-01 -3.031887409999999838e-01 -6.499728859872673237e-01
0.000000000000000000e+00 0.000000000000000000e+00 0.000000000000000000e+00 1.000000000000000000e+00
9.882887009999999917e-01 -1.114179339999999963e-01 1.042673439999999979e-01 -1.942702433658787253e-01
5.581232910000000214e-02 -3.720205129999999971e-01 -9.265453219999999490e-01 -2.910378814576669360e+00
1.420233549999999900e-01 9.215136769999999755e-01 -3.614449800000000268e-01 -9.246576088013435113e-01
0.000000000000000000e+00 0.000000000000000000e+00 0.000000000000000000e+00 1.000000000000000000e+00
9.812656640000000374e-01 -1.923618169999999905e-01 1.071038940000000085e-02 -5.023162173208142178e-01
-5.014048520000000120e-02 -3.086600600000000139e-01 -9.498497249999999781e-01 -2.923512926800991618e+00
1.860206570000000059e-01 9.315177199999999935e-01 -3.125226799999999971e-01 -8.175157293849627527e-01
0.000000000000000000e+00 0.000000000000000000e+00 0.000000000000000000e+00 1.000000000000000000e+00
9.276241060000000038e-01 -3.607887920000000248e-01 -9.666467460000000012e-02 -8.147456788123766946e-01
-2.211511280000000024e-01 -3.219592869999999829e-01 -9.205618500000000148e-01 -2.751927866069441730e+00
3.010064659999999725e-01 8.753133419999999942e-01 -3.784460430000000097e-01 -1.106869951642996508e+00
0.000000000000000000e+00 0.000000000000000000e+00 0.000000000000000000e+00 1.000000000000000000e+00
8.849714400000000536e-01 -4.541383680000000145e-01 -1.028751660000000040e-01 -8.163512257503260372e-01
-2.806123790000000229e-01 -3.438272179999999900e-01 -8.961248400000000336e-01 -2.637521628586174671e+00
3.715935650000000146e-01 8.219135400000000535e-01 -4.317142370000000007e-01 -1.340471944245702707e+00
0.000000000000000000e+00 0.000000000000000000e+00 0.000000000000000000e+00 1.000000000000000000e+00
8.398342730000000200e-01 -5.391673449999999645e-01 -6.307145209999999447e-02 -6.793300569688676127e-01
-3.331901130000000100e-01 -4.202614720000000248e-01 -8.440173269999999839e-01 -2.457049972660646731e+00
4.285593930000000107e-01 7.298488619999999871e-01 -5.325948600000000033e-01 -1.694099303438737492e+00
0.000000000000000000e+00 0.000000000000000000e+00 0.000000000000000000e+00 1.000000000000000000e+00
8.098127840000000077e-01 -5.844815970000000194e-01 -5.082485080000000155e-02 -6.225910006681171227e-01
-4.195976849999999980e-01 -5.164515379999999878e-01 -7.464685439999999561e-01 -2.106601563961379764e+00
4.100489909999999738e-01 6.258260009999999651e-01 -6.634762880000000251e-01 -2.090052430465440203e+00
0.000000000000000000e+00 0.000000000000000000e+00 0.000000000000000000e+00 1.000000000000000000e+00
7.832441329999999535e-01 -6.207401160000000084e-01 -3.479063140000000082e-02 -5.602436019408503221e-01
-5.032913679999999612e-01 -6.002071500000000226e-01 -6.216500999999999832e-01 -1.666463536099433318e+00
3.650015289999999912e-01 5.044135450000000187e-01 -7.825214860000000439e-01 -2.427382874554866898e+00
0.000000000000000000e+00 0.000000000000000000e+00 0.000000000000000000e+00 1.000000000000000000e+00
7.550323610000000407e-01 -6.552534100000000361e-01 -2.385313249999999885e-02 -5.145769500763008875e-01
-5.665742160000000194e-01 -6.336752180000000401e-01 -5.267348889999999839e-01 -1.337320043659980806e+00
3.300294280000000136e-01 4.112162289999999887e-01 -8.496943710000000038e-01 -2.616254651011234333e+00
0.000000000000000000e+00 0.000000000000000000e+00 0.000000000000000000e+00 1.000000000000000000e+00
6.585871580000000058e-01 -7.518404720000000374e-01 -3.159927199999999770e-02 -4.733639075049840828e-01
-6.762680410000000419e-01 -5.729261039999999916e-01 -4.630523029999999984e-01 -1.070140364476842132e+00
3.300375340000000213e-01 3.263297680000000200e-01 -8.857677579999999606e-01 -2.741177161310409449e+00
0.000000000000000000e+00 0.000000000000000000e+00 0.000000000000000000e+00 1.000000000000000000e+00
5.938740369999999658e-01 -8.045573230000000464e-01 -8.569846400000000241e-04 -3.334086866175425823e-01
-7.390685080000000129e-01 -5.451130269999999722e-01 -3.957641720000000252e-01 -8.164284003816052460e-01
3.179479239999999929e-01 2.356674820000000115e-01 -9.183517690000000400e-01 -2.848320694375841899e+00
0.000000000000000000e+00 0.000000000000000000e+00 0.000000000000000000e+00 1.000000000000000000e+00
5.407344099999999987e-01 -8.404487370000000013e-01 3.538294139999999949e-02 -1.813747667733568159e-01
-7.858582139999999994e-01 -5.197207329999999903e-01 -3.351377249999999974e-01 -5.921723359404359455e-01
3.000554140000000203e-01 1.534145179999999997e-01 -9.415044780000000335e-01 -2.911752014687769119e+00
0.000000000000000000e+00 0.000000000000000000e+00 0.000000000000000000e+00 1.000000000000000000e+00
5.022076960000000367e-01 -8.579027649999999561e-01 1.085826160000000068e-01 7.255617415894372035e-02
-8.213523630000000297e-01 -5.125079150000000361e-01 -2.504312989999999961e-01 -3.020191502726932153e-01
2.704951760000000038e-01 3.658391910000000080e-02 -9.620259399999999683e-01 -2.962516114752372420e+00
0.000000000000000000e+00 0.000000000000000000e+00 0.000000000000000000e+00 1.000000000000000000e+00
4.376719889999999835e-01 -8.861901159999999722e-01 1.520199630000000079e-01 2.627073974046846838e-01
-8.607640859999999838e-01 -4.618268309999999932e-01 -2.140117139999999918e-01 -1.607732100054646562e-01
2.598619759999999945e-01 -3.718642889999999868e-02 -9.649294609999999883e-01 -2.968942994941681235e+00
0.000000000000000000e+00 0.000000000000000000e+00 0.000000000000000000e+00 1.000000000000000000e+00
3.546157779999999926e-01 -9.000907540000000484e-01 2.531485259999999848e-01 6.367547456221948066e-01
-8.957129120000000277e-01 -4.046916959999999897e-01 -1.841816010000000003e-01 -4.640699277363483782e-02
2.682272789999999851e-01 -1.614347550000000131e-01 -9.497330779999999528e-01 -2.923457868559339978e+00
0.000000000000000000e+00 0.000000000000000000e+00 0.000000000000000000e+00 1.000000000000000000e+00
2.919063869999999894e-01 -8.920767309999999561e-01 3.449488279999999851e-01 9.629011334098711572e-01
-9.163810009999999728e-01 -3.641482289999999900e-01 -1.662584689999999921e-01 2.435763906706144705e-02
2.739278079999999949e-01 -2.675726709999999842e-01 -9.237794280000000136e-01 -2.848669756913676743e+00
0.000000000000000000e+00 0.000000000000000000e+00 0.000000000000000000e+00 1.000000000000000000e+00
2.705573439999999774e-01 -8.635190729999999704e-01 4.255974889999999955e-01 1.218922218412719083e+00
-9.346588850000000503e-01 -3.415418860000000167e-01 -9.879968320000000193e-02 2.474779846539477413e-01
2.306746839999999910e-01 -3.710575700000000032e-01 -8.995028139999999839e-01 -2.741829204575712442e+00
0.000000000000000000e+00 0.000000000000000000e+00 0.000000000000000000e+00 1.000000000000000000e+00
1.790433529999999884e-01 -7.913712859999999516e-01 5.845289830000000020e-01 1.758909622258046257e+00
-9.630587099999999845e-01 -2.624472380000000271e-01 -6.032862509999999817e-02 3.731888735274673241e-01
2.011504020000000059e-01 -5.521342750000000077e-01 -8.091270329999999955e-01 -2.449210977227490815e+00
0.000000000000000000e+00 0.000000000000000000e+00 0.000000000000000000e+00 1.000000000000000000e+00
1.332399400000000012e-01 -6.820842620000000522e-01 7.190324660000000367e-01 2.194727274386459648e+00
-9.737083319999999542e-01 -2.253455070000000005e-01 -3.333347290000000102e-02 4.603825853630857390e-01
1.847669479999999864e-01 -6.956865190000000032e-01 -6.941765549999999729e-01 -2.095211787730559383e+00
0.000000000000000000e+00 0.000000000000000000e+00 0.000000000000000000e+00 1.000000000000000000e+00
1.095332499999999987e-01 -5.845267769999999974e-01 8.039466739999999723e-01 2.461225050180037677e+00
-9.839093690000000336e-01 -1.786235720000000082e-01 4.180036489999999598e-03 5.728277228443342528e-01
1.411603090000000116e-01 -7.914679049999999716e-01 -5.946860309999999483e-01 -1.771307261036340286e+00
0.000000000000000000e+00 0.000000000000000000e+00 0.000000000000000000e+00 1.000000000000000000e+00
7.810756559999999793e-02 -5.157955290000000304e-01 8.531432150000000103e-01 2.629037207825259070e+00
-9.907067419999999736e-01 -1.357438709999999882e-01 8.633330459999999720e-03 5.967796506965932224e-01
1.113558639999999988e-01 -8.458890909999999819e-01 -5.216053720000000116e-01 -1.536383182497894406e+00
0.000000000000000000e+00 0.000000000000000000e+00 0.000000000000000000e+00 1.000000000000000000e+00
1.567053200000000091e-01 -5.212945940000000000e-01 8.388658169999999581e-01 2.521667959997297981e+00
-9.873256089999999929e-01 -1.043011169999999987e-01 1.196228039999999992e-01 9.281610006581140215e-01
2.513590829999999901e-02 -8.469789030000000052e-01 -5.310319070000000252e-01 -1.500962223502817272e+00
0.000000000000000000e+00 0.000000000000000000e+00 0.000000000000000000e+00 1.000000000000000000e+00
2.601960899999999910e-01 -5.887772439999999774e-01 7.652705909999999445e-01 2.234901965163366810e+00
-9.605188970000000381e-01 -7.698345930000000115e-02 2.673526410000000020e-01 1.351654911928223290e+00
-9.849798680000000639e-02 -8.046214579999999561e-01 -5.855627060000000439e-01 -1.564463078553713471e+00
0.000000000000000000e+00 0.000000000000000000e+00 0.000000000000000000e+00 1.000000000000000000e+00
3.104567529999999742e-01 -6.327174309999999968e-01 7.094259859999999529e-01 2.042676577318970121e+00
-9.311972259999999890e-01 -5.245833469999999776e-02 3.607216180000000216e-01 1.600056508008385503e+00
-1.910193410000000092e-01 -7.726033329999999477e-01 -6.054704189999999819e-01 -1.563105317871069877e+00
0.000000000000000000e+00 0.000000000000000000e+00 0.000000000000000000e+00 1.000000000000000000e+00
3.571688230000000241e-01 -6.551455259999999781e-01 6.657439469999999471e-01 1.885924711547296573e+00
-8.923586009999999735e-01 -2.879861179999999854e-02 4.504066110000000123e-01 1.836494527253034637e+00
-2.759094539999999984e-01 -7.549538019999999516e-01 -5.949107409999999652e-01 -1.465323132827930142e+00
0.000000000000000000e+00 0.000000000000000000e+00 0.000000000000000000e+00 1.000000000000000000e+00
4.142187829999999793e-01 -6.513926389999999955e-01 6.356968280000000471e-01 1.749693417587029121e+00
-8.407998089999999536e-01 -6.396894810000000424e-03 5.413091780000000020e-01 2.058981377943090774e+00
-3.485380109999999809e-01 -7.587140799999999574e-01 -5.503410100000000194e-01 -1.268519516660711943e+00
0.000000000000000000e+00 0.000000000000000000e+00 0.000000000000000000e+00 1.000000000000000000e+00
5.115529300000000168e-01 -6.497358680000000497e-01 5.622784499999999852e-01 1.478305886729304186e+00
-7.365821599999999858e-01 5.361169110000000258e-03 6.763269899999999613e-01 2.354934180271444077e+00
-4.424484370000000277e-01 -7.601414319999999503e-01 -4.758412539999999913e-01 -9.539695048812814049e-01
0.000000000000000000e+00 0.000000000000000000e+00 0.000000000000000000e+00 1.000000000000000000e+00
6.099489329999999709e-01 -6.992937329999999729e-01 3.727599380000000129e-01 8.629786302136569498e-01
-5.772312880000000090e-01 -6.979507209999999406e-02 8.135925529999999961e-01 2.665152307438441337e+00
-5.429230329999999993e-01 -7.114186289999999691e-01 -4.462255840000000084e-01 -7.955820144619996093e-01
0.000000000000000000e+00 0.000000000000000000e+00 0.000000000000000000e+00 1.000000000000000000e+00
6.126585009999999665e-01 -7.479950789999999516e-01 2.552522420000000181e-01 5.496597508944248700e-01
-4.923701879999999864e-01 -1.085870639999999970e-01 8.635860680000000400e-01 2.758968855024229949e+00
-6.182405949999999484e-01 -6.547616120000000484e-01 -4.348172840000000261e-01 -7.178850989499930835e-01
0.000000000000000000e+00 0.000000000000000000e+00 0.000000000000000000e+00 1.000000000000000000e+00
5.653447510000000342e-01 -8.042532209999999626e-01 1.831991669999999961e-01 4.082808955754887448e-01
-3.828627769999999875e-01 -5.913068350000000306e-02 9.219107029999999980e-01 2.860362939215491007e+00
-7.306170459999999922e-01 -5.913374420000000464e-01 -3.413476939999999793e-01 -4.286229690187514652e-01
0.000000000000000000e+00 0.000000000000000000e+00 0.000000000000000000e+00 1.000000000000000000e+00
4.103091059999999790e-01 -9.097769260000000413e-01 6.286241110000000132e-02 2.056340771510924148e-01
-2.349582309999999896e-01 -3.885769099999999976e-02 9.712285400000000291e-01 2.922747895960754239e+00
-8.811590670000000181e-01 -4.132739009999999991e-01 -2.297033970000000036e-01 -9.981764688452063328e-02
0.000000000000000000e+00 0.000000000000000000e+00 0.000000000000000000e+00 1.000000000000000000e+00
2.721426780000000267e-01 -9.575946929999999968e-01 -9.461294110000000035e-02 -2.108235064788697155e-01
-2.368365819999999899e-01 -1.619561760000000072e-01 9.579557180000000116e-01 2.952716451820089461e+00
-9.326563479999999684e-01 -2.382925449999999945e-01 -2.708686290000000274e-01 -2.848911535003175177e-01
0.000000000000000000e+00 0.000000000000000000e+00 0.000000000000000000e+00 1.000000000000000000e+00
2.528563739999999949e-01 -9.668121339999999897e-01 3.658054399999999956e-02 2.007598336113391446e-01
-3.683952690000000252e-01 -6.124986710000000084e-02 9.276491999999999516e-01 2.887007817882679905e+00
-8.946222069999999471e-01 -2.480381879999999928e-01 -3.716566559999999741e-01 -5.750431142085441483e-01
0.000000000000000000e+00 0.000000000000000000e+00 0.000000000000000000e+00 1.000000000000000000e+00
2.559308710000000042e-01 -9.661234619999999884e-01 3.325615450000000278e-02 2.364357767719847125e-01
-4.566124080000000252e-01 -9.049347039999999787e-02 8.850514889999999690e-01 2.799351038943653336e+00
-8.520592449999999651e-01 -2.416969979999999962e-01 -4.643037919999999930e-01 -8.711148153851626663e-01
0.000000000000000000e+00 0.000000000000000000e+00 0.000000000000000000e+00 1.000000000000000000e+00
1.532659379999999905e-01 -9.869313840000000226e-01 4.975322630000000163e-02 3.286782115661354142e-01
-4.687646030000000019e-01 -2.828965519999999956e-02 8.828700179999999786e-01 2.791163957668333584e+00
-8.699247839999999510e-01 -1.586364060000000076e-01 -4.669741390000000103e-01 -8.939038011161792863e-01
0.000000000000000000e+00 0.000000000000000000e+00 0.000000000000000000e+00 1.000000000000000000e+00
