-0.2753868103027344 0.1623542606830597 -0.9475247263908386 0.3103452026844025 
-0.9592404961585999 0.01859582588076591 0.2819782197475433 -0.05203666538000107 
0.06340029835700989 0.9865571856498718 0.1506158858537674 -0.03460295125842094 
0 0 0 1 

-0.2057413309812546 -0.7629842162132263 -0.6128013134002686 0.1999726742506027 
-0.9505657553672791 0.006985764019191265 0.3104443550109863 -0.05847787857055664 
-0.2325833141803741 0.6463792324066162 -0.726703941822052 0.2579771280288696 
0 0 0 1 

-0.2011409997940063 -0.7660403251647949 -0.6105117201805115 0.197987824678421 
-0.9690927863121033 0.06473719328641891 0.2380510419607162 -0.03621121868491173 
-0.1428338885307312 0.6395242810249329 -0.7553853988647461 0.2623762786388397 
0 0 0 1 

-0.1064645498991013 -0.7637328505516052 -0.6366926431655884 0.1984536796808243 
-0.9900726079940796 0.02232744358479977 0.1387724578380585 -0.002565138740465045 
-0.09176936000585556 0.6451461911201477 -0.7585281133651733 0.2602858543395996 
0 0 0 1 

0.01694143749773502 -0.7810729742050171 -0.6242098808288574 0.1841068416833878 
-0.9993439316749573 -0.03321442753076553 0.0144383916631341 0.03919001668691635 
-0.03201021999120712 0.6235557198524475 -0.781123161315918 0.2632456719875336 
0 0 0 1 

0.0658792108297348 -0.787171483039856 -0.6132053732872009 0.1763711124658585 
-0.9941557645797729 0.0008919805404730141 -0.1079509854316711 0.07790650427341461 
0.0855228528380394 0.6167334318161011 -0.7825121879577637 0.2559109628200531 
0 0 0 1 

0.05254052579402924 -0.8003032207489014 -0.5972890853881836 0.1748857200145721 
-0.9820682406425476 0.06703381985425949 -0.1762058287858963 0.09174428880214691 
0.1810566782951355 0.5958365797996521 -0.7824304699897766 0.2518368363380432 
0 0 0 1 

-0.02887151204049587 -0.7987214922904968 -0.6010077595710754 0.1856354624032974 
-0.9945902228355408 0.08297497034072876 -0.06249241903424263 0.05538182705640793 
0.09978259354829788 0.5959522128105164 -0.7967962026596069 0.2704117596149445 
0 0 0 1 

-0.06247513741254807 -0.7871464490890503 -0.6135936379432678 0.1907631009817123 
-0.9929515719413757 -0.01301945745944977 0.1178029850125313 -0.001476467819884419 
-0.1007169410586357 0.6166285872459412 -0.7807847857475281 0.2834465503692627 
0 0 0 1 

0.05890965461730957 -0.7986374497413635 -0.5989222526550293 0.1773575693368912 
-0.9935755729675293 -0.1049850210547447 0.04226551204919815 0.02365297637879848 
-0.09663263708353043 0.5925845503807068 -0.799690842628479 0.2908054888248444 
0 0 0 1 

