0.8427730202674866 -0.08131690323352814 -0.5320913195610046 0.126391813158989 
-0.4809142053127289 -0.5577682256698608 -0.6764732599258423 0.2220023423433304 
-0.2417749315500259 0.8260036706924438 -0.5091785192489624 0.2138990163803101 
0 0 0 1 

0.874066174030304 -0.01690928265452385 -0.4855124950408936 0.1102612465620041 
-0.4313479065895081 -0.4867705702781677 -0.759600818157196 0.249646931886673 
-0.2234888821840286 0.8733661770820618 -0.432763397693634 0.1879621297121048 
0 0 0 1 

0.8991658687591553 0.08817128092050552 -0.4286333322525024 0.0914347842335701 
-0.3642345368862152 -0.3921200633049011 -0.8447335362434387 0.2776075005531311 
-0.2425570338964462 0.9156786799430847 -0.3204659819602966 0.1514436602592468 
0 0 0 1 

0.9623541831970215 -0.1998109370470047 -0.1842553615570068 0.005864309147000313 
-0.2361856549978256 -0.2793005108833313 -0.9307027459144592 0.2994601428508759 
0.1345019787549973 0.9391841292381287 -0.3159784972667694 0.1268533170223236 
0 0 0 1 

0.9817591905593872 0.009692075662314892 -0.1898814588785172 0.01023317128419876 
-0.1844409555196762 -0.1939004957675934 -0.9635267853736877 0.307715505361557 
-0.04615668952465057 0.9809731841087341 -0.1885759383440018 0.09346827119588852 
0 0 0 1 

0.9900021553039551 -0.001207340275868773 -0.1410470753908157 -0.006281605921685696 
-0.1406403928995132 -0.08480722457170486 -0.9864217638969421 0.3125913739204407 
-0.01077086478471756 0.9963966012001038 -0.08412913233041763 0.05558009445667267 
0 0 0 1 

0.9888190031051636 -0.07796546071767807 -0.1271157264709473 -0.01266590785235167 
-0.1293077766895294 -0.02372272312641144 -0.991320788860321 0.3123828172683716 
0.07427325844764709 0.9966738820075989 -0.03353900834918022 0.03349423408508301 
0 0 0 1 

0.9915387034416199 -0.09714161604642868 -0.08610763400793076 -0.02641524747014046 
-0.08059749007225037 0.05929460749030113 -0.9949814677238464 0.3098209202289581 
0.1017598286271095 0.993502676486969 0.05096353963017464 0.000578586827032268 
0 0 0 1 

0.9772778749465942 -0.1979123651981354 -0.07588565349578857 -0.02947583235800266 
-0.0464504212141037 0.1493430137634277 -0.9876937866210938 0.3031960725784302 
0.2068098038434982 0.9687762260437012 0.13675656914711 -0.03673819452524185 
0 0 0 1 

0.9750598669052124 -0.2115771025419235 -0.0670354962348938 -0.02843800000846386 
-0.0294278971850872 0.1761255711317062 -0.9839279055595398 0.2972056269645691 
0.2199833244085312 0.96136075258255 0.1655066162347794 -0.04268807172775269 
0 0 0 1 

