0.2767723202705383 0.9556767344474792 -0.1003937870264053 0.03399094194173813 
-0.9583180546760559 0.2822137176990509 0.04451619833707809 0.01784534007310867 
0.07087559252977371 0.08388834446668625 0.9939513802528381 -0.3043857514858246 
0 0 0 1 

0.1971120238304138 0.9722729921340942 -0.1258252263069153 0.04344340041279793 
-0.9726220369338989 0.2100497335195541 0.09942501038312912 -0.00281674019061029 
0.1230978071689606 0.1027825400233269 0.9870575666427612 -0.3030276298522949 
0 0 0 1 

0.113075390458107 0.9857431054115295 -0.1245977804064751 0.04519760981202126 
-0.970757782459259 0.1363320797681808 0.1975929886102676 -0.03603531792759895 
0.2117625921964645 0.09861133992671967 0.9723334908485413 -0.3000754415988922 
0 0 0 1 

0.2743358016014099 0.9544495344161987 -0.1173271536827087 0.03945334255695343 
-0.9388444423675537 0.2922379076480865 0.182120680809021 -0.02840228006243706 
0.2081124633550644 0.06018976122140884 0.9762511849403381 -0.2965874969959259 
0 0 0 1 

0.3251640200614929 0.9371501803398132 -0.1265610456466675 0.04065712168812752 
-0.9349303841590881 0.338684618473053 0.1058194190263748 -0.001739832223393023 
0.1420329809188843 0.08391712605953217 0.9862983822822571 -0.2958125174045563 
0 0 0 1 

0.359918087720871 0.9206646084785461 -0.1511142253875732 0.04712418466806412 
-0.9307326674461365 0.3655535280704498 0.01035420782864094 0.03178923949599266 
0.0647730752825737 0.1369202882051468 0.9884620904922485 -0.2925511598587036 
0 0 0 1 

0.4395432770252228 0.8836019039154053 -0.1613978296518326 0.03000992722809315 
-0.8586493730545044 0.4660865664482117 0.2132706046104431 -0.01418521068990231 
0.2636716961860657 0.04484253749251366 0.9635695815086365 -0.3201126754283905 
0 0 0 1 

0.3534651398658752 0.900030791759491 -0.2549641132354736 0.06801474839448929 
-0.8962178826332092 0.4039241969585419 0.1834079772233963 -0.001108372816815972 
0.2680589854717255 0.1636751592159271 0.949397087097168 -0.3154411315917969 
0 0 0 1 

0.9781374335289001 0.05369582772254944 -0.2009076178073883 0.02158562280237675 
-0.06699124723672867 0.9959497451782227 -0.05996938422322273 0.03179813921451569 
0.1968737691640854 0.07211735099554062 0.9777728915214539 -0.286042720079422 
0 0 0 1 

0.9797408580780029 0.05756169930100441 -0.1918187588453293 0.01922035031020641 
-0.07082770019769669 0.9954951405525208 -0.06303020566701889 0.03285061195492744 
0.1873265206813812 0.07533936947584152 0.9794042706489563 -0.2864786386489868 
0 0 0 1 

