1 0 0 -0.01792658120393753 
0 1 0 0.02243540808558464 
0 0 1 -0.3816788792610168 
0 0 0 1 

0.9882352352142334 0.04652347043156624 -0.145693302154541 0.04343564063310623 
-0.04958097264170647 0.9986181259155273 -0.01742333546280861 0.02615544945001602 
0.1446813642978668 0.02444201707839966 0.9891762733459473 -0.3782505691051483 
0 0 0 1 

0.9972296953201294 0.04670841246843338 -0.05788932740688324 0.008303551934659481 
-0.04639945179224014 0.9989006519317627 0.006670385599136353 0.01748010516166687 
0.05813725665211678 -0.003965807147324085 0.9983006715774536 -0.3696975708007812 
0 0 0 1 

0.9877658486366272 0.05544773489236832 -0.1457535028457642 0.04532252997159958 
-0.05069620162248611 0.9980608224868774 0.0361173190176487 0.009768339805305004 
0.1474734842777252 -0.0282862950116396 0.9886614084243774 -0.3659007847309113 
0 0 0 1 

0.7281566858291626 0.6836357712745667 -0.0492933914065361 -0.01954441331326962 
-0.6773776412010193 0.7067809700965881 -0.2040099054574966 0.07630979269742966 
-0.1046288833022118 0.1819414049386978 0.9777269959449768 -0.2696666121482849 
0 0 0 1 

0.7646055221557617 0.6444389820098877 -0.008752822875976562 -0.03560211881995201 
-0.6382781267166138 0.7552739977836609 -0.1488690823316574 0.05796648934483528 
-0.08932630717754364 0.1194128468632698 0.9888181686401367 -0.2763703465461731 
0 0 0 1 

0.9791433811187744 0.1833367794752121 -0.08755449950695038 0.001601836993359029 
-0.1884671002626419 0.9805727005004883 -0.05438080057501793 0.002491962863132358 
0.07588354498147964 0.06974775344133377 0.9946742653846741 -0.2358554005622864 
0 0 0 1 

0.9678999185562134 0.2320743054151535 -0.0964934453368187 -0.006743548437952995 
-0.2364469021558762 0.9709582924842834 -0.03650461882352829 -0.02742832154035568 
0.08521929383277893 0.05814847350120544 0.9946639537811279 -0.3110746741294861 
0 0 0 1 

0.9906494617462158 0.1317826509475708 -0.03531128913164139 -0.02555426210165024 
-0.133149653673172 0.9903026223182678 -0.03964535146951675 -0.04829860478639603 
0.02974426560103893 0.04397635161876678 0.9985896944999695 -0.3365756869316101 
0 0 0 1 

0.9976494908332825 0.0621708407998085 -0.02881594747304916 -0.02448019571602345 
-0.06291451305150986 0.9976889491081238 -0.02566234394907951 -0.05683232098817825 
0.02715393155813217 0.02741493657231331 0.9992552995681763 -0.3357275724411011 
0 0 0 1 

