0.5497627258300781 0.835040807723999 -0.021626902744174 -0.004391076974570751 
-0.8324070572853088 0.5455008745193481 -0.0976080596446991 0.06852642446756363 
-0.06970921903848648 0.07166366279125214 0.9949899315834045 -0.2982089817523956 
0 0 0 1 

0.4587080776691437 0.8863292932510376 -0.06330181658267975 0.01499977800995111 
-0.8884045481681824 0.4560053944587708 -0.05287988856434822 0.05510624870657921 
-0.01800305396318436 0.08049404621124268 0.9965924620628357 -0.3028729557991028 
0 0 0 1 

0.3463627398014069 0.9344379901885986 -0.08281728625297546 0.02589265629649162 
-0.9379911422729492 0.3463194966316223 -0.01534845028072596 0.04102827236056328 
0.01433906890451908 0.08299800008535385 0.9964465498924255 -0.3045333325862885 
0 0 0 1 

0.2724060416221619 0.9571003317832947 -0.09876105934381485 0.03339765965938568 
-0.9596964120864868 0.2776406705379486 0.04356871172785759 0.01807540468871593 
0.06911971420049667 0.08291227370500565 0.9941569566726685 -0.3042784631252289 
0 0 0 1 

0.1983544081449509 0.970740020275116 -0.1353491395711899 0.04635892435908318 
-0.97157222032547 0.2129476815462112 0.1034450903534889 -0.003924629185348749 
0.1292405873537064 0.1109826564788818 0.9853830337524414 -0.3026512265205383 
0 0 0 1 

0.3264804780483246 0.9379100203514099 -0.1171974018216133 0.03795390948653221 
-0.9350080490112305 0.3386293053627014 0.1053091883659363 -0.001296056201681495 
0.1384570151567459 0.07519914209842682 0.9875094294548035 -0.2964073717594147 
0 0 0 1 

0.3620897233486176 0.9197545051574707 -0.1514679044485092 0.04710663110017776 
-0.9298964738845825 0.3676914274692535 0.009770270437002182 0.03149797767400742 
0.06467968970537186 0.1373117715120316 0.98841392993927 -0.2924476563930511 
0 0 0 1 

0.3957004249095917 0.9035419225692749 -0.164417028427124 0.04956681281328201 
-0.9183751344680786 0.3898654580116272 -0.06776470690965652 0.05866304412484169 
0.002872239565476775 0.1778110265731812 0.9840604662895203 -0.2876480221748352 
0 0 0 1 

0.4359575510025024 0.8861857652664185 -0.156893789768219 0.02859476953744888 
-0.8613777160644531 0.4613765776157379 0.2125083655118942 -0.01382391341030598 
0.2607090175151825 0.04250023886561394 0.9644814729690552 -0.3202179968357086 
0 0 0 1 

0.8736059665679932 0.4711941778659821 -0.1216071769595146 -0.0008499062387272716 
-0.4802879691123962 0.8750824928283691 -0.05960715562105179 0.05612119287252426 
0.07832973450422287 0.1104797497391701 0.9907869100570679 -0.2851552665233612 
0 0 0 1 

