0.6957395672798157 0.4996626079082489 -0.5160267949104309 0.1278723478317261 
-0.09876903146505356 0.7781307101249695 0.6202880144119263 -0.170110896229744 
0.7114710807800293 -0.3805913925170898 0.5907275080680847 -0.2085128724575043 
0 0 0 1 

0.7111325263977051 0.506195068359375 -0.4879108071327209 0.1183116361498833 
-0.03595772385597229 0.7192622423171997 0.6938074231147766 -0.1992321461439133 
0.7021377086639404 -0.4758448004722595 0.5296924114227295 -0.189740389585495 
0 0 0 1 

0.7191133499145508 0.5098223686218262 -0.4721833765506744 0.1128913089632988 
0.01642622239887714 0.6668440699577332 0.7450162172317505 -0.2204410582780838 
0.6946985721588135 -0.5435072183609009 0.4711620211601257 -0.1725941747426987 
0 0 0 1 

0.7690722942352295 0.4876591563224792 -0.4131782352924347 0.09111162275075912 
0.05370012298226357 0.5948533415794373 0.8020384907722473 -0.2429154217243195 
0.6369019150733948 -0.6390132308006287 0.4312978684902191 -0.1603562533855438 
0 0 0 1 

0.8133938908576965 0.4597723782062531 -0.3563700616359711 0.07003103941679001 
0.0959843248128891 0.4981462955474854 0.8617638349533081 -0.2691677510738373 
0.5737397074699402 -0.7351593971252441 0.3610582649707794 -0.1379468441009521 
0 0 0 1 

0.8817464113235474 0.3780718445777893 -0.2821080088615417 0.04301833361387253 
0.1243461519479752 0.3906015753746033 0.9121229648590088 -0.2906307876110077 
0.4550398886203766 -0.8393402099609375 0.2973997294902802 -0.1128019019961357 
0 0 0 1 

0.8836291432380676 -0.4673933982849121 -0.02725373581051826 -0.06433063745498657 
0.438879668712616 0.8066390752792358 0.3958759605884552 -0.1779768615961075 
-0.1630460172891617 -0.3617686331272125 0.9178994297981262 -0.297936350107193 
0 0 0 1 

0.8401411771774292 -0.5372380018234253 -0.07441763579845428 -0.04670779034495354 
0.5102788209915161 0.7364639639854431 0.4441127181053162 -0.2033308744430542 
-0.1837884336709976 -0.4110910892486572 0.8928750157356262 -0.2907404601573944 
0 0 0 1 

0.8038539290428162 -0.582395613193512 -0.1209713518619537 -0.03035608865320683 
0.5566326975822449 0.6648169755935669 0.4981748461723328 -0.2289799302816391 
-0.2097111344337463 -0.4677963852882385 0.8585963249206543 -0.2798695862293243 
0 0 0 1 

0.7846046090126038 -0.6028029322624207 -0.1449962854385376 -0.02265487052500248 
0.5793608427047729 0.6295756101608276 0.5176630616188049 -0.2402644902467728 
-0.2207628935575485 -0.4901659190654755 0.8432084918022156 -0.2754789292812347 
0 0 0 1 

