-0.4735413491725922 -0.4771796464920044 0.7403095960617065 -0.1979718655347824 
-0.8804136514663696 0.2324869930744171 -0.4133057594299316 0.1703041046857834 
0.02510866522789001 -0.847495973110199 -0.5302076935768127 0.1565431952476501 
0 0 0 1 

-0.4972809851169586 -0.5481275320053101 0.6725084781646729 -0.1785048395395279 
-0.8673627376556396 0.2963729202747345 -0.3998059928417206 0.1661271899938583 
0.01983143389225006 -0.7821247577667236 -0.6228060126304626 0.187234103679657 
0 0 0 1 

-0.4695585966110229 -0.6052109003067017 0.6428332328796387 -0.1739604771137238 
-0.8818553686141968 0.3569223880767822 -0.3081195056438446 0.1390266120433807 
-0.04296430572867393 -0.7115660309791565 -0.7013043761253357 0.216242253780365 
0 0 0 1 

-0.03550969809293747 -0.5906510949134827 0.8061453104019165 -0.2550607323646545 
-0.8823148608207703 0.3973452746868134 0.252264142036438 -0.02665374800562859 
-0.4693180620670319 -0.7023161053657532 -0.5352498888969421 0.1914288401603699 
0 0 0 1 

-0.05321168527007103 -0.5629647374153137 0.8247659802436829 -0.2592739164829254 
-0.9294173717498779 0.3299590051174164 0.1652580797672272 0.003664908464998007 
-0.3651734590530396 -0.7577582597732544 -0.5407868027687073 0.1880538314580917 
0 0 0 1 

-0.08585605770349503 -0.5404554605484009 0.8369807004928589 -0.2608994245529175 
-0.9607019424438477 0.2674878835678101 0.07417508959770203 0.03429926186800003 
-0.2639704644680023 -0.7977206110954285 -0.5421819686889648 0.1832538694143295 
0 0 0 1 

-0.0870334580540657 -0.5309129953384399 0.8429451584815979 -0.2627764642238617 
-0.9793636798858643 0.2005310505628586 0.02518222481012344 0.05068175122141838 
-0.1824062913656235 -0.8233581781387329 -0.537409782409668 0.1774291396141052 
0 0 0 1 

-0.06480535119771957 -0.5071607828140259 0.8594114184379578 -0.269288033246994 
-0.9937728643417358 0.1110255122184753 -0.00941829476505518 0.06170811131596565 
-0.09063993394374847 -0.8546702265739441 -0.5111975073814392 0.1632576584815979 
0 0 0 1 

-0.0978262647986412 -0.4876042306423187 0.867566704750061 -0.2698861956596375 
-0.995196521282196 0.05117172002792358 -0.08345735818147659 0.08449321240186691 
-0.003700703382492065 -0.871563732624054 -0.4902680218219757 0.1509214043617249 
0 0 0 1 

-0.1263653337955475 -0.4919968843460083 0.8613768815994263 -0.2664297223091125 
-0.9777536392211914 -0.08477596193552017 -0.1918601989746094 0.1156377866864204 
0.1674188822507858 -0.8664591908454895 -0.470339298248291 0.1338995695114136 
0 0 0 1 

