1.000000000000000000e+00 0.000000000000000000e+00 0.000000000000000000e+00 -4.097584310382009209e-01
0.000000000000000000e+00 -1.000000000000000000e+00 0.000000000000000000e+00 -1.932597221741734483e-02
0.000000000000000000e+00 0.000000000000000000e+00 -1.000000000000000000e+00 -2.664692399556274349e+00
0.000000000000000000e+00 0.000000000000000000e+00 0.000000000000000000e+00 1.000000000000000000e+00
9.963960051536560059e-01 -8.039174973964691162e-02 -2.707338146865367889e-02 -4.678515504834194760e-01
-7.998712360858917236e-02 -9.966719746589660645e-01 1.571121439337730408e-02 5.882556477769714659e-02
-2.824632078409194946e-02 -1.348907034844160080e-02 -9.995099902153015137e-01 -2.713148063495404827e+00
0.000000000000000000e+00 0.000000000000000000e+00 0.000000000000000000e+00 1.000000000000000000e+00
9.843193292617797852e-01 -1.700455397367477417e-01 -4.690396040678024292e-02 -5.073434670946568303e-01
-1.675859391689300537e-01 -9.844751954078674316e-01 5.218202248215675354e-02 2.147504367534441017e-01
-5.504916608333587646e-02 -4.350330308079719543e-02 -9.975353479385375977e-01 -2.703843081526569492e+00
0.000000000000000000e+00 0.000000000000000000e+00 0.000000000000000000e+00 1.000000000000000000e+00
9.649281501770019531e-01 -2.577130198478698730e-01 -4.997649416327476501e-02 -4.943998331994461926e-01
-2.533142268657684326e-01 -9.640410542488098145e-01 8.035590499639511108e-02 3.383131110399520969e-01
-6.888815760612487793e-02 -6.487791240215301514e-02 -9.955123066902160645e-01 -2.697269908267187599e+00
0.000000000000000000e+00 0.000000000000000000e+00 0.000000000000000000e+00 1.000000000000000000e+00
9.352080821990966797e-01 -3.488816618919372559e-01 -6.055590137839317322e-02 -4.977987275205259521e-01
-3.401709794998168945e-01 -9.326801896095275879e-01 1.199613958597183228e-01 4.942084660295486542e-01
-9.833170473575592041e-02 -9.158944338560104370e-02 -9.909296631813049316e-01 -2.676831288135825382e+00
0.000000000000000000e+00 0.000000000000000000e+00 0.000000000000000000e+00 1.000000000000000000e+00
8.887460827827453613e-01 -4.557160735130310059e-01 -4.952789843082427979e-02 -4.356103439810565803e-01
-4.458213150501251221e-01 -8.844361305236816406e-01 1.378976851701736450e-01 5.842274612293798519e-01
-1.066465452313423157e-01 -1.004754006862640381e-01 -9.892073273658752441e-01 -2.678980310987261859e+00
0.000000000000000000e+00 0.000000000000000000e+00 0.000000000000000000e+00 1.000000000000000000e+00
8.429628014564514160e-01 -5.370576381683349609e-01 -3.133300691843032837e-02 -3.595414748246915648e-01
-5.259410738945007324e-01 -8.349621891975402832e-01 1.619366556406021118e-01 6.888611156367722144e-01
-1.131313145160675049e-01 -1.200273260474205017e-01 -9.863040447235107422e-01 -2.673996553704288903e+00
0.000000000000000000e+00 0.000000000000000000e+00 0.000000000000000000e+00 1.000000000000000000e+00
7.871821522712707520e-01 -6.166309118270874023e-01 -1.052865479141473770e-02 -2.697909867574201925e-01
-6.062579751014709473e-01 -7.768455743789672852e-01 1.701812148094177246e-01 7.463608600159715722e-01
-1.131181418895721436e-01 -1.275803893804550171e-01 -9.853563308715820312e-01 -2.679982802001549036e+00
0.000000000000000000e+00 0.000000000000000000e+00 0.000000000000000000e+00 1.000000000000000000e+00
7.195230126380920410e-01 -6.943053603172302246e-01 1.505021844059228897e-02 -1.491054209807260722e-01
-6.871886253356933594e-01 -7.086835503578186035e-01 1.598114818334579468e-01 7.445809762656533382e-01
-1.002921462059020996e-01 -1.253303587436676025e-01 -9.870324730873107910e-01 -2.694168339591000105e+00
0.000000000000000000e+00 0.000000000000000000e+00 0.000000000000000000e+00 1.000000000000000000e+00
6.433814167976379395e-01 -7.653971910476684570e-01 1.506599690765142441e-02 -1.017974961174421961e-01
-7.594740986824035645e-01 -6.356816291809082031e-01 1.382292658090591431e-01 7.052810795923646348e-01
-9.622315317392349243e-02 -1.003763675689697266e-01 -9.902858734130859375e-01 -2.718710467532289510e+00
0.000000000000000000e+00 0.000000000000000000e+00 0.000000000000000000e+00 1.000000000000000000e+00
5.499349236488342285e-01 -8.346691727638244629e-01 2.998639643192291260e-02 -6.303212087441301473e-03
-8.328993916511535645e-01 -5.453940629959106445e-01 9.393737465143203735e-02 5.922300740915038553e-01
-6.205222010612487793e-02 -7.663501054048538208e-02 -9.951260685920715332e-01 -2.767853498693161995e+00
0.000000000000000000e+00 0.000000000000000000e+00 0.000000000000000000e+00 1.000000000000000000e+00
4.557674229145050049e-01 -8.877395987510681152e-01 6.476274132728576660e-02 1.568932164225434189e-01
-8.899084329605102539e-01 -4.529577791690826416e-01 5.377468839287757874e-02 4.842086664515817263e-01
-1.840312778949737549e-02 -8.214167505502700806e-02 -9.964510202407836914e-01 -2.806629177831523325e+00
0.000000000000000000e+00 0.000000000000000000e+00 0.000000000000000000e+00 1.000000000000000000e+00
3.479973077774047852e-01 -9.337062239646911621e-01 8.421024680137634277e-02 2.537227107633905354e-01
-9.373930692672729492e-01 -3.478786349296569824e-01 1.655252277851104736e-02 3.500519207151980838e-01
1.383974123746156693e-02 -8.469833433628082275e-02 -9.963105320930480957e-01 -2.822294307168458083e+00
0.000000000000000000e+00 0.000000000000000000e+00 0.000000000000000000e+00 1.000000000000000000e+00
2.695889472961425781e-01 -9.576127529144287109e-01 1.014844849705696106e-01 3.286460138735641801e-01
-9.599836468696594238e-01 -2.755558490753173828e-01 -5.000515654683113098e-02 1.203994034582757389e-01
7.585022598505020142e-02 -8.394260704517364502e-02 -9.935796856880187988e-01 -2.819948262961612606e+00
0.000000000000000000e+00 0.000000000000000000e+00 0.000000000000000000e+00 1.000000000000000000e+00
1.922332197427749634e-01 -9.723218083381652832e-01 1.328053623437881470e-01 4.337022363175665474e-01
-9.730536937713623047e-01 -2.064136117696762085e-01 -1.027609109878540039e-01 -6.421259231999225381e-02
1.273293942213058472e-01 -1.094726026058197021e-01 -9.858003258705139160e-01 -2.805490372322037018e+00
0.000000000000000000e+00 0.000000000000000000e+00 0.000000000000000000e+00 1.000000000000000000e+00
1.175869181752204895e-01 -9.838876128196716309e-01 1.346766501665115356e-01 4.543845806956584576e-01
-9.704450964927673340e-01 -1.426261365413665771e-01 -1.946626305580139160e-01 -3.550621237885961956e-01
2.107346206903457642e-01 -1.078065037727355957e-01 -9.715804457664489746e-01 -2.779066607654509191e+00
0.000000000000000000e+00 0.000000000000000000e+00 0.000000000000000000e+00 1.000000000000000000e+00
1.889355778694152832e-01 -9.749870896339416504e-01 1.170643270015716553e-01 3.964266029994756857e-01
-9.557323455810546875e-01 -2.099552750587463379e-01 -2.061415165662765503e-01 -3.831696415135980582e-01
2.255634963512420654e-01 -7.293475419282913208e-02 -9.714941382408142090e-01 -2.760032523516189329e+00
0.000000000000000000e+00 0.000000000000000000e+00 0.000000000000000000e+00 1.000000000000000000e+00
2.691741585731506348e-01 -9.554007053375244141e-01 1.214698106050491333e-01 3.889429303145451322e-01
-9.397407174110412598e-01 -2.881551086902618408e-01 -1.839941889047622681e-01 -2.969031580955702188e-01
2.107903361320495605e-01 -6.462368369102478027e-02 -9.753929376602172852e-01 -2.747867420610638600e+00
0.000000000000000000e+00 0.000000000000000000e+00 0.000000000000000000e+00 1.000000000000000000e+00
3.267011344432830811e-01 -9.371258616447448730e-01 1.227240338921546936e-01 3.764491825430390515e-01
-9.344537258148193359e-01 -3.397366106510162354e-01 -1.066523939371109009e-01 -4.673094600562449630e-02
1.416406035423278809e-01 -7.983652502298355103e-02 -9.866935014724731445e-01 -2.744893888221439759e+00
0.000000000000000000e+00 0.000000000000000000e+00 0.000000000000000000e+00 1.000000000000000000e+00
3.620349466800689697e-01 -9.187272787094116211e-01 1.577042639255523682e-01 4.636682117858175745e-01
-9.296396970748901367e-01 -3.682934343814849854e-01 -1.140830572694540024e-02 2.623970093176043461e-01
6.856255978345870972e-02 -1.424779593944549561e-01 -9.874207973480224609e-01 -2.711080167084431114e+00
0.000000000000000000e+00 0.000000000000000000e+00 0.000000000000000000e+00 1.000000000000000000e+00
3.980136811733245850e-01 -9.014108777046203613e-01 1.704209595918655396e-01 4.830013117032064818e-01
-9.173252582550048828e-01 -3.930783867835998535e-01 6.327109783887863159e-02 4.975126783442211931e-01
9.955556131899356842e-03 -1.815142333507537842e-01 -9.833377003669738770e-01 -2.665636943113088186e+00
0.000000000000000000e+00 0.000000000000000000e+00 0.000000000000000000e+00 1.000000000000000000e+00
4.527762234210968018e-01 -8.681555390357971191e-01 2.032230496406555176e-01 5.433824934052631228e-01
-8.901897072792053223e-01 -4.272246062755584717e-01 1.582457423210144043e-01 7.677720316419264224e-01
-5.056006833910942078e-02 -2.525568604469299316e-01 -9.662599563598632812e-01 -2.568886764354657792e+00
0.000000000000000000e+00 0.000000000000000000e+00 0.000000000000000000e+00 1.000000000000000000e+00
5.271089673042297363e-01 -8.294867277145385742e-01 1.846836954355239868e-01 4.393604261219529739e-01
-8.437832593917846680e-01 -4.850583970546722412e-01 2.296698093414306641e-01 9.488892244519596675e-01
-1.009257659316062927e-01 -2.768941521644592285e-01 -9.555855989456176758e-01 -2.502307895120631898e+00
0.000000000000000000e+00 0.000000000000000000e+00 0.000000000000000000e+00 1.000000000000000000e+00
5.865153670310974121e-01 -7.890282869338989258e-01 1.828507483005523682e-01 3.957521014929939462e-01
-7.985345721244812012e-01 -5.255787372589111328e-01 2.934437692165374756e-01 1.094309679697377025e+00
-1.354332268238067627e-01 -3.181219100952148438e-01 -9.383260011672973633e-01 -2.418968689603426814e+00
0.000000000000000000e+00 0.000000000000000000e+00 0.000000000000000000e+00 1.000000000000000000e+00
6.671618819236755371e-01 -7.284088134765625000e-01 1.559332311153411865e-01 2.653189283022112654e-01
-7.235836982727050781e-01 -5.839679241180419922e-01 3.679774999618530273e-01 1.236407193182045727e+00
-1.769782304763793945e-01 -3.583315014839172363e-01 -9.166662693023681641e-01 -2.319653646001120784e+00
0.000000000000000000e+00 0.000000000000000000e+00 0.000000000000000000e+00 1.000000000000000000e+00
7.314018011093139648e-01 -6.671846508979797363e-01 1.411251872777938843e-01 1.942923847519083258e-01
-6.498267650604248047e-01 -6.191018223762512207e-01 4.409514367580413818e-01 1.372967413194734920e+00
-2.068252414464950562e-01 -4.142193794250488281e-01 -8.863665461540222168e-01 -2.189221645556501450e+00
0.000000000000000000e+00 0.000000000000000000e+00 0.000000000000000000e+00 1.000000000000000000e+00
7.516920566558837891e-01 -6.458515524864196777e-01 1.335455030202865601e-01 1.514235369407496701e-01
-6.065220236778259277e-01 -5.974467992782592773e-01 5.245829820632934570e-01 1.548004882939798099e+00
-2.590165734291076660e-01 -4.753231704235076904e-01 -8.408197164535522461e-01 -1.997665287267730738e+00
0.000000000000000000e+00 0.000000000000000000e+00 0.000000000000000000e+00 1.000000000000000000e+00
7.809655070304870605e-01 -6.116830706596374512e-01 1.262407004833221436e-01 1.075100482384988704e-01
-5.381023883819580078e-01 -5.563421249389648438e-01 6.331895589828491211e-01 1.805416043184452590e+00
-3.170784115791320801e-01 -5.624298453330993652e-01 -7.636324167251586914e-01 -1.731706463135361584e+00
0.000000000000000000e+00 0.000000000000000000e+00 0.000000000000000000e+00 1.000000000000000000e+00
8.046211600303649902e-01 -5.793246030807495117e-01 1.302616298198699951e-01 1.006738694057634081e-01
-4.854469001293182373e-01 -5.154570937156677246e-01 7.061484456062316895e-01 1.983892556560416187e+00
-3.419445455074310303e-01 -6.314169764518737793e-01 -6.959792375564575195e-01 -1.509359861288317228e+00
0.000000000000000000e+00 0.000000000000000000e+00 0.000000000000000000e+00 1.000000000000000000e+00
8.279452919960021973e-01 -5.478515625000000000e-01 1.198521405458450317e-01 5.148798127113447115e-02
-4.216279387474060059e-01 -4.671711623668670654e-01 7.771620750427246094e-01 2.155425584829716357e+00
-3.697780370712280273e-01 -6.939807534217834473e-01 -6.177821755409240723e-01 -1.300487836915582118e+00
0.000000000000000000e+00 0.000000000000000000e+00 0.000000000000000000e+00 1.000000000000000000e+00
8.637887239456176758e-01 -4.968888759613037109e-01 8.348899334669113159e-02 -6.553857336086674201e-02
-3.302021622657775879e-01 -4.331032633781433105e-01 8.386821150779724121e-01 2.291467726978567043e+00
-3.805724978446960449e-01 -7.520123720169067383e-01 -5.381833910942077637e-01 -1.104769747419137582e+00
0.000000000000000000e+00 0.000000000000000000e+00 0.000000000000000000e+00 1.000000000000000000e+00
8.788263201713562012e-01 -4.741668105125427246e-01 5.319929495453834534e-02 -1.473009957923172575e-01
-2.320081293582916260e-01 -3.272334337234497070e-01 9.160186648368835449e-01 2.428422127672211772e+00
-4.169371724128723145e-01 -8.173639178276062012e-01 -3.975918591022491455e-01 -7.491435104881424278e-01
0.000000000000000000e+00 0.000000000000000000e+00 0.000000000000000000e+00 1.000000000000000000e+00
8.631387948989868164e-01 -5.044461488723754883e-01 2.292419783771038055e-02 -2.672124283774632292e-01
-1.039607301354408264e-01 -1.330918073654174805e-01 9.856362938880920410e-01 2.591141071719556876e+00
-4.941494166851043701e-01 -8.531241416931152344e-01 -1.673192381858825684e-01 -1.392667418303815685e-01
0.000000000000000000e+00 0.000000000000000000e+00 0.000000000000000000e+00 1.000000000000000000e+00
8.546032905578613281e-01 -5.180761814117431641e-01 3.535548225045204163e-02 -2.102055478195944127e-01
-1.122687533497810364e-01 -1.178616881370544434e-01 9.866629242897033691e-01 2.589336146389402238e+00
-5.069996714591979980e-01 -8.471748232841491699e-01 -1.588887423276901245e-01 -1.747125548317512711e-01
0.000000000000000000e+00 0.000000000000000000e+00 0.000000000000000000e+00 1.000000000000000000e+00
8.278363943099975586e-01 -5.603932142257690430e-01 2.543342299759387970e-02 -2.021182385397170267e-01
-1.119976714253425598e-01 -1.206821277737617493e-01 9.863528609275817871e-01 2.590067388114659863e+00
-5.496758222579956055e-01 -8.193870782852172852e-01 -1.626677662134170532e-01 -1.803265079610130162e-01
0.000000000000000000e+00 0.000000000000000000e+00 0.000000000000000000e+00 1.000000000000000000e+00
7.905471920967102051e-01 -6.101599931716918945e-01 5.233996361494064331e-02 -1.209561586661962035e-01
-2.560491859912872314e-01 -2.516863048076629639e-01 9.333235025405883789e-01 2.507440108503554477e+00
-5.563034415245056152e-01 -7.512381076812744141e-01 -3.552009463310241699e-01 -5.871264895119761018e-01
0.000000000000000000e+00 0.000000000000000000e+00 0.000000000000000000e+00 1.000000000000000000e+00
8.141163587570190430e-01 -5.753912925720214844e-01 7.835507392883300781e-02 -6.320901658537372847e-02
-3.137070536613464355e-01 -3.222321271896362305e-01 8.931705951690673828e-01 2.425009574307584792e+00
-4.886741936206817627e-01 -7.517255544662475586e-01 -4.428389370441436768e-01 -8.278967956119556160e-01
0.000000000000000000e+00 0.000000000000000000e+00 0.000000000000000000e+00 1.000000000000000000e+00
8.041509389877319336e-01 -5.868096947669982910e-01 9.484454244375228882e-02 -2.262772442195690875e-02
-3.731967806816101074e-01 -3.742095232009887695e-01 8.489357233047485352e-01 2.340258934290495585e+00
-4.626717567443847656e-01 -7.180680632591247559e-01 -5.199165344238281250e-01 -1.033806808101918273e+00
0.000000000000000000e+00 0.000000000000000000e+00 0.000000000000000000e+00 1.000000000000000000e+00
8.237879872322082520e-01 -5.635088682174682617e-01 6.189031153917312622e-02 -1.575881181802557263e-01
-4.540220201015472412e-01 -5.904452800750732422e-01 6.672618389129638672e-01 1.980478899434694462e+00
-3.394651412963867188e-01 -5.777822136878967285e-01 -7.422476410865783691e-01 -1.667818287510010267e+00
0.000000000000000000e+00 0.000000000000000000e+00 0.000000000000000000e+00 1.000000000000000000e+00
8.236305117607116699e-01 -5.652734041213989258e-01 4.581278562545776367e-02 -2.129445309761632821e-01
-4.743427038192749023e-01 -6.423525810241699219e-01 6.019813418388366699e-01 1.804924041676477353e+00
-3.108561038970947266e-01 -5.175409317016601562e-01 -7.971948385238647461e-01 -1.826378397722555169e+00
0.000000000000000000e+00 0.000000000000000000e+00 0.000000000000000000e+00 1.000000000000000000e+00
8.502807617187500000e-01 -5.243754982948303223e-01 4.531230032444000244e-02 -2.194480120701736148e-01
-4.649540483951568604e-01 -7.079949378967285156e-01 5.315648317337036133e-01 1.605444472339334849e+00
-2.466585487127304077e-01 -4.730471968650817871e-01 -8.458048105239868164e-01 -1.978060006762888623e+00
0.000000000000000000e+00 0.000000000000000000e+00 0.000000000000000000e+00 1.000000000000000000e+00
8.667296767234802246e-01 -4.987416565418243408e-01 6.035767961293458939e-03 -3.123240928637096570e-01
-4.617112278938293457e-01 -7.976816892623901367e-01 3.879773914813995361e-01 1.222000489463238138e+00
-1.886860281229019165e-01 -3.390582501888275146e-01 -9.216492176055908203e-01 -2.193186493378902924e+00
0.000000000000000000e+00 0.000000000000000000e+00 0.000000000000000000e+00 1.000000000000000000e+00
8.739774823188781738e-01 -4.859396517276763916e-01 5.119137931615114212e-03 -2.998688387603822281e-01
-4.713517427444458008e-01 -8.450825214385986328e-01 2.523142993450164795e-01 8.739288073749758023e-01
-1.182835325598716736e-01 -2.229300141334533691e-01 -9.676318168640136719e-01 -2.339258650565689379e+00
0.000000000000000000e+00 0.000000000000000000e+00 0.000000000000000000e+00 1.000000000000000000e+00
8.779016733169555664e-01 -4.788376092910766602e-01 1.688886550255119801e-03 -2.705826076638129241e-01
-4.783810377120971680e-01 -8.768990635871887207e-01 4.690203443169593811e-02 3.343942072731184156e-01
-2.097748592495918274e-02 -4.198332130908966064e-02 -9.988981485366821289e-01 -2.460993565464395072e+00
0.000000000000000000e+00 0.000000000000000000e+00 0.000000000000000000e+00 1.000000000000000000e+00
8.861675262451171875e-01 -4.633581340312957764e-01 2.555816667154431343e-03 -2.540653747617476199e-01
-4.627159833908081055e-01 -8.852044939994812012e-01 -4.802676662802696228e-02 7.296871966573754975e-02
2.451602369546890259e-02 4.137713462114334106e-02 -9.988431930541992188e-01 -2.485465604576169163e+00
0.000000000000000000e+00 0.000000000000000000e+00 0.000000000000000000e+00 1.000000000000000000e+00
8.941100835800170898e-01 -4.478448927402496338e-01 -1.420571934431791306e-03 -2.606757999580768259e-01
-4.430372118949890137e-01 -8.840389847755432129e-01 -1.489707380533218384e-01 -2.152614336644549931e-01
6.545995920896530151e-02 1.338255554437637329e-01 -9.888404607772827148e-01 -2.477645181279743536e+00
0.000000000000000000e+00 0.000000000000000000e+00 0.000000000000000000e+00 1.000000000000000000e+00
8.968170285224914551e-01 -4.423990249633789062e-01 -1.524889376014471054e-03 -2.591189966727635574e-01
-4.279003441333770752e-01 -8.665400147438049316e-01 -2.569246292114257812e-01 -5.289539240098652950e-01
1.123418584465980530e-01 2.310668230056762695e-01 -9.664303064346313477e-01 -2.434241707811459321e+00
0.000000000000000000e+00 0.000000000000000000e+00 0.000000000000000000e+00 1.000000000000000000e+00
9.018629789352416992e-01 -4.320122599601745605e-01 2.741342876106500626e-03 -2.444143809359819730e-01
-4.004836082458496094e-01 -8.383909463882446289e-01 -3.697475790977478027e-01 -8.754600934479264129e-01
1.620339006185531616e-01 3.323637247085571289e-01 -9.291281700134277344e-01 -2.345309468886990878e+00
0.000000000000000000e+00 0.000000000000000000e+00 0.000000000000000000e+00 1.000000000000000000e+00
9.053296446800231934e-01 -4.246516823768615723e-01 6.938443519175052643e-03 -2.463271816668794467e-01
-3.745749294757843018e-01 -8.060566186904907227e-01 -4.582213461399078369e-01 -1.147957805260672703e+00
2.001774609088897705e-01 4.122424423694610596e-01 -8.888108134269714355e-01 -2.256250159466492100e+00
0.000000000000000000e+00 0.000000000000000000e+00 0.000000000000000000e+00 1.000000000000000000e+00
9.178389310836791992e-01 -3.969508111476898193e-01 1.639822381548583508e-03 -2.867407387922151218e-01
-3.301865458488464355e-01 -7.657448649406433105e-01 -5.519164204597473145e-01 -1.437120722947246465e+00
2.203393131494522095e-01 5.060282945632934570e-01 -8.338978886604309082e-01 -2.129860408091042157e+00
0.000000000000000000e+00 0.000000000000000000e+00 0.000000000000000000e+00 1.000000000000000000e+00
9.113634824752807617e-01 -4.109489619731903076e-01 -2.316967397928237915e-02 -3.639556913827846629e-01
-3.320277631282806396e-01 -7.007380723953247070e-01 -6.314457058906555176e-01 -1.660292524182737095e+00
2.432563304901123047e-01 5.831695795059204102e-01 -7.750736474990844727e-01 -1.995598356647714677e+00
0.000000000000000000e+00 0.000000000000000000e+00 0.000000000000000000e+00 1.000000000000000000e+00
9.187351465225219727e-01 -3.928402364253997803e-01 -4.003751650452613831e-02 -4.297158458247956059e-01
-2.967298924922943115e-01 -6.199293732643127441e-01 -7.263875007629394531e-01 -1.938607401890044990e+00
2.605340778827667236e-01 6.792380213737487793e-01 -6.861180067062377930e-01 -1.768771174606756702e+00
0.000000000000000000e+00 0.000000000000000000e+00 0.000000000000000000e+00 1.000000000000000000e+00
9.293966293334960938e-01 -3.633382916450500488e-01 -6.486349552869796753e-02 -5.115027148398676449e-01
-2.689066529273986816e-01 -5.462257266044616699e-01 -7.933009266853332520e-01 -2.138656236011793776e+00
2.528063952922821045e-01 7.547333836555480957e-01 -6.053643226623535156e-01 -1.540956540296426924e+00
0.000000000000000000e+00 0.000000000000000000e+00 0.000000000000000000e+00 1.000000000000000000e+00
9.392035007476806641e-01 -3.390389680862426758e-01 -5.430888012051582336e-02 -5.060162633633141782e-01
-2.197363823652267456e-01 -4.719455540180206299e-01 -8.538050651550292969e-01 -2.336013548704046983e+00
2.638424336910247803e-01 8.138303160667419434e-01 -5.177522301673889160e-01 -1.309165468672200960e+00
0.000000000000000000e+00 0.000000000000000000e+00 0.000000000000000000e+00 1.000000000000000000e+00
9.509427547454833984e-01 -3.050371110439300537e-01 -5.157859623432159424e-02 -5.257987320163943767e-01
-1.807685792446136475e-01 -4.125755429267883301e-01 -8.928068280220031738e-01 -2.459413073303740482e+00
2.510591745376586914e-01 8.583318591117858887e-01 -4.474768340587615967e-01 -1.126312542555638618e+00
0.000000000000000000e+00 0.000000000000000000e+00 0.000000000000000000e+00 1.000000000000000000e+00
9.598821401596069336e-01 -2.762597799301147461e-01 -4.802905395627021790e-02 -5.418812555098077022e-01
-1.451394706964492798e-01 -3.429463207721710205e-01 -9.280744791030883789e-01 -2.583338402094935038e+00
2.399183064699172974e-01 8.978129625320434570e-01 -3.692842721939086914e-01 -9.064559567532335382e-01
0.000000000000000000e+00 0.000000000000000000e+00 0.000000000000000000e+00 1.000000000000000000e+00
9.677202105522155762e-01 -2.431960850954055786e-01 -6.613125652074813843e-02 -6.170892944898870303e-01
-1.312477290630340576e-01 -2.622910439968109131e-01 -9.560216665267944336e-01 -2.703798472929229479e+00
2.151550650596618652e-01 9.338410496711730957e-01 -2.857432663440704346e-01 -6.273978339187628039e-01
0.000000000000000000e+00 0.000000000000000000e+00 0.000000000000000000e+00 1.000000000000000000e+00
9.798240661621093750e-01 -1.950765848159790039e-01 -4.347241669893264771e-02 -5.823459995559113755e-01
-7.452557235956192017e-02 -1.547899097204208374e-01 -9.851323962211608887e-01 -2.834434945116647508e+00
1.854472160339355469e-01 9.684962630271911621e-01 -1.662050485610961914e-01 -2.469980241419276468e-01
0.000000000000000000e+00 0.000000000000000000e+00 0.000000000000000000e+00 1.000000000000000000e+00
9.958782792091369629e-01 -9.054589271545410156e-02 -5.277893040329217911e-03 -4.984051752570108351e-01
-1.687915064394474030e-02 -1.278441250324249268e-01 -9.916507005691528320e-01 -2.865612056938623642e+00
8.911514282226562500e-02 9.876524806022644043e-01 -1.288454383611679077e-01 -1.366630039004511354e-01
0.000000000000000000e+00 0.000000000000000000e+00 0.000000000000000000e+00 1.000000000000000000e+00
9.975414276123046875e-01 -6.979366391897201538e-02 6.320379674434661865e-03 -4.765038992124623340e-01
-1.099938247352838516e-02 -2.450035959482192993e-01 -9.694597721099853516e-01 -2.817127695211030236e+00
6.921067088842391968e-02 9.670067429542541504e-01 -2.451688945293426514e-01 -4.766711506880406124e-01
0.000000000000000000e+00 0.000000000000000000e+00 0.000000000000000000e+00 1.000000000000000000e+00
9.982656836509704590e-01 -2.762659639120101929e-02 5.198494717478752136e-02 -3.328317670485607671e-01
4.184054955840110779e-02 -2.882397472858428955e-01 -9.566437005996704102e-01 -2.878525233926126692e+00
4.141293838620185852e-02 9.571595191955566406e-01 -2.865839600563049316e-01 -5.888900927861470125e-01
0.000000000000000000e+00 0.000000000000000000e+00 0.000000000000000000e+00 1.000000000000000000e+00
9.901444911956787109e-01 5.469395965337753296e-02 1.289283633232116699e-01 -5.245392536267102362e-02
1.390728801488876343e-01 -2.754382491111755371e-01 -9.512058496475219727e-01 -2.973504152067791395e+00
-1.651340723037719727e-02 9.597615599632263184e-01 -2.803301215171813965e-01 -5.408575487641739121e-01
0.000000000000000000e+00 0.000000000000000000e+00 0.000000000000000000e+00 1.000000000000000000e+00
9.704706072807312012e-01 7.774752378463745117e-02 2.283462435007095337e-01 2.565235735263326489e-01
2.407577335834503174e-01 -2.536699771881103516e-01 -9.368497133255004883e-01 -3.020170619272366963e+00
-1.491316780447959900e-02 9.641612768173217773e-01 -2.648975551128387451e-01 -4.823832178308634644e-01
0.000000000000000000e+00 0.000000000000000000e+00 0.000000000000000000e+00 1.000000000000000000e+00
9.752622246742248535e-01 3.055243194103240967e-02 2.189291566610336304e-01 2.097588715843262674e-01
2.181565463542938232e-01 -2.927718162536621094e-01 -9.309629797935485840e-01 -3.000746631527334340e+00
3.565308451652526855e-02 9.556940197944641113e-01 -2.921946048736572266e-01 -5.970713769754802946e-01
0.000000000000000000e+00 0.000000000000000000e+00 0.000000000000000000e+00 1.000000000000000000e+00
9.834144115447998047e-01 -3.484302386641502380e-02 1.779944449663162231e-01 5.397032272691185822e-02
1.570033282041549683e-01 -3.278052210807800293e-01 -9.316080212593078613e-01 -2.978774611295120334e+00
9.080753475427627563e-02 9.441025257110595703e-01 -3.168979287147521973e-01 -7.272464770253017630e-01
0.000000000000000000e+00 0.000000000000000000e+00 0.000000000000000000e+00 1.000000000000000000e+00
9.862287640571594238e-01 -1.185651496052742004e-01 1.153040751814842224e-01 -1.627420788732893420e-01
6.405281275510787964e-02 -3.689450323581695557e-01 -9.272415041923522949e-01 -2.917566367607769884e+00
1.524793952703475952e-01 9.218577742576599121e-01 -3.562697172164916992e-01 -9.149840288815167533e-01
0.000000000000000000e+00 0.000000000000000000e+00 0.000000000000000000e+00 1.000000000000000000e+00
9.794664978981018066e-01 -2.001271098852157593e-01 2.438153885304927826e-02 -4.628246085476151461e-01
-3.954339772462844849e-02 -3.092906773090362549e-01 -9.501449465751647949e-01 -2.929361158666039078e+00
1.976907551288604736e-01 9.296710491180419922e-01 -3.108536005020141602e-01 -8.189684721166964332e-01
0.000000000000000000e+00 0.000000000000000000e+00 0.000000000000000000e+00 1.000000000000000000e+00
9.259409308433532715e-01 -3.667776882648468018e-01 -9.003882855176925659e-02 -7.947103240323676321e-01
-2.185900807380676270e-01 -3.260558843612670898e-01 -9.197310805320739746e-01 -2.751846021203584236e+00
3.079794943332672119e-01 8.712989091873168945e-01 -3.820828497409820557e-01 -1.123937041724577535e+00
0.000000000000000000e+00 0.000000000000000000e+00 0.000000000000000000e+00 1.000000000000000000e+00
8.767738342285156250e-01 -4.707836806774139404e-01 -9.813559055328369141e-02 -7.980587902684319612e-01
-2.833581566810607910e-01 -3.408633768558502197e-01 -8.963929414749145508e-01 -2.635530297339721439e+00
3.885563910007476807e-01 8.137415647506713867e-01 -4.322605133056640625e-01 -1.354406842333345073e+00
0.000000000000000000e+00 0.000000000000000000e+00 0.000000000000000000e+00 1.000000000000000000e+00
8.356971144676208496e-01 -5.452386140823364258e-01 -6.576572358608245850e-02 -6.826167622961154535e-01
-3.388331234455108643e-01 -4.176468551158905029e-01 -8.430677652359008789e-01 -2.449370778923626091e+00
4.322061538696289062e-01 7.268326282501220703e-01 -5.337710976600646973e-01 -1.701204577163085485e+00
0.000000000000000000e+00 0.000000000000000000e+00 0.000000000000000000e+00 1.000000000000000000e+00
8.053913116455078125e-01 -5.901622772216796875e-01 -5.525714159011840820e-02 -6.344353829890250207e-01
-4.245779514312744141e-01 -5.093327760696411133e-01 -7.485408186912536621e-01 -2.110912924955518299e+00
4.136163592338562012e-01 6.263290643692016602e-01 -6.607823371887207031e-01 -2.084645110785761091e+00
0.000000000000000000e+00 0.000000000000000000e+00 0.000000000000000000e+00 1.000000000000000000e+00
7.782292962074279785e-01 -6.273435950279235840e-01 -2.827782370150089264e-02 -5.389950927097636457e-01
-5.032041668891906738e-01 -5.960274338722229004e-01 -6.257289648056030273e-01 -1.680116901264882889e+00
3.756924867630004883e-01 5.011900663375854492e-01 -7.795277237892150879e-01 -2.426048489205289371e+00
0.000000000000000000e+00 0.000000000000000000e+00 0.000000000000000000e+00 1.000000000000000000e+00
7.545285820960998535e-01 -6.557886004447937012e-01 -2.506636641919612885e-02 -5.183302360465162906e-01
-5.665370821952819824e-01 -6.316089630126953125e-01 -5.292498469352722168e-01 -1.343652853744264686e+00
3.312439620494842529e-01 4.135349690914154053e-01 -8.480959534645080566e-01 -2.612673794803360039e+00
0.000000000000000000e+00 0.000000000000000000e+00 0.000000000000000000e+00 1.000000000000000000e+00
6.546787023544311523e-01 -7.556558847427368164e-01 -1.950197666883468628e-02 -4.371881359734368089e-01
-6.745949983596801758e-01 -5.724207162857055664e-01 -4.661067426204681396e-01 -1.079216254131663000e+00
3.410529196262359619e-01 3.183059394359588623e-01 -8.845135569572448730e-01 -2.744446589037801143e+00
0.000000000000000000e+00 0.000000000000000000e+00 0.000000000000000000e+00 1.000000000000000000e+00
5.868068933486938477e-01 -8.096150755882263184e-01 1.346595399081707001e-02 -2.898244403356814436e-01
-7.395781278610229492e-01 -5.426666736602783203e-01 -3.981669545173645020e-01 -8.238000040955936187e-01
3.296696841716766357e-01 2.236878424882888794e-01 -9.172138571739196777e-01 -2.850960638440200423e+00
0.000000000000000000e+00 0.000000000000000000e+00 0.000000000000000000e+00 1.000000000000000000e+00
5.378944277763366699e-01 -8.413572311401367188e-01 5.279778689146041870e-02 -1.323365736647303947e-01
-7.837287187576293945e-01 -5.221576094627380371e-01 -3.363338708877563477e-01 -5.967685572670423655e-01
3.105457425117492676e-01 1.395329684019088745e-01 -9.402618408203125000e-01 -2.914030099273536845e+00
0.000000000000000000e+00 0.000000000000000000e+00 0.000000000000000000e+00 1.000000000000000000e+00
5.060285925865173340e-01 -8.554185628890991211e-01 1.104263216257095337e-01 7.541636199338649926e-02
-8.186078667640686035e-01 -5.166437029838562012e-01 -2.509191632270812988e-01 -3.053760939079183667e-01
2.716918289661407471e-01 3.657633066177368164e-02 -9.616888165473937988e-01 -2.963745982442573812e+00
0.000000000000000000e+00 0.000000000000000000e+00 0.000000000000000000e+00 1.000000000000000000e+00
4.345436990261077881e-01 -8.863879442214965820e-01 1.596490740776062012e-01 2.837827128798987575e-01
-8.616811037063598633e-01 -4.607356786727905273e-01 -2.126685976982116699e-01 -1.549578601643714637e-01
2.620629966259002686e-01 -4.515281692147254944e-02 -9.639939665794372559e-01 -2.966910465501160665e+00
0.000000000000000000e+00 0.000000000000000000e+00 0.000000000000000000e+00 1.000000000000000000e+00
3.561540246009826660e-01 -8.972210884094238281e-01 2.610533833503723145e-01 6.538083411124488986e-01
-8.937175273895263672e-01 -4.086373448371887207e-01 -1.851611137390136719e-01 -4.735307491047475309e-02
2.728064954280853271e-01 -1.673621386289596558e-01 -9.473998546600341797e-01 -2.919730473447262664e+00
0.000000000000000000e+00 0.000000000000000000e+00 0.000000000000000000e+00 1.000000000000000000e+00
2.892707288265228271e-01 -8.890777826309204102e-01 3.547705411911010742e-01 9.884037900847599811e-01
-9.147256612777709961e-01 -3.659697771072387695e-01 -1.712998598814010620e-01 8.802732546723181228e-03
2.821341753005981445e-01 -2.749657928943634033e-01 -9.191267490386962891e-01 -2.840210005377544533e+00
0.000000000000000000e+00 0.000000000000000000e+00 0.000000000000000000e+00 1.000000000000000000e+00
2.679026722908020020e-01 -8.578250408172607422e-01 4.385934770107269287e-01 1.254870551275909296e+00
-9.343044757843017578e-01 -3.424361646175384521e-01 -9.906119853258132935e-02 2.477258340927396552e-01
2.351673841476440430e-01 -3.832412362098693848e-01 -8.932095766067504883e-01 -2.726538617156378130e+00
0.000000000000000000e+00 0.000000000000000000e+00 0.000000000000000000e+00 1.000000000000000000e+00
1.783209592103958130e-01 -7.826325297355651855e-01 5.963965058326721191e-01 1.790175780310506504e+00
-9.619504213333129883e-01 -2.661737799644470215e-01 -6.167131289839744568e-02 3.687239022293787860e-01
2.070111781358718872e-01 -5.627061724662780762e-01 -8.003181815147399902e-01 -2.426864996475114999e+00
0.000000000000000000e+00 0.000000000000000000e+00 0.000000000000000000e+00 1.000000000000000000e+00
1.348805725574493408e-01 -6.772025823593139648e-01 7.233287692070007324e-01 2.201456066115109689e+00
-9.725461602210998535e-01 -2.301886528730392456e-01 -3.415705636143684387e-02 4.579065914447478236e-01
1.896332055330276489e-01 -6.988633275032043457e-01 -6.896587014198303223e-01 -2.086129807428307892e+00
0.000000000000000000e+00 0.000000000000000000e+00 0.000000000000000000e+00 1.000000000000000000e+00
1.113905757665634155e-01 -5.777744054794311523e-01 8.085592985153198242e-01 2.468697736579827051e+00
-9.834661483764648438e-01 -1.809866726398468018e-01 6.158305797725915909e-03 5.819952423854282131e-01
1.427803933620452881e-01 -7.958769202232360840e-01 -5.883820652961730957e-01 -1.757750809926576396e+00
0.000000000000000000e+00 0.000000000000000000e+00 0.000000000000000000e+00 1.000000000000000000e+00
7.884521037340164185e-02 -5.076726078987121582e-01 8.579346537590026855e-01 2.637919489116765437e+00
-9.902268648147583008e-01 -1.391975432634353638e-01 8.634430356323719025e-03 5.973013734263026286e-01
1.150389313697814941e-01 -8.502308130264282227e-01 -5.136862397193908691e-01 -1.517259341473152556e+00
0.000000000000000000e+00 0.000000000000000000e+00 0.000000000000000000e+00 1.000000000000000000e+00
1.561272293329238892e-01 -5.161579251289367676e-01 8.421433568000793457e-01 2.527244812267786855e+00
-9.873900413513183594e-01 -1.041507273912429810e-01 1.192198097705841064e-01 9.251623620492643862e-01
2.617357298731803894e-02 -8.501374721527099609e-01 -5.259102582931518555e-01 -1.487443443021250422e+00
0.000000000000000000e+00 0.000000000000000000e+00 0.000000000000000000e+00 1.000000000000000000e+00
2.643221616744995117e-01 -5.775468945503234863e-01 7.723814249038696289e-01 2.247926201814960390e+00
-9.600312113761901855e-01 -8.112195134162902832e-02 2.678802013397216797e-01 1.350904332672206110e+00
-9.205619990825653076e-02 -8.123172521591186523e-01 -5.759053826332092285e-01 -1.543233737404988926e+00
0.000000000000000000e+00 0.000000000000000000e+00 0.000000000000000000e+00 1.000000000000000000e+00
3.173157572746276855e-01 -6.210926175117492676e-01 7.166278362274169922e-01 2.055221931987671891e+00
-9.300082921981811523e-01 -5.602381378412246704e-02 3.632434308528900146e-01 1.610100412577173401e+00
-1.854595243930816650e-01 -7.817325592041015625e-01 -5.953983664512634277e-01 -1.536103440733042502e+00
0.000000000000000000e+00 0.000000000000000000e+00 0.000000000000000000e+00 1.000000000000000000e+00
3.652905225753784180e-01 -6.373027563095092773e-01 6.785339117050170898e-01 1.911656968127561695e+00
-8.904660940170288086e-01 -2.674650773406028748e-02 4.542633891105651855e-01 1.844746638213188517e+00
-2.713547945022583008e-01 -7.701494693756103516e-01 -5.772667527198791504e-01 -1.420994955566539319e+00
0.000000000000000000e+00 0.000000000000000000e+00 0.000000000000000000e+00 1.000000000000000000e+00
4.208911061286926270e-01 -6.429162025451660156e-01 6.399292945861816406e-01 1.752525661548494762e+00
-8.412924408912658691e-01 -1.284254156053066254e-02 5.404281020164489746e-01 2.056428286452554932e+00
-3.392316102981567383e-01 -7.658289074897766113e-01 -5.462855100631713867e-01 -1.268216070027908815e+00
0.000000000000000000e+00 0.000000000000000000e+00 0.000000000000000000e+00 1.000000000000000000e+00
5.160341262817382812e-01 -6.498039960861206055e-01 5.580891370773315430e-01 1.461076992604875002e+00
-7.311556935310363770e-01 5.265465937554836273e-03 6.821904778480529785e-01 2.369304683438550718e+00
-4.462284743785858154e-01 -7.600837945938110352e-01 -4.723906517028808594e-01 -9.503122482106302060e-01
0.000000000000000000e+00 0.000000000000000000e+00 0.000000000000000000e+00 1.000000000000000000e+00
6.181975007057189941e-01 -6.887642741203308105e-01 3.787280917167663574e-01 8.681177685780905318e-01
-5.802659392356872559e-01 -7.488660514354705811e-02 8.109766244888305664e-01 2.661041158087620762e+00
-5.302107334136962891e-01 -7.211065888404846191e-01 -4.459612965583801270e-01 -8.042239485178336311e-01
0.000000000000000000e+00 0.000000000000000000e+00 0.000000000000000000e+00 1.000000000000000000e+00
6.345932483673095703e-01 -7.253977060317993164e-01 2.666276693344116211e-01 5.646701127736767356e-01
-4.974838495254516602e-01 -1.193947792053222656e-01 8.592175245285034180e-01 2.750207118423897867e+00
-5.914402604103088379e-01 -6.778963804244995117e-01 -4.366407096385955811e-01 -7.347261830687981110e-01
0.000000000000000000e+00 0.000000000000000000e+00 0.000000000000000000e+00 1.000000000000000000e+00
5.904765129089355469e-01 -7.826308012008666992e-01 1.970449388027191162e-01 4.256923800232583210e-01
-4.000672399997711182e-01 -7.180450856685638428e-02 9.136686325073242188e-01 2.844042264131150688e+00
-7.009165883064270020e-01 -6.183309555053710938e-01 -3.555037081241607666e-01 -4.769541964237700715e-01
0.000000000000000000e+00 0.000000000000000000e+00 0.000000000000000000e+00 1.000000000000000000e+00
4.323259890079498291e-01 -8.996051549911499023e-01 6.168107688426971436e-02 1.796711892091142904e-01
-2.325137704610824585e-01 -4.512616991996765137e-02 9.715457558631896973e-01 2.922550859217276198e+00
-8.712243437767028809e-01 -4.343661963939666748e-01 -2.286798208951950073e-01 -1.051911447505146924e-01
0.000000000000000000e+00 0.000000000000000000e+00 0.000000000000000000e+00 1.000000000000000000e+00
3.051595091819763184e-01 -9.480594396591186523e-01 -8.978336304426193237e-02 -2.159601442570985019e-01
-2.692322432994842529e-01 -1.763237267732620239e-01 9.467965960502624512e-01 2.935851180408755035e+00
-9.134504199028015137e-01 -2.647514939308166504e-01 -3.090553283691406250e-01 -3.930100608415852959e-01
0.000000000000000000e+00 0.000000000000000000e+00 0.000000000000000000e+00 1.000000000000000000e+00
2.938987314701080322e-01 -9.557219147682189941e-01 1.479612942785024643e-02 1.242425318003033546e-01
-3.804062306880950928e-01 -1.027515679597854614e-01 9.190938472747802734e-01 2.872852636225755152e+00
-8.768777847290039062e-01 -2.757489681243896484e-01 -3.937612771987915039e-01 -6.382222120195604198e-01
0.000000000000000000e+00 0.000000000000000000e+00 0.000000000000000000e+00 1.000000000000000000e+00
2.758554220199584961e-01 -9.607463479042053223e-01 2.949492819607257843e-02 2.129626071468443127e-01
-4.681080877780914307e-01 -1.074787676334381104e-01 8.771106004714965820e-01 2.782637550968938278e+00
-8.395107388496398926e-01 -2.557624280452728271e-01 -4.793817698955535889e-01 -9.186521029395734450e-01
0.000000000000000000e+00 0.000000000000000000e+00 0.000000000000000000e+00 1.000000000000000000e+00
