1 0 0 -0.01792658120393753 
0 1 0 0.02243540808558464 
0 0 1 -0.3816788792610168 
0 0 0 1 

0.9882352352142334 0.04652347788214684 -0.145693302154541 0.04343592748045921 
-0.04958098009228706 0.9986181259155273 -0.01742333918809891 0.02615529298782349 
0.1446813642978668 0.02444202080368996 0.9891762733459473 -0.3782499134540558 
0 0 0 1 

0.9972297549247742 0.04670817777514458 -0.05788904428482056 0.008304023183882236 
-0.04639922454953194 0.9989007115364075 0.006670329719781876 0.01748006045818329 
0.0581369660794735 -0.003965809941291809 0.9983007311820984 -0.3696976602077484 
0 0 0 1 

0.987765908241272 0.05544759705662727 -0.1457531601190567 0.04532251134514809 
-0.05069608613848686 0.9980608224868774 0.03611722961068153 0.009768114425241947 
0.1474731266498566 -0.02828623913228512 0.9886614680290222 -0.3659001290798187 
0 0 0 1 

0.7281566858291626 0.6836357712745667 -0.0492933914065361 -0.01954438909888268 
-0.6773776412010193 0.7067809700965881 -0.2040099054574966 0.07630982995033264 
-0.1046288833022118 0.1819414049386978 0.9777269959449768 -0.2696666121482849 
0 0 0 1 

0.7646055221557617 0.6444389820098877 -0.008752822875976562 -0.03560217469930649 
-0.6382781267166138 0.7552739977836609 -0.1488690823316574 0.05796659365296364 
-0.08932630717754364 0.1194128468632698 0.9888181686401367 -0.2763703465461731 
0 0 0 1 

0.9791434407234192 0.1833364516496658 -0.08755434304475784 0.001601809985004365 
-0.1884667724370956 0.9805727601051331 -0.05438070744276047 0.002492109313607216 
0.0758834183216095 0.06974761933088303 0.9946743249893188 -0.23585544526577 
0 0 0 1 

0.9679000377655029 0.2320739775896072 -0.09649331122636795 -0.006743431556969881 
-0.2364465743303299 0.970958411693573 -0.0365045964717865 -0.02742835134267807 
0.08521918952465057 0.05814837664365768 0.9946639537811279 -0.3110745847225189 
0 0 0 1 

0.9906495213508606 0.1317823231220245 -0.03531119599938393 -0.02555438131093979 
-0.1331493258476257 0.9903026819229126 -0.03964526206254959 -0.04829846322536469 
0.02974420413374901 0.04397623986005783 0.9985896944999695 -0.3365757763385773 
0 0 0 1 

0.9992484450340271 0.01513775251805782 -0.0356840007007122 -0.01844976283609867 
-0.01614192686975002 0.9994769692420959 -0.0280222725123167 -0.0586937740445137 
0.03524113446474075 0.02857722900807858 0.9989701509475708 -0.3356930315494537 
0 0 0 1 

