1.000000000000000000e+00 0.000000000000000000e+00 0.000000000000000000e+00 -4.542167112231254578e-02
0.000000000000000000e+00 1.000000000000000000e+00 0.000000000000000000e+00 9.935460984706878662e-04
0.000000000000000000e+00 0.000000000000000000e+00 1.000000000000000000e+00 -2.875000238418579102e-01
0.000000000000000000e+00 0.000000000000000000e+00 0.000000000000000000e+00 1.000000000000000000e+00
9.964248538017272949e-01 8.027741312980651855e-02 2.632493339478969574e-02 -5.161377042531967163e-02
-7.979518175125122070e-02 9.966323971748352051e-01 -1.888604089617729187e-02 1.028009410947561264e-02
-2.775237336754798889e-02 1.671794988214969635e-02 9.994752407073974609e-01 -2.929065525531768799e-01
0.000000000000000000e+00 0.000000000000000000e+00 0.000000000000000000e+00 1.000000000000000000e+00
9.852383732795715332e-01 1.655495613813400269e-01 4.358179122209548950e-02 -5.506332218647003174e-02
-1.632051318883895874e-01 9.851795434951782227e-01 -5.277559533715248108e-02 2.597845532000064850e-02
-5.167287960648536682e-02 4.488370567560195923e-02 9.976547956466674805e-01 -2.920192182064056396e-01
0.000000000000000000e+00 0.000000000000000000e+00 0.000000000000000000e+00 1.000000000000000000e+00
9.656942486763000488e-01 2.565687298774719238e-01 4.008797928690910339e-02 -5.193627253174781799e-02
-2.529854476451873779e-01 9.643456339836120605e-01 -7.768815755844116211e-02 3.867853060364723206e-02
-5.859108269214630127e-02 6.488135457038879395e-02 9.961717724800109863e-01 -2.918304204940795898e-01
0.000000000000000000e+00 0.000000000000000000e+00 0.000000000000000000e+00 1.000000000000000000e+00
9.368342757225036621e-01 3.455175757408142090e-01 5.439000204205513000e-02 -5.323509871959686279e-02
-3.371821045875549316e-01 9.334728121757507324e-01 -1.222158893942832947e-01 5.672913044691085815e-02
-9.299939870834350586e-02 9.615669399499893188e-02 9.910121560096740723e-01 -2.890150249004364014e-01
0.000000000000000000e+00 0.000000000000000000e+00 0.000000000000000000e+00 1.000000000000000000e+00
8.916116356849670410e-01 4.508411884307861328e-01 4.207793623208999634e-02 -4.616673663258552551e-02
-4.416759312152862549e-01 8.864153623580932617e-01 -1.385286599397659302e-01 6.623349338769912720e-02
-9.975295513868331909e-02 1.049289330840110779e-01 9.894639849662780762e-01 -2.895085513591766357e-01
0.000000000000000000e+00 0.000000000000000000e+00 0.000000000000000000e+00 1.000000000000000000e+00
8.432697653770446777e-01 5.370354056358337402e-01 2.212488278746604919e-02 -3.732830658555030823e-02
-5.265913009643554688e-01 8.337171077728271484e-01 -1.661826968193054199e-01 7.848403602838516235e-02
-1.076919063925743103e-01 1.284860223531723022e-01 9.858468770980834961e-01 -2.885772883892059326e-01
0.000000000000000000e+00 0.000000000000000000e+00 0.000000000000000000e+00 1.000000000000000000e+00
7.897078394889831543e-01 6.134803295135498047e-01 1.833420130424201488e-03 -2.801782451570034027e-02
-6.043536067008972168e-01 7.784656882286071777e-01 -1.695504635572433472e-01 8.326415717601776123e-02
-1.054431572556495667e-01 1.327872574329376221e-01 9.855200052261352539e-01 -2.893825173377990723e-01
0.000000000000000000e+00 0.000000000000000000e+00 0.000000000000000000e+00 1.000000000000000000e+00
7.195690870285034180e-01 6.941664814949035645e-01 -1.878887414932250977e-02 -1.616739667952060699e-02
-6.874173283576965332e-01 7.082179784774780273e-01 -1.608870625495910645e-01 8.344831317663192749e-02
-9.837584942579269409e-02 1.286851316690444946e-01 9.867938756942749023e-01 -2.906731963157653809e-01
0.000000000000000000e+00 0.000000000000000000e+00 0.000000000000000000e+00 1.000000000000000000e+00
6.436527371406555176e-01 7.651097774505615234e-01 -1.781609654426574707e-02 -1.135365944355726242e-02
-7.595757246017456055e-01 6.358047127723693848e-01 -1.371000409126281738e-01 7.865288108587265015e-02
-9.356909245252609253e-02 1.017775237560272217e-01 9.903970956802368164e-01 -2.933306992053985596e-01
0.000000000000000000e+00 0.000000000000000000e+00 0.000000000000000000e+00 1.000000000000000000e+00
5.454059243202209473e-01 8.373871445655822754e-01 -3.626570105552673340e-02 3.239842480979859829e-04
-8.358970880508422852e-01 5.402304530143737793e-01 -9.709335863590240479e-02 6.798263639211654663e-02
-6.171290948987007141e-02 8.326963335275650024e-02 9.946141242980957031e-01 -2.983205914497375488e-01
0.000000000000000000e+00 0.000000000000000000e+00 0.000000000000000000e+00 1.000000000000000000e+00
4.577299952507019043e-01 8.856387734413146973e-01 -7.827718555927276611e-02 1.952802389860153198e-02
-8.889759778976440430e-01 4.544759392738342285e-01 -5.633035302162170410e-02 5.579839274287223816e-02
-1.431324798613786697e-02 9.537061303853988647e-02 9.953389167785644531e-01 -3.025635778903961182e-01
0.000000000000000000e+00 0.000000000000000000e+00 0.000000000000000000e+00 1.000000000000000000e+00
3.491227626800537109e-01 9.319699406623840332e-01 -9.770195931196212769e-02 3.001697920262813568e-02
-9.369063973426818848e-01 3.491454124450683594e-01 -1.742514781653881073e-02 4.107875004410743713e-02
1.787246949970722198e-02 9.762112051248550415e-02 9.950631856918334961e-01 -3.041746318340301514e-01
0.000000000000000000e+00 0.000000000000000000e+00 0.000000000000000000e+00 1.000000000000000000e+00
2.683420479297637939e-01 9.560417532920837402e-01 -1.182215213775634766e-01 3.927197679877281189e-02
-9.601111412048339844e-01 2.754397988319396973e-01 4.816211014986038208e-02 1.645107939839363098e-02
7.860789448022842407e-02 1.005818396806716919e-01 9.918184280395507812e-01 -3.037386536598205566e-01
0.000000000000000000e+00 0.000000000000000000e+00 0.000000000000000000e+00 1.000000000000000000e+00
1.895375251770019531e-01 9.696607589721679688e-01 -1.543817371129989624e-01 5.199933797121047974e-02
-9.732744693756103516e-01 2.063041180372238159e-01 1.008728891611099243e-01 -3.455592552199959755e-03
1.296620517969131470e-01 1.311365813016891479e-01 9.828483462333679199e-01 -3.018737435340881348e-01
0.000000000000000000e+00 0.000000000000000000e+00 0.000000000000000000e+00 1.000000000000000000e+00
1.148623749613761902e-01 9.822469353675842285e-01 -1.483158022165298462e-01 5.200942978262901306e-02
-9.713062644004821777e-01 1.423515975475311279e-01 1.905253231525421143e-01 -3.412620723247528076e-02
2.082559168338775635e-01 1.221758872270584106e-01 9.704135656356811523e-01 -2.992731034755706787e-01
0.000000000000000000e+00 0.000000000000000000e+00 0.000000000000000000e+00 1.000000000000000000e+00
1.899660378694534302e-01 9.728188514709472656e-01 -1.324243545532226562e-01 4.602973908185958862e-02
-9.539460539817810059e-01 2.147867083549499512e-01 2.094119489192962646e-01 -3.937714919447898865e-02
2.321629226207733154e-01 8.654458820819854736e-02 9.688190221786499023e-01 -2.968796491622924805e-01
0.000000000000000000e+00 0.000000000000000000e+00 0.000000000000000000e+00 1.000000000000000000e+00
2.688299417495727539e-01 9.532002210617065430e-01 -1.383461356163024902e-01 4.557469859719276428e-02
-9.394972324371337891e-01 2.911591529846191406e-01 1.804754585027694702e-01 -2.831295505166053772e-02
2.123100012540817261e-01 8.145857602357864380e-02 9.738011956214904785e-01 -2.957558035850524902e-01
0.000000000000000000e+00 0.000000000000000000e+00 0.000000000000000000e+00 1.000000000000000000e+00
3.244782388210296631e-01 9.357680678367614746e-01 -1.380281299352645874e-01 4.377719387412071228e-02
-9.348159432411193848e-01 3.395124673843383789e-01 1.041634827852249146e-01 -1.083929324522614479e-03
1.443351507186889648e-01 9.523218125104904175e-02 9.849354624748229980e-01 -2.957038581371307373e-01
0.000000000000000000e+00 0.000000000000000000e+00 0.000000000000000000e+00 1.000000000000000000e+00
3.614953756332397461e-01 9.159063100814819336e-01 -1.744607239961624146e-01 5.353216826915740967e-02
-9.292454123497009277e-01 3.692340552806854248e-01 1.298754755407571793e-02 3.040629252791404724e-02
7.631221413612365723e-02 1.574219465255737305e-01 9.845785498619079590e-01 -2.915731370449066162e-01
0.000000000000000000e+00 0.000000000000000000e+00 0.000000000000000000e+00 1.000000000000000000e+00
4.019578099250793457e-01 8.972653150558471680e-01 -1.826044768095016479e-01 5.421796068549156189e-02
-9.155847430229187012e-01 3.963744044303894043e-01 -6.776031851768493652e-02 5.780299752950668335e-02
1.158072985708713531e-02 1.944266855716705322e-01 9.808486700057983398e-01 -2.868292927742004395e-01
0.000000000000000000e+00 0.000000000000000000e+00 0.000000000000000000e+00 1.000000000000000000e+00
4.589099287986755371e-01 8.614573478698730469e-01 -2.174688875675201416e-01 6.117227673530578613e-02
-8.873277902603149414e-01 4.318971931934356689e-01 -1.615980267524719238e-01 8.663302659988403320e-02
-4.528563469648361206e-02 2.671250700950622559e-01 9.625969529151916504e-01 -2.760119736194610596e-01
0.000000000000000000e+00 0.000000000000000000e+00 0.000000000000000000e+00 1.000000000000000000e+00
5.330599546432495117e-01 8.211019635200500488e-01 -2.040549516677856445e-01 5.154125764966011047e-02
-8.413197398185729980e-01 4.888743460178375244e-01 -2.306149154901504517e-01 1.053233668208122253e-01
-8.960121124982833862e-02 2.946071028709411621e-01 9.514085650444030762e-01 -2.689140737056732178e-01
0.000000000000000000e+00 0.000000000000000000e+00 0.000000000000000000e+00 1.000000000000000000e+00
5.919421911239624023e-01 7.822127938270568848e-01 -1.942874789237976074e-01 4.449263960123062134e-02
-7.959891557693481445e-01 5.295273661613464355e-01 -2.932603061199188232e-01 1.205708086490631104e-01
-1.265115290880203247e-01 3.282438516616821289e-01 9.360823035240173340e-01 -2.607084810733795166e-01
0.000000000000000000e+00 0.000000000000000000e+00 0.000000000000000000e+00 1.000000000000000000e+00
6.722192168235778809e-01 7.211319804191589355e-01 -1.676003932952880859e-01 3.043071180582046509e-02
-7.206363677978515625e-01 5.854362249374389648e-01 -3.714121878147125244e-01 1.370227187871932983e-01
-1.697179675102233887e-01 3.704494833946228027e-01 9.132156372070312500e-01 -2.497452646493911743e-01
0.000000000000000000e+00 0.000000000000000000e+00 0.000000000000000000e+00 1.000000000000000000e+00
7.325706481933593750e-01 6.629742980003356934e-01 -1.542894095182418823e-01 2.290899492800235748e-02
-6.515609025955200195e-01 6.173699498176574707e-01 -4.408205151557922363e-01 1.508501321077346802e-01
-1.969990581274032593e-01 4.234611392021179199e-01 8.842352032661437988e-01 -2.359357178211212158e-01
0.000000000000000000e+00 0.000000000000000000e+00 0.000000000000000000e+00 1.000000000000000000e+00
7.587295770645141602e-01 6.373357772827148438e-01 -1.346560418605804443e-01 1.497291494160890579e-02
-5.989075899124145508e-01 6.012126803398132324e-01 -5.290110707283020020e-01 1.709371209144592285e-01
-2.562009990215301514e-01 4.820228219032287598e-01 8.378632664680480957e-01 -2.149054557085037231e-01
0.000000000000000000e+00 0.000000000000000000e+00 0.000000000000000000e+00 1.000000000000000000e+00
7.900237441062927246e-01 5.948820710182189941e-01 -1.482480913400650024e-01 1.599774509668350220e-02
-5.373628139495849609e-01 5.555015206336975098e-01 -6.345541477203369141e-01 1.981242597103118896e-01
-2.951330542564392090e-01 5.809758305549621582e-01 7.585271000862121582e-01 -1.861245632171630859e-01
0.000000000000000000e+00 0.000000000000000000e+00 0.000000000000000000e+00 1.000000000000000000e+00
8.136668801307678223e-01 5.637837052345275879e-01 -1.417533308267593384e-01 1.229928992688655853e-02
-4.819796979427337646e-01 5.179114341735839844e-01 -7.067269682884216309e-01 2.169685363769531250e-01
-3.250256180763244629e-01 6.433625817298889160e-01 6.931397914886474609e-01 -1.628650277853012085e-01
0.000000000000000000e+00 0.000000000000000000e+00 0.000000000000000000e+00 1.000000000000000000e+00
8.410440087318420410e-01 5.254723429679870605e-01 -1.285445541143417358e-01 5.491740535944700241e-03
-4.117802381515502930e-01 4.677581489086151123e-01 -7.820736169815063477e-01 2.365466952323913574e-01
-3.508303761482238770e-01 7.106904387474060059e-01 6.097844243049621582e-01 -1.388413906097412109e-01
0.000000000000000000e+00 0.000000000000000000e+00 0.000000000000000000e+00 1.000000000000000000e+00
8.711646795272827148e-01 4.822559356689453125e-01 -9.220188111066818237e-02 -6.801748648285865784e-03
-3.268445730209350586e-01 4.294698536396026611e-01 -8.418598771095275879e-01 2.509084939956665039e-01
-3.663941025733947754e-01 7.635342478752136230e-01 5.317617654800415039e-01 -1.182141005992889404e-01
0.000000000000000000e+00 0.000000000000000000e+00 0.000000000000000000e+00 1.000000000000000000e+00
8.896770477294921875e-01 4.526807963848114014e-01 -5.962144955992698669e-02 -1.624095998704433441e-02
-2.211675494909286499e-01 3.130225241184234619e-01 -9.236350655555725098e-01 2.666149139404296875e-01
-3.994490206241607666e-01 8.349232673645019531e-01 3.786072432994842529e-01 -7.642427831888198853e-02
0.000000000000000000e+00 0.000000000000000000e+00 0.000000000000000000e+00 1.000000000000000000e+00
8.803436756134033203e-01 4.738308787345886230e-01 -2.189432270824909210e-02 -3.121980465948581696e-02
-8.472395688295364380e-02 1.116601824760437012e-01 -9.901281595230102539e-01 2.829907536506652832e-01
-4.667086005210876465e-01 8.735080361366271973e-01 1.384441703557968140e-01 -9.292055852711200714e-03
0.000000000000000000e+00 0.000000000000000000e+00 0.000000000000000000e+00 1.000000000000000000e+00
8.684523701667785645e-01 4.949908256530761719e-01 -2.782927453517913818e-02 -2.668596804141998291e-02
-8.375349640846252441e-02 9.115460515022277832e-02 -9.923084974288940430e-01 2.828572690486907959e-01
-4.886468648910522461e-01 8.641034364700317383e-01 1.206205934286117554e-01 -1.072367094457149506e-02
0.000000000000000000e+00 0.000000000000000000e+00 0.000000000000000000e+00 1.000000000000000000e+00
8.354452252388000488e-01 5.492630004882812500e-01 -1.847837679088115692e-02 -2.542370557785034180e-02
-9.299867600202560425e-02 1.081556901335716248e-01 -9.897744059562683105e-01 2.826959490776062012e-01
-5.416480302810668945e-01 8.286206126213073730e-01 1.414389163255691528e-01 -1.460105925798416138e-02
0.000000000000000000e+00 0.000000000000000000e+00 0.000000000000000000e+00 1.000000000000000000e+00
8.102518916130065918e-01 5.835918784141540527e-01 -5.396576598286628723e-02 -1.515913661569356918e-02
-2.323849052190780640e-01 2.353734374046325684e-01 -9.437142610549926758e-01 2.754178345203399658e-01
-5.380418896675109863e-01 7.771871089935302734e-01 3.263297080993652344e-01 -5.676715821027755737e-02
0.000000000000000000e+00 0.000000000000000000e+00 0.000000000000000000e+00 1.000000000000000000e+00
8.265287280082702637e-01 5.553969144821166992e-01 -9.156635403633117676e-02 -5.721976514905691147e-03
-3.092990517616271973e-01 3.121990561485290527e-01 -8.982570171356201172e-01 2.659561932086944580e-01
-4.703023135662078857e-01 7.707566022872924805e-01 4.298252463340759277e-01 -8.631607890129089355e-02
0.000000000000000000e+00 0.000000000000000000e+00 0.000000000000000000e+00 1.000000000000000000e+00
8.153009414672851562e-01 5.697897076606750488e-01 -1.030736267566680908e-01 -2.476270077750086784e-03
-3.653061091899871826e-01 3.680336475372314453e-01 -8.550454378128051758e-01 2.566049098968505859e-01
-4.492615461349487305e-01 7.347727417945861816e-01 5.082058310508728027e-01 -1.088339090347290039e-01
0.000000000000000000e+00 0.000000000000000000e+00 0.000000000000000000e+00 1.000000000000000000e+00
8.334741592407226562e-01 5.472233295440673828e-01 -7.659871876239776611e-02 -1.474336348474025726e-02
-4.498523473739624023e-01 5.915036201477050781e-01 -6.691458225250244141e-01 2.170022726058959961e-01
-3.208638727664947510e-01 5.921738147735595703e-01 7.391727566719055176e-01 -1.797877252101898193e-01
0.000000000000000000e+00 0.000000000000000000e+00 0.000000000000000000e+00 1.000000000000000000e+00
8.354753255844116211e-01 5.462934374809265137e-01 -5.953336879611015320e-02 -2.091342769563198090e-02
-4.659486114978790283e-01 6.468029022216796875e-01 -6.037694811820983887e-01 1.980176270008087158e-01
-2.913291752338409424e-01 5.321739315986633301e-01 7.949327230453491211e-01 -1.973843872547149658e-01
0.000000000000000000e+00 0.000000000000000000e+00 0.000000000000000000e+00 1.000000000000000000e+00
8.552941083908081055e-01 5.152004957199096680e-01 -5.513974651694297791e-02 -2.244351990520954132e-02
-4.622397720813751221e-01 7.106007933616638184e-01 -5.304533243179321289e-01 1.757285445928573608e-01
-2.341075688600540161e-01 4.791813194751739502e-01 8.459189534187316895e-01 -2.140791118144989014e-01
0.000000000000000000e+00 0.000000000000000000e+00 0.000000000000000000e+00 1.000000000000000000e+00
8.711713552474975586e-01 4.907270073890686035e-01 -1.572455093264579773e-02 -3.252123296260833740e-02
-4.569968581199645996e-01 7.987512350082397461e-01 -3.913440108299255371e-01 1.355174481868743896e-01
-1.794833540916442871e-01 3.481137156486511230e-01 9.201100468635559082e-01 -2.366012483835220337e-01
0.000000000000000000e+00 0.000000000000000000e+00 0.000000000000000000e+00 1.000000000000000000e+00
8.762633204460144043e-01 4.815555214881896973e-01 -1.633721031248569489e-02 -3.054079972207546234e-02
-4.696884453296661377e-01 8.461222052574157715e-01 -2.519329786300659180e-01 9.696977585554122925e-02
-1.074965298175811768e-01 2.284329831600189209e-01 9.676069021224975586e-01 -2.528643012046813965e-01
0.000000000000000000e+00 0.000000000000000000e+00 0.000000000000000000e+00 1.000000000000000000e+00
8.792864680290222168e-01 4.761697649955749512e-01 -1.082025654613971710e-02 -2.815326116979122162e-02
-4.761173129081726074e-01 8.781189918518066406e-01 -4.710562899708747864e-02 3.929995745420455933e-02
-1.292882487177848816e-02 4.657107591629028320e-02 9.988312721252441406e-01 -2.658762633800506592e-01
0.000000000000000000e+00 0.000000000000000000e+00 0.000000000000000000e+00 1.000000000000000000e+00
8.856644034385681152e-01 4.642089903354644775e-01 -1.041649561375379562e-02 -2.651977352797985077e-02
-4.632298350334167480e-01 8.848919272422790527e-01 4.882777854800224304e-02 1.084921509027481079e-02
3.188377618789672852e-02 -3.841977939009666443e-02 9.987530112266540527e-01 -2.684564292430877686e-01
0.000000000000000000e+00 0.000000000000000000e+00 0.000000000000000000e+00 1.000000000000000000e+00
8.933609724044799805e-01 4.493057727813720703e-01 -5.514618009328842163e-03 -2.757980301976203918e-02
-4.434381425380706787e-01 8.835440874099731445e-01 1.507055610418319702e-01 -2.076243050396442413e-02
7.258533686399459839e-02 -1.321890354156494141e-01 9.885633587837219238e-01 -2.674880027770996094e-01
0.000000000000000000e+00 0.000000000000000000e+00 0.000000000000000000e+00 1.000000000000000000e+00
8.965827822685241699e-01 4.428269267082214355e-01 -6.581503897905349731e-03 -2.704969048500061035e-02
-4.263378977775573730e-01 8.670303225517272949e-01 2.578656375408172607e-01 -5.424256995320320129e-02
1.198962628841400146e-01 -2.283920049667358398e-01 9.661584496498107910e-01 -2.628040313720703125e-01
0.000000000000000000e+00 0.000000000000000000e+00 0.000000000000000000e+00 1.000000000000000000e+00
9.016115069389343262e-01 4.324278235435485840e-01 -1.012108288705348969e-02 -2.569585852324962616e-02
-3.982639908790588379e-01 8.390551209449768066e-01 3.706370890140533447e-01 -9.185595065355300903e-02
1.687660962343215942e-01 -3.301398158073425293e-01 9.287226200103759766e-01 -2.531727552413940430e-01
0.000000000000000000e+00 0.000000000000000000e+00 0.000000000000000000e+00 1.000000000000000000e+00
9.060171246528625488e-01 4.232385754585266113e-01 -1.261645811609923840e-03 -2.942649088799953461e-02
-3.754101991653442383e-01 8.050014972686767578e-01 4.593905508518218994e-01 -1.211723759770393372e-01
1.954476237297058105e-01 -4.157420694828033447e-01 8.882332444190979004e-01 -2.430659830570220947e-01
0.000000000000000000e+00 0.000000000000000000e+00 0.000000000000000000e+00 1.000000000000000000e+00
9.167937040328979492e-01 3.993612825870513916e-01 4.261553985998034477e-04 -3.258068114519119263e-02
-3.341497480869293213e-01 7.665054798126220703e-01 5.484647154808044434e-01 -1.511388868093490601e-01
2.187089323997497559e-01 -5.029709339141845703e-01 8.361735939979553223e-01 -2.303072661161422729e-01
0.000000000000000000e+00 0.000000000000000000e+00 0.000000000000000000e+00 1.000000000000000000e+00
9.105370640754699707e-01 4.126589894294738770e-01 2.518343552947044373e-02 -4.128395020961761475e-02
-3.347187340259552002e-01 7.000669240951538086e-01 6.307689547538757324e-01 -1.756978183984756470e-01
2.426626086235046387e-01 -5.827679038047790527e-01 7.755618691444396973e-01 -2.156917899847030640e-01
0.000000000000000000e+00 0.000000000000000000e+00 0.000000000000000000e+00 1.000000000000000000e+00
9.161217212677001953e-01 3.990432620048522949e-01 3.854969516396522522e-02 -4.729696735739707947e-02
-3.000677227973937988e-01 6.187567114830017090e-01 7.260161042213439941e-01 -2.059776335954666138e-01
2.658592164516448975e-01 -6.766864657402038574e-01 6.865962743759155273e-01 -1.911313682794570923e-01
0.000000000000000000e+00 0.000000000000000000e+00 0.000000000000000000e+00 1.000000000000000000e+00
9.266373515129089355e-01 3.720041811466217041e-01 5.436550080776214600e-02 -5.373094230890274048e-02
-2.663308680057525635e-01 5.474767088890075684e-01 7.933077216148376465e-01 -2.285591810941696167e-01
2.653499543666839600e-01 -7.495878934860229492e-01 6.063887476921081543e-01 -1.668734550476074219e-01
0.000000000000000000e+00 0.000000000000000000e+00 0.000000000000000000e+00 1.000000000000000000e+00
9.347555041313171387e-01 3.512955904006958008e-01 5.313426628708839417e-02 -5.529573932290077209e-02
-2.254465967416763306e-01 4.708833098411560059e-01 8.529021739959716797e-01 -2.488624900579452515e-01
2.746008634567260742e-01 -8.092343211174011230e-01 5.193593502044677734e-01 -1.421931982040405273e-01
0.000000000000000000e+00 0.000000000000000000e+00 0.000000000000000000e+00 1.000000000000000000e+00
9.441754221916198730e-01 3.247541189193725586e-01 5.538617447018623352e-02 -5.893155187368392944e-02
-1.918997764587402344e-01 4.054974317550659180e-01 8.937259316444396973e-01 -2.625501453876495361e-01
2.677823007106781006e-01 -8.544626235961914062e-01 4.451809823513031006e-01 -1.215733513236045837e-01
0.000000000000000000e+00 0.000000000000000000e+00 0.000000000000000000e+00 1.000000000000000000e+00
9.574243426322937012e-01 2.844727933406829834e-01 4.913310334086418152e-02 -6.010987982153892517e-02
-1.487967520952224731e-01 3.404387235641479492e-01 9.284182190895080566e-01 -2.759064435958862305e-01
2.473829537630081177e-01 -8.962011933326721191e-01 3.682729899883270264e-01 -9.785111248493194580e-02
0.000000000000000000e+00 0.000000000000000000e+00 0.000000000000000000e+00 1.000000000000000000e+00
9.622209668159484863e-01 2.604654431343078613e-01 7.929814606904983521e-02 -7.165619730949401855e-02
-1.472585797309875488e-01 2.528880238533020020e-01 9.562228918075561523e-01 -2.888573706150054932e-01
2.290095090866088867e-01 -9.317752122879028320e-01 2.816899716854095459e-01 -6.715710461139678955e-02
0.000000000000000000e+00 0.000000000000000000e+00 0.000000000000000000e+00 1.000000000000000000e+00
9.755625724792480469e-01 2.098327577114105225e-01 6.517261266708374023e-02 -7.029759883880615234e-02
-9.873440861701965332e-02 1.536719650030136108e-01 9.831767082214355469e-01 -3.013614118099212646e-01
1.962874680757522583e-01 -9.655855894088745117e-01 1.706342995166778564e-01 -2.813456580042839050e-02
0.000000000000000000e+00 0.000000000000000000e+00 0.000000000000000000e+00 1.000000000000000000e+00
9.925397038459777832e-01 1.196226924657821655e-01 2.357152104377746582e-02 -5.981056019663810730e-02
-3.996388241648674011e-02 1.365460306406021118e-01 9.898273348808288574e-01 -3.049893379211425781e-01
1.151871830224990845e-01 -9.833847284317016602e-01 1.403079181909561157e-01 -1.890650391578674316e-02
0.000000000000000000e+00 0.000000000000000000e+00 0.000000000000000000e+00 1.000000000000000000e+00
9.949386119842529297e-01 1.004857569932937622e-01 -1.819194294512271881e-04 -5.431457236409187317e-02
-2.471910603344440460e-02 2.465050369501113892e-01 9.688260555267333984e-01 -3.004226386547088623e-01
9.739807248115539551e-02 -9.639176130294799805e-01 2.477412223815917969e-01 -5.332315340638160706e-02
0.000000000000000000e+00 0.000000000000000000e+00 0.000000000000000000e+00 1.000000000000000000e+00
9.982065558433532715e-01 3.175600245594978333e-02 -5.074885115027427673e-02 -3.750533238053321838e-02
3.945564478635787964e-02 2.885694801807403564e-01 9.566454291343688965e-01 -3.080806434154510498e-01
4.502379149198532104e-02 -9.569320082664489746e-01 2.867988348007202148e-01 -6.342257559299468994e-02
0.000000000000000000e+00 0.000000000000000000e+00 0.000000000000000000e+00 1.000000000000000000e+00
9.893841743469238281e-01 -5.159653350710868835e-02 -1.358546614646911621e-01 -5.345551297068595886e-03
1.448486000299453735e-01 2.746770977973937988e-01 9.505637884140014648e-01 -3.183684349060058594e-01
-1.172964368015527725e-02 -9.601509571075439453e-01 2.792348265647888184e-01 -5.820757150650024414e-02
0.000000000000000000e+00 0.000000000000000000e+00 0.000000000000000000e+00 1.000000000000000000e+00
9.681869149208068848e-01 -6.229057535529136658e-02 -2.423501908779144287e-01 3.020528890192508698e-02
2.502055168151855469e-01 2.538238167762756348e-01 9.343289732933044434e-01 -3.230152726173400879e-01
3.314358415082097054e-03 -9.652427434921264648e-01 2.613343894481658936e-01 -5.161689221858978271e-02
0.000000000000000000e+00 0.000000000000000000e+00 0.000000000000000000e+00 1.000000000000000000e+00
9.741743206977844238e-01 -1.795953325927257538e-02 -2.250814437866210938e-01 2.280413173139095306e-02
2.203996628522872925e-01 2.922781705856323242e-01 9.305899143218994141e-01 -3.213874101638793945e-01
4.907342791557312012e-02 -9.561647772789001465e-01 2.886881828308105469e-01 -6.400603055953979492e-02
0.000000000000000000e+00 0.000000000000000000e+00 0.000000000000000000e+00 1.000000000000000000e+00
9.832864403724670410e-01 4.049920290708541870e-02 -1.775046139955520630e-01 4.261313006281852722e-03
1.542257815599441528e-01 3.328609168529510498e-01 9.302785992622375488e-01 -3.184057176113128662e-01
9.675984829664230347e-02 -9.421056509017944336e-01 3.210514187812805176e-01 -7.962990552186965942e-02
0.000000000000000000e+00 0.000000000000000000e+00 0.000000000000000000e+00 1.000000000000000000e+00
9.850321412086486816e-01 1.250614225864410400e-01 -1.186239495873451233e-01 -1.843816787004470825e-02
6.476265192031860352e-02 3.692533671855926514e-01 9.270693659782409668e-01 -3.122997581958770752e-01
1.597428619861602783e-01 -9.208751320838928223e-01 3.556270897388458252e-01 -9.867011010646820068e-02
0.000000000000000000e+00 0.000000000000000000e+00 0.000000000000000000e+00 1.000000000000000000e+00
9.767961502075195312e-01 2.139108479022979736e-01 -1.054560486227273941e-02 -5.514138936996459961e-02
-5.666143819689750671e-02 3.055947422981262207e-01 9.504742026329040527e-01 -3.129978775978088379e-01
2.065394818782806396e-01 -9.278222322463989258e-01 3.106241822242736816e-01 -8.859462291002273560e-02
0.000000000000000000e+00 0.000000000000000000e+00 0.000000000000000000e+00 1.000000000000000000e+00
9.162774085998535156e-01 3.880296945571899414e-01 9.934075176715850830e-02 -8.942931145429611206e-02
-2.340921610593795776e-01 3.175251185894012451e-01 9.189004302024841309e-01 -2.927104532718658447e-01
3.250176310539245605e-01 -8.652227520942687988e-01 3.817759156227111816e-01 -1.220751106739044189e-01
0.000000000000000000e+00 0.000000000000000000e+00 0.000000000000000000e+00 1.000000000000000000e+00
8.691601157188415527e-01 4.855378270149230957e-01 9.388194978237152100e-02 -8.576893061399459839e-02
-2.868651449680328369e-01 3.403728604316711426e-01 8.954632878303527832e-01 -2.812811732292175293e-01
4.028265774250030518e-01 -8.052324652671813965e-01 4.351224601268768311e-01 -1.479735076427459717e-01
0.000000000000000000e+00 0.000000000000000000e+00 0.000000000000000000e+00 1.000000000000000000e+00
8.328470587730407715e-01 5.494753718376159668e-01 6.665564328432083130e-02 -7.509241998195648193e-02
-3.418019413948059082e-01 4.158405363559722900e-01 8.427621126174926758e-01 -2.612744271755218506e-01
4.353588819503784180e-01 -7.246748805046081543e-01 5.341432690620422363e-01 -1.839926242828369141e-01
0.000000000000000000e+00 0.000000000000000000e+00 0.000000000000000000e+00 1.000000000000000000e+00
8.002936840057373047e-01 5.973415374755859375e-01 5.208789557218551636e-02 -6.848658621311187744e-02
-4.275244772434234619e-01 5.075477957725524902e-01 7.480762600898742676e-01 -2.242291271686553955e-01
4.204199016094207764e-01 -6.209493875503540039e-01 6.615654230117797852e-01 -2.257324457168579102e-01
0.000000000000000000e+00 0.000000000000000000e+00 0.000000000000000000e+00 1.000000000000000000e+00
7.719196677207946777e-01 6.352161169052124023e-01 2.530927397310733795e-02 -5.824786797165870667e-02
-5.079995989799499512e-01 5.924116969108581543e-01 6.252878308296203613e-01 -1.782107800245285034e-01
3.821992278099060059e-01 -4.955289065837860107e-01 7.799838185310363770e-01 -2.621974349021911621e-01
0.000000000000000000e+00 0.000000000000000000e+00 0.000000000000000000e+00 1.000000000000000000e+00
7.514699101448059082e-01 6.596249938011169434e-01 1.371036935597658157e-02 -5.350570380687713623e-02
-5.663368701934814453e-01 6.342533826828002930e-01 5.262935161590576172e-01 -1.413940340280532837e-01
3.384606242179870605e-01 -4.032583534717559814e-01 8.501923084259033203e-01 -2.830767631530761719e-01
0.000000000000000000e+00 0.000000000000000000e+00 0.000000000000000000e+00 1.000000000000000000e+00
6.479527950286865234e-01 7.615982890129089355e-01 1.118567492812871933e-02 -4.541947320103645325e-02
-6.789026856422424316e-01 5.708144903182983398e-01 4.618022739887237549e-01 -1.119513362646102905e-01
3.453230857849121094e-01 -3.068200349807739258e-01 8.869124650955200195e-01 -2.973056733608245850e-01
0.000000000000000000e+00 0.000000000000000000e+00 0.000000000000000000e+00 1.000000000000000000e+00
5.864213109016418457e-01 8.095133304595947266e-01 -2.825318649411201477e-02 -2.794489823281764984e-02
-7.375593781471252441e-01 5.480656027793884277e-01 3.944996297359466553e-01 -8.504154533147811890e-02
3.348374366760253906e-01 -2.105044871568679810e-01 9.184614419937133789e-01 -3.084642291069030762e-01
0.000000000000000000e+00 0.000000000000000000e+00 0.000000000000000000e+00 1.000000000000000000e+00
5.358749628067016602e-01 8.421450853347778320e-01 -6.024589762091636658e-02 -1.307895313948392868e-02
-7.838114500045776367e-01 5.227383375167846680e-01 3.352375924587249756e-01 -6.108357012271881104e-02
3.138115704059600830e-01 -1.324239373207092285e-01 9.402055740356445312e-01 -3.146246075630187988e-01
0.000000000000000000e+00 0.000000000000000000e+00 0.000000000000000000e+00 1.000000000000000000e+00
5.033251047134399414e-01 8.552730679512023926e-01 -1.231738552451133728e-01 1.110518816858530045e-02
-8.185954689979553223e-01 5.175984501838684082e-01 2.489841729402542114e-01 -2.976543270051479340e-02
2.767040431499481201e-01 -2.449040859937667847e-02 9.606431126594543457e-01 -3.197720050811767578e-01
0.000000000000000000e+00 0.000000000000000000e+00 0.000000000000000000e+00 1.000000000000000000e+00
4.316599965095520020e-01 8.848545551300048828e-01 -1.752192676067352295e-01 3.420100733637809753e-02
-8.605740070343017578e-01 4.621898829936981201e-01 2.139914184808731079e-01 -1.457149535417556763e-02
2.703358829021453857e-01 5.841767415404319763e-02 9.609920382499694824e-01 -3.195486962795257568e-01
0.000000000000000000e+00 0.000000000000000000e+00 0.000000000000000000e+00 1.000000000000000000e+00
3.548935055732727051e-01 8.949643969535827637e-01 -2.703497111797332764e-01 7.269016653299331665e-02
-8.929269909858703613e-01 4.101561307907104492e-01 1.856159567832946777e-01 -2.468705642968416214e-03
2.770052254199981689e-01 1.755286455154418945e-01 9.446997046470642090e-01 -3.143894076347351074e-01
0.000000000000000000e+00 0.000000000000000000e+00 0.000000000000000000e+00 1.000000000000000000e+00
2.911625802516937256e-01 8.813077807426452637e-01 -3.721836805343627930e-01 1.109901666641235352e-01
-9.131256341934204102e-01 3.720564246177673340e-01 1.666603684425354004e-01 5.531698465347290039e-03
2.853524386882781982e-01 2.913251519203186035e-01 9.130736589431762695e-01 -3.047296404838562012e-01
0.000000000000000000e+00 0.000000000000000000e+00 0.000000000000000000e+00 1.000000000000000000e+00
2.659587264060974121e-01 8.511174321174621582e-01 -4.526198506355285645e-01 1.386504024267196655e-01
-9.335490465164184570e-01 3.444570899009704590e-01 9.917370229959487915e-02 2.937524765729904175e-02
2.403165698051452637e-01 3.961667418479919434e-01 8.861714005470275879e-01 -2.921470701694488525e-01
0.000000000000000000e+00 0.000000000000000000e+00 0.000000000000000000e+00 1.000000000000000000e+00
1.779156774282455444e-01 7.716285586357116699e-01 -6.106847524642944336e-01 1.963984072208404541e-01
-9.610447287559509277e-01 2.696421742439270020e-01 6.071654707193374634e-02 4.303523525595664978e-02
2.115170359611511230e-01 5.760927796363830566e-01 7.895427346229553223e-01 -2.586341202259063721e-01
0.000000000000000000e+00 0.000000000000000000e+00 0.000000000000000000e+00 1.000000000000000000e+00
1.371835321187973022e-01 6.741247177124023438e-01 -7.257662415504455566e-01 2.368127405643463135e-01
-9.735069274902343750e-01 2.270696163177490234e-01 2.690138667821884155e-02 5.446130782365798950e-02
1.829343289136886597e-01 7.028479576110839844e-01 6.874151825904846191e-01 -2.238957285881042480e-01
0.000000000000000000e+00 0.000000000000000000e+00 0.000000000000000000e+00 1.000000000000000000e+00
1.115766540169715881e-01 5.760332345962524414e-01 -8.097753524780273438e-01 2.652286291122436523e-01
-9.837526679039001465e-01 1.793523132801055908e-01 -7.966305129230022430e-03 6.624154001474380493e-02
1.406462192535400391e-01 7.975077033042907715e-01 5.866858363151550293e-01 -1.889754980802536011e-01
0.000000000000000000e+00 0.000000000000000000e+00 0.000000000000000000e+00 1.000000000000000000e+00
7.849683612585067749e-02 5.057184696197509766e-01 -8.591198325157165527e-01 2.836737632751464844e-01
-9.908540248870849609e-01 1.344566196203231812e-01 -1.138564571738243103e-02 6.783747673034667969e-02
1.097564175724983215e-01 8.521560430526733398e-01 5.116475820541381836e-01 -1.628512293100357056e-01
0.000000000000000000e+00 0.000000000000000000e+00 0.000000000000000000e+00 1.000000000000000000e+00
1.540320068597793579e-01 5.085538029670715332e-01 -8.471405506134033203e-01 2.730458676815032959e-01
-9.877967834472656250e-01 9.926233440637588501e-02 -1.200179010629653931e-01 1.032165512442588806e-01
2.305355668067932129e-02 8.552893400192260742e-01 5.176374912261962891e-01 -1.577492952346801758e-01
0.000000000000000000e+00 0.000000000000000000e+00 0.000000000000000000e+00 1.000000000000000000e+00
2.627568840980529785e-01 5.726029872894287109e-01 -7.765851020812988281e-01 2.424817979335784912e-01
-9.596887826919555664e-01 7.186343520879745483e-02 -2.717224955558776855e-01 1.498375236988067627e-01
-9.978095442056655884e-02 8.166770935058593750e-01 5.684033632278442383e-01 -1.636651754379272461e-01
0.000000000000000000e+00 0.000000000000000000e+00 0.000000000000000000e+00 1.000000000000000000e+00
3.187267780303955078e-01 6.150228381156921387e-01 -7.212215065956115723e-01 2.215407490730285645e-01
-9.290969967842102051e-01 5.212269350886344910e-02 -3.661446571350097656e-01 1.772596389055252075e-01
-1.875953078269958496e-01 7.867847681045532227e-01 5.880286693572998047e-01 -1.635990440845489502e-01
0.000000000000000000e+00 0.000000000000000000e+00 0.000000000000000000e+00 1.000000000000000000e+00
3.671971261501312256e-01 6.364834308624267578e-01 -6.782737374305725098e-01 2.043661624193191528e-01
-8.882902860641479492e-01 2.368103340268135071e-02 -4.586717784404754639e-01 2.031257897615432739e-01
-2.758747041225433350e-01 7.709268927574157715e-01 5.740776062011718750e-01 -1.520135402679443359e-01
0.000000000000000000e+00 0.000000000000000000e+00 0.000000000000000000e+00 1.000000000000000000e+00
4.229293167591094971e-01 6.352026462554931641e-01 -6.462573409080505371e-01 1.894196122884750366e-01
-8.377949595451354980e-01 2.336781006306409836e-03 -5.459802746772766113e-01 2.263083606958389282e-01
-3.452978134155273438e-01 7.723420858383178711e-01 5.331577062606811523e-01 -1.324490010738372803e-01
0.000000000000000000e+00 0.000000000000000000e+00 0.000000000000000000e+00 1.000000000000000000e+00
5.213499665260314941e-01 6.389772891998291016e-01 -5.655989050865173340e-01 1.578564941883087158e-01
-7.291393280029296875e-01 -1.078507304191589355e-02 -6.842803359031677246e-01 2.589874863624572754e-01
-4.433396160602569580e-01 7.691500186920166016e-01 4.602807164192199707e-01 -9.907589852809906006e-02
0.000000000000000000e+00 0.000000000000000000e+00 0.000000000000000000e+00 1.000000000000000000e+00
6.419605612754821777e-01 6.555000543594360352e-01 -3.977512717247009277e-01 9.571326524019241333e-02
-5.769200921058654785e-01 7.126713544130325317e-02 -8.136852979660034180e-01 2.908056080341339111e-01
-5.050244331359863281e-01 7.518246769905090332e-01 4.239220321178436279e-01 -8.052595704793930054e-02
0.000000000000000000e+00 0.000000000000000000e+00 0.000000000000000000e+00 1.000000000000000000e+00
6.351799964904785156e-01 7.214891314506530762e-01 -2.756808400154113770e-01 6.162640452384948730e-02
-4.908600151538848877e-01 1.015073582530021667e-01 -8.653049468994140625e-01 3.008358478546142578e-01
-5.963245034217834473e-01 6.849450469017028809e-01 4.186256229877471924e-01 -7.369325309991836548e-02
0.000000000000000000e+00 0.000000000000000000e+00 0.000000000000000000e+00 1.000000000000000000e+00
6.133577823638916016e-01 7.633804082870483398e-01 -2.025900632143020630e-01 4.419297724962234497e-02
-3.799427151679992676e-01 6.031301617622375488e-02 -9.230415821075439453e-01 3.117015063762664795e-01
-6.924130320549011230e-01 6.431272625923156738e-01 3.270342350006103516e-01 -4.321979731321334839e-02
0.000000000000000000e+00 0.000000000000000000e+00 0.000000000000000000e+00 1.000000000000000000e+00
4.703885614871978760e-01 8.799760341644287109e-01 -6.615779548883438110e-02 1.745685935020446777e-02
-2.004860937595367432e-01 3.355752676725387573e-02 -9.791216850280761719e-01 3.189189732074737549e-01
-8.593834638595581055e-01 4.738312959671020508e-01 1.922080218791961670e-01 -1.280354801565408707e-03
0.000000000000000000e+00 0.000000000000000000e+00 0.000000000000000000e+00 1.000000000000000000e+00
3.296346366405487061e-01 9.400357007980346680e-01 8.760086447000503540e-02 -2.501565404236316681e-02
-2.430710196495056152e-01 1.741607785224914551e-01 -9.542455077171325684e-01 3.207831680774688721e-01
-9.122813940048217773e-01 2.932590842247009277e-01 2.859048545360565186e-01 -3.560301661491394043e-02
0.000000000000000000e+00 0.000000000000000000e+00 0.000000000000000000e+00 1.000000000000000000e+00
3.299996554851531982e-01 9.429935812950134277e-01 -4.316378757357597351e-02 1.821063272655010223e-02
-3.626053631305694580e-01 8.441086858510971069e-02 -9.281120896339416504e-01 3.148532211780548096e-01
-8.715603351593017578e-01 3.219280838966369629e-01 3.697901964187622070e-01 -6.054235249757766724e-02
0.000000000000000000e+00 0.000000000000000000e+00 0.000000000000000000e+00 1.000000000000000000e+00
2.977468371391296387e-01 9.539426565170288086e-01 -3.660881891846656799e-02 2.253037318587303162e-02
-4.539876282215118408e-01 1.077570542693138123e-01 -8.844680190086364746e-01 3.048807084560394287e-01
-8.397868871688842773e-01 2.799675166606903076e-01 4.651624858379364014e-01 -9.408099204301834106e-02
0.000000000000000000e+00 0.000000000000000000e+00 0.000000000000000000e+00 1.000000000000000000e+00
1.889339089393615723e-01 9.800166487693786621e-01 -6.221929565072059631e-02 3.575293719768524170e-02
-4.734881818294525146e-01 3.540709987282752991e-02 -8.800880908966064453e-01 3.034700155258178711e-01
-8.602980971336364746e-01 1.957385092973709106e-01 4.707159996032714844e-01 -9.703537821769714355e-02
