0.1939801722764969 0.9688152670860291 -0.1541713029146194 0.05157817900180817 
-0.9726410508155823 0.2104149758815765 0.09846301376819611 -0.002605671063065529 
0.1278324127197266 0.1308534741401672 0.9831257462501526 -0.301779717206955 
0 0 0 1 

0.1149057820439339 0.9816718697547913 -0.1520430743694305 0.05293542146682739 
-0.9702574610710144 0.1437378525733948 0.1947819739580154 -0.0354980006814003 
0.2130663245916367 0.1251393407583237 0.968990683555603 -0.2989320456981659 
0 0 0 1 

0.2705750465393066 0.9514319896697998 -0.1468543112277985 0.04793843999505043 
-0.9384564161300659 0.2946920692920685 0.180155485868454 -0.02806072868406773 
0.2146824896335602 0.08907081931829453 0.9726139307022095 -0.2953922152519226 
0 0 0 1 

0.3607874512672424 0.9152383208274841 -0.1793629676103592 0.05485109612345695 
-0.9295489192008972 0.3685410916805267 0.01077926438301802 0.03107792511582375 
0.07596820592880249 0.1628376394510269 0.9837239384651184 -0.2912079393863678 
0 0 0 1 

0.4020050168037415 0.8957784175872803 -0.1896652728319168 0.05609781667590141 
-0.915494441986084 0.3968851566314697 -0.0659697949886322 0.05696918442845345 
0.01618100889027119 0.2001577019691467 0.9796301126480103 -0.2864364683628082 
0 0 0 1 

0.4615740776062012 0.8578465580940247 -0.225939080119133 0.06342066824436188 
-0.8861010670661926 0.4337556958198547 -0.1633424609899521 0.08682451397180557 
-0.04212044179439545 0.2755995392799377 0.9603492617607117 -0.2753846049308777 
0 0 0 1 

0.3549541532993317 0.8926362991333008 -0.2778631746768951 0.07488040626049042 
-0.8927385807037354 0.4118686318397522 0.182707354426384 -0.001578228897415102 
0.2775343358516693 0.1832064688205719 0.9430853724479675 -0.3138761222362518 
0 0 0 1 

0.289105236530304 0.8798417448997498 -0.3772219717502594 0.1121222525835037 
-0.9131593108177185 0.371734619140625 0.1671919822692871 0.005104877986013889 
0.2873289287090302 0.2961277663707733 0.9109063744544983 -0.304086446762085 
0 0 0 1 

0.2657524943351746 0.8495985865592957 -0.4555851519107819 0.1390151083469391 
-0.9338744282722473 0.3441713452339172 0.09707970917224884 0.03014161996543407 
0.2392781227827072 0.3996601998806 0.8848828673362732 -0.2917404472827911 
0 0 0 1 

0.2067054212093353 0.8158438801765442 -0.5400662422180176 0.1714142113924026 
-0.957863450050354 0.281253308057785 0.05825810506939888 0.04306624829769135 
0.1994249820709229 0.5052675604820251 0.8396039605140686 -0.2751437723636627 
0 0 0 1 

