0.6853630542755127 0.5024611949920654 -0.5270769000053406 0.1319865584373474 
-0.0962555930018425 0.7799648642539978 0.6183765530586243 -0.1696044653654099 
0.7218117117881775 -0.3730782866477966 0.5829238295555115 -0.2065266221761703 
0 0 0 1 

0.7089499235153198 0.5082157850265503 -0.4889853596687317 0.1189462542533875 
-0.03868864849209785 0.7203229665756226 0.6925590038299561 -0.1986735463142395 
0.7041968107223511 -0.4720714390277863 0.5303351283073425 -0.1899404078722 
0 0 0 1 

0.7090742588043213 0.5196141004562378 -0.4766704440116882 0.1147494614124298 
0.01301886979490519 0.6662377119064331 0.7456256747245789 -0.2204869836568832 
0.7050135135650635 -0.5349096655845642 0.4656472206115723 -0.1716230660676956 
0 0 0 1 

0.76016765832901 0.4925830364227295 -0.4236827492713928 0.09489725530147552 
0.06018484011292458 0.5959055423736572 0.8007960319519043 -0.2427900731563568 
0.6469334363937378 -0.6342384815216064 0.4233420789241791 -0.1584981679916382 
0 0 0 1 

0.8358275294303894 0.4264642000198364 -0.3457174599170685 0.06517225503921509 
0.09988550096750259 0.5010879635810852 0.8596124649047852 -0.2687038779258728 
0.5398288369178772 -0.7530199289321899 0.3762255311012268 -0.1410262286663055 
0 0 0 1 

0.8825129866600037 -0.4692860841751099 -0.03068091161549091 -0.06282907724380493 
0.4430422782897949 0.8077316284179688 0.3889510631561279 -0.1759568899869919 
-0.1577474921941757 -0.3568472862243652 0.9207473397254944 -0.2993650138378143 
0 0 0 1 

0.8393911719322205 -0.537722647190094 -0.07922583073377609 -0.04492731392383575 
0.511923611164093 0.7331605553627014 0.4476713836193085 -0.2045946568250656 
-0.1826379001140594 -0.4163289368152618 0.8906815052032471 -0.2900733351707458 
0 0 0 1 

0.804440438747406 -0.5822157263755798 -0.1178999543190002 -0.03120873682200909 
0.5545246005058289 0.6648257374763489 0.5005088448524475 -0.2294528484344482 
-0.2130212187767029 -0.4680079519748688 0.8576657176017761 -0.2789496183395386 
0 0 0 1 

0.7611173391342163 -0.6243628263473511 -0.1757023930549622 -0.01476562861353159 
0.6090891361236572 0.5948959589004517 0.5245084166526794 -0.2449324876070023 
-0.2229589819908142 -0.506230890750885 0.8330783843994141 -0.2736475765705109 
0 0 0 1 

0.8330554962158203 -0.551637589931488 -0.04140377044677734 -0.06454257667064667 
0.5186410546302795 0.7528027296066284 0.4053382575511932 -0.182012677192688 
-0.1924311071634293 -0.3591428995132446 0.9132285714149475 -0.2961925268173218 
0 0 0 1 

