1.000000000000000000e+00 0.000000000000000000e+00 0.000000000000000000e+00 -4.255350477121360719e-01
0.000000000000000000e+00 -1.000000000000000000e+00 0.000000000000000000e+00 3.076616963927396031e-01
0.000000000000000000e+00 0.000000000000000000e+00 -1.000000000000000000e+00 -5.117628744684824760e+00
0.000000000000000000e+00 0.000000000000000000e+00 0.000000000000000000e+00 1.000000000000000000e+00
9.870225787162780762e-01 -5.332371219992637634e-02 1.514689326286315918e-01 4.237219143136195521e-01
-5.662941560149192810e-02 -9.982402920722961426e-01 1.759187690913677216e-02 3.602419047514428541e-01
1.502643078565597534e-01 -2.594122476875782013e-02 -9.883053898811340332e-01 -5.072114019882679514e+00
0.000000000000000000e+00 0.000000000000000000e+00 0.000000000000000000e+00 1.000000000000000000e+00
9.545972943305969238e-01 -6.516753882169723511e-02 2.906838059425354004e-01 1.174722661118859923e+00
-7.368645071983337402e-02 -9.971108436584472656e-01 1.844482682645320892e-02 3.734531449845504558e-01
2.886419594287872314e-01 -3.902687877416610718e-02 -9.566411972045898438e-01 -4.890596778398709432e+00
0.000000000000000000e+00 0.000000000000000000e+00 0.000000000000000000e+00 1.000000000000000000e+00
9.960419535636901855e-01 -4.306287690997123718e-02 7.775598019361495972e-02 3.295805281177708462e-02
-4.262797161936759949e-02 -9.990647435188293457e-01 -7.245138753205537796e-03 2.420000323647052698e-01
7.799525558948516846e-02 3.901828546077013016e-03 -9.969460368156433105e-01 -4.962151549504365100e+00
0.000000000000000000e+00 0.000000000000000000e+00 0.000000000000000000e+00 1.000000000000000000e+00
9.860828518867492676e-01 -5.514695122838020325e-02 1.568413376808166504e-01 4.758597440627142516e-01
-5.021929368376731873e-02 -9.981172680854797363e-01 -3.521210700273513794e-02 1.409179213357009963e-01
1.584879159927368164e-01 2.684554643929004669e-02 -9.869958162307739258e-01 -4.904072349585520740e+00
0.000000000000000000e+00 0.000000000000000000e+00 0.000000000000000000e+00 1.000000000000000000e+00
-2.648345232009887695e-01 -7.838809490203857422e-02 9.611026644706726074e-01 5.174260701458782918e+00
-4.028339684009552002e-02 -9.949207901954650879e-01 -9.224656969308853149e-02 -9.835733241315090802e-02
9.634521007537841797e-01 -6.314654648303985596e-02 2.603318095207214355e-01 1.366300424477491005e+00
0.000000000000000000e+00 0.000000000000000000e+00 0.000000000000000000e+00 1.000000000000000000e+00
-3.079376220703125000e-01 -9.380186349153518677e-02 9.467717409133911133e-01 5.042858505657098256e+00
-2.325008995831012726e-02 -9.940887689590454102e-01 -1.060519516468048096e-01 -1.117436441608196246e-01
9.511219859123229980e-01 -5.466991662979125977e-02 3.039366304874420166e-01 1.662766264342811828e+00
0.000000000000000000e+00 0.000000000000000000e+00 0.000000000000000000e+00 1.000000000000000000e+00
-3.223164975643157959e-01 -9.061999619007110596e-02 9.422842264175415039e-01 4.929367522101330223e+00
-2.777244709432125092e-02 -9.940731525421142578e-01 -1.051004156470298767e-01 -5.659154125674937391e-02
9.462238550186157227e-01 -6.004516780376434326e-02 3.178896903991699219e-01 1.815384578148220074e+00
0.000000000000000000e+00 0.000000000000000000e+00 0.000000000000000000e+00 1.000000000000000000e+00
-2.893722951412200928e-01 -8.407686650753021240e-02 9.535170197486877441e-01 4.886845605034716655e+00
-3.337945044040679932e-02 -9.946430325508117676e-01 -9.783310443162918091e-02 6.666108561452931472e-03
9.566339850425720215e-01 -6.013807281851768494e-02 2.850157320499420166e-01 1.734497223016032263e+00
0.000000000000000000e+00 0.000000000000000000e+00 0.000000000000000000e+00 1.000000000000000000e+00
-2.543392479419708252e-01 -8.062411844730377197e-02 9.637480974197387695e-01 4.857438154005175868e+00
-5.813390761613845825e-02 -9.934428930282592773e-01 -9.845025092363357544e-02 2.445629609711943986e-02
9.653660655021667480e-01 -8.106622844934463501e-02 2.479843944311141968e-01 1.657226078026234228e+00
0.000000000000000000e+00 0.000000000000000000e+00 0.000000000000000000e+00 1.000000000000000000e+00
-2.501945495605468750e-01 -6.103206053376197815e-02 9.662697911262512207e-01 4.783325091800213258e+00
-7.909511029720306396e-02 -9.933864474296569824e-01 -8.322476595640182495e-02 1.379371545720233516e-01
9.649595618247985840e-01 -9.724972397089004517e-02 2.437126785516738892e-01 1.738170178253380938e+00
0.000000000000000000e+00 0.000000000000000000e+00 0.000000000000000000e+00 1.000000000000000000e+00
-2.352948337793350220e-01 -4.937458783388137817e-02 9.706689119338989258e-01 4.747334416117731770e+00
-1.010852307081222534e-01 -9.920494556427001953e-01 -7.496574521064758301e-02 2.258304828344783466e-01
9.666533470153808594e-01 -1.157593503594398499e-01 2.284332066774368286e-01 1.760294217776449122e+00
0.000000000000000000e+00 0.000000000000000000e+00 0.000000000000000000e+00 1.000000000000000000e+00
-2.266310304403305054e-01 -6.221718713641166687e-02 9.719914197921752930e-01 4.741144835759891762e+00
-1.052694395184516907e-01 -9.905468821525573730e-01 -8.794973045587539673e-02 2.041615821270312547e-01
9.682746529579162598e-01 -1.222531199455261230e-01 2.179392427206039429e-01 1.783855535159248884e+00
0.000000000000000000e+00 0.000000000000000000e+00 0.000000000000000000e+00 1.000000000000000000e+00
-2.124809324741363525e-01 -5.676493793725967407e-02 9.755151271820068359e-01 4.750977609941640090e+00
-1.359511911869049072e-01 -9.868845343589782715e-01 -8.703855425119400024e-02 2.573594266187381741e-01
9.676620960235595703e-01 -1.511165499687194824e-01 2.019767314195632935e-01 1.791944687332255759e+00
0.000000000000000000e+00 0.000000000000000000e+00 0.000000000000000000e+00 1.000000000000000000e+00
-1.923334151506423950e-01 -6.360106915235519409e-02 9.792664647102355957e-01 4.774128021409544509e+00
-1.509370654821395874e-01 -9.841058850288391113e-01 -9.356025606393814087e-02 2.588250026224158118e-01
9.696523547172546387e-01 -1.658023446798324585e-01 1.796765923500061035e-01 1.772026762182787651e+00
0.000000000000000000e+00 0.000000000000000000e+00 0.000000000000000000e+00 1.000000000000000000e+00
-1.973116993904113770e-01 -6.027277559041976929e-02 9.784862399101257324e-01 4.753604153882436734e+00
-1.744350343942642212e-01 -9.800228476524353027e-01 -9.554218500852584839e-02 2.787099670064991930e-01
9.646972417831420898e-01 -1.895337551832199097e-01 1.828563213348388672e-01 1.901334151297138453e+00
0.000000000000000000e+00 0.000000000000000000e+00 0.000000000000000000e+00 1.000000000000000000e+00
-1.754632443189620972e-01 -6.481579691171646118e-02 9.823502302169799805e-01 4.781212428264814740e+00
-1.847405284643173218e-01 -9.779366254806518555e-01 -9.752213209867477417e-02 3.096149627579882768e-01
9.669975638389587402e-01 -1.985914707183837891e-01 1.596177816390991211e-01 1.907199530657904374e+00
0.000000000000000000e+00 0.000000000000000000e+00 0.000000000000000000e+00 1.000000000000000000e+00
-1.482693254947662354e-01 -5.105330795049667358e-02 9.876281023025512695e-01 4.795662983355922115e+00
-2.121441215276718140e-01 -9.737763404846191406e-01 -8.218571543693542480e-02 4.033320664053378635e-01
9.659252166748046875e-01 -2.217051833868026733e-01 1.335505694150924683e-01 1.902366078705816532e+00
0.000000000000000000e+00 0.000000000000000000e+00 0.000000000000000000e+00 1.000000000000000000e+00
-6.205799803137779236e-02 -8.177927881479263306e-02 9.947165250778198242e-01 4.935247186940546982e+00
-2.304302155971527100e-01 -9.685381650924682617e-01 -9.400300681591033936e-02 3.429751511123925178e-01
9.711084961891174316e-01 -2.350464016199111938e-01 4.126091301441192627e-02 1.697184942167389687e+00
0.000000000000000000e+00 0.000000000000000000e+00 0.000000000000000000e+00 1.000000000000000000e+00
-2.329438552260398865e-02 -1.316628754138946533e-01 9.910200834274291992e-01 5.134280805918796098e+00
-2.425157427787780762e-01 -9.609361886978149414e-01 -1.333665400743484497e-01 1.472183381574270200e-01
9.698675870895385742e-01 -2.434448897838592529e-01 -9.545879438519477844e-03 1.788108242730409803e+00
0.000000000000000000e+00 0.000000000000000000e+00 0.000000000000000000e+00 1.000000000000000000e+00
1.829751953482627869e-02 -1.453289538621902466e-01 9.892138838768005371e-01 5.287209630471095601e+00
-2.702827751636505127e-01 -9.532620310783386230e-01 -1.350478231906890869e-01 1.722703799382612755e-01
9.626067876815795898e-01 -2.648965716361999512e-01 -5.672233179211616516e-02 1.595979073260830328e+00
0.000000000000000000e+00 0.000000000000000000e+00 0.000000000000000000e+00 1.000000000000000000e+00
-3.670555725693702698e-02 -1.798755526542663574e-01 9.830043911933898926e-01 5.129170969640561850e+00
-2.063094377517700195e-01 -9.611125588417053223e-01 -1.835733205080032349e-01 -1.304130780164775572e-01
9.777978062629699707e-01 -2.095413357019424438e-01 -1.831943169236183167e-03 1.722706346239351483e+00
0.000000000000000000e+00 0.000000000000000000e+00 0.000000000000000000e+00 1.000000000000000000e+00
-6.186404824256896973e-02 -1.904560029506683350e-01 9.797444939613342285e-01 5.033321361515520564e+00
-1.654797941446304321e-01 -9.660814404487609863e-01 -1.982489824295043945e-01 -2.120890734030600189e-01
9.842707514762878418e-01 -1.743923872709274292e-01 2.824926562607288361e-02 1.792939512178845396e+00
0.000000000000000000e+00 0.000000000000000000e+00 0.000000000000000000e+00 1.000000000000000000e+00
-3.552563115954399109e-02 -2.582781016826629639e-01 9.654179811477661133e-01 4.797055023867224932e+00
-6.946951895952224731e-02 -9.630515575408935547e-01 -2.602013945579528809e-01 -6.300690530628524355e-01
9.969509840011596680e-01 -7.631110399961471558e-02 1.627102680504322052e-02 1.489314961129365233e+00
0.000000000000000000e+00 0.000000000000000000e+00 0.000000000000000000e+00 1.000000000000000000e+00
-3.419740498065948486e-02 -3.171198666095733643e-01 9.477688670158386230e-01 4.522409557903172228e+00
-3.111128509044647217e-02 -9.475257396697998047e-01 -3.181611597537994385e-01 -1.037030340618844138e+00
9.989311099052429199e-01 -4.036659747362136841e-02 2.253693714737892151e-02 1.378504488877431378e+00
0.000000000000000000e+00 0.000000000000000000e+00 0.000000000000000000e+00 1.000000000000000000e+00
-1.063631288707256317e-02 -3.891158998012542725e-01 9.211271405220031738e-01 4.288525720605464997e+00
7.175094913691282272e-03 -9.211854338645935059e-01 -3.890573978424072266e-01 -1.406287736727677373e+00
9.999174475669860840e-01 2.470980631187558174e-03 1.258991658687591553e-02 1.260513480404815700e+00
0.000000000000000000e+00 0.000000000000000000e+00 0.000000000000000000e+00 1.000000000000000000e+00
6.776414811611175537e-02 -4.325678646564483643e-01 8.990510702133178711e-01 4.145414987937616758e+00
5.573371425271034241e-02 -8.980740904808044434e-01 -4.362985193729400635e-01 -1.638772589184279482e+00
9.961435198783874512e-01 7.967281341552734375e-02 -3.674860671162605286e-02 9.607588059449458928e-01
0.000000000000000000e+00 0.000000000000000000e+00 0.000000000000000000e+00 1.000000000000000000e+00
3.526082932949066162e-01 -4.416272640228271484e-01 8.250045776367187500e-01 3.883075668021603644e+00
1.174513325095176697e-01 -8.537722229957580566e-01 -5.072253346443176270e-01 -2.003026893284416410e+00
9.283710122108459473e-01 2.757498919963836670e-01 -2.491775602102279663e-01 -8.999402359707725507e-02
0.000000000000000000e+00 0.000000000000000000e+00 0.000000000000000000e+00 1.000000000000000000e+00
4.655567407608032227e-01 -4.421521127223968506e-01 7.666541337966918945e-01 3.628553282550332160e+00
1.408819109201431274e-01 -8.181870579719543457e-01 -5.574243068695068359e-01 -2.254107668905479755e+00
8.737329244613647461e-01 3.675202727317810059e-01 -3.186213672161102295e-01 -4.542267134707035914e-01
0.000000000000000000e+00 0.000000000000000000e+00 0.000000000000000000e+00 1.000000000000000000e+00
4.924955666065216064e-01 -4.789240062236785889e-01 7.266907095909118652e-01 3.382250602652358662e+00
1.650259643793106079e-01 -7.684381008148193359e-01 -6.182796359062194824e-01 -2.522867716157050300e+00
8.545258045196533203e-01 4.244228005409240723e-01 -2.994174063205718994e-01 -4.089359929070509603e-01
0.000000000000000000e+00 0.000000000000000000e+00 0.000000000000000000e+00 1.000000000000000000e+00
5.144330859184265137e-01 -4.928457140922546387e-01 7.017561197280883789e-01 3.193062456058925580e+00
1.627666056156158447e-01 -7.473502755165100098e-01 -6.441850662231445312e-01 -2.645769853870832300e+00
8.419415354728698730e-01 4.456125795841217041e-01 -3.042428493499755859e-01 -4.556928102991164575e-01
0.000000000000000000e+00 0.000000000000000000e+00 0.000000000000000000e+00 1.000000000000000000e+00
5.307376980781555176e-01 -5.004019737243652344e-01 6.840434074401855469e-01 3.035491446238246294e+00
1.799891740083694458e-01 -7.221394181251525879e-01 -6.679206490516662598e-01 -2.733033889446686349e+00
8.282039165496826172e-01 4.776113331317901611e-01 -2.931997179985046387e-01 -4.398697332236874979e-01
0.000000000000000000e+00 0.000000000000000000e+00 0.000000000000000000e+00 1.000000000000000000e+00
5.228152871131896973e-01 -5.402182340621948242e-01 6.594151854515075684e-01 2.840432166410781889e+00
1.816877722740173340e-01 -6.851652264595031738e-01 -7.053636908531188965e-01 -2.877445791110134099e+00
8.328587412834167480e-01 4.885827898979187012e-01 -2.600636482238769531e-01 -3.463145068642739521e-01
0.000000000000000000e+00 0.000000000000000000e+00 0.000000000000000000e+00 1.000000000000000000e+00
5.316933393478393555e-01 -5.850073099136352539e-01 6.124280691146850586e-01 2.512175085504082972e+00
1.475975364446640015e-01 -6.480414271354675293e-01 -7.471659183502197266e-01 -3.021166831162926059e+00
8.339765667915344238e-01 4.876562058925628662e-01 -2.582137584686279297e-01 -4.350857348202658570e-01
0.000000000000000000e+00 0.000000000000000000e+00 0.000000000000000000e+00 1.000000000000000000e+00
5.459300279617309570e-01 -5.947400927543640137e-01 5.901219248771667480e-01 2.368910387124038230e+00
1.388827562332153320e-01 -6.303619742393493652e-01 -7.637769579887390137e-01 -3.060923317692689327e+00
8.262391686439514160e-01 4.989266991615295410e-01 -2.615344226360321045e-01 -5.055393584298170095e-01
0.000000000000000000e+00 0.000000000000000000e+00 0.000000000000000000e+00 1.000000000000000000e+00
5.764886140823364258e-01 -6.247115135192871094e-01 5.266845226287841797e-01 2.026577348116730626e+00
1.269698292016983032e-01 -5.682564973831176758e-01 -8.129966855049133301e-01 -3.205064985722100968e+00
8.071800470352172852e-01 5.355563163757324219e-01 -2.482738345861434937e-01 -5.680363425597031446e-01
0.000000000000000000e+00 0.000000000000000000e+00 0.000000000000000000e+00 1.000000000000000000e+00
3.997055888175964355e-01 -7.639082670211791992e-01 5.066363215446472168e-01 1.892973204539327492e+00
1.008845940232276917e-01 -5.126889944076538086e-01 -8.526266813278198242e-01 -3.289652279773156440e+00
9.110754728317260742e-01 3.919114470481872559e-01 -1.278581172227859497e-01 -2.390908925607246049e-01
0.000000000000000000e+00 0.000000000000000000e+00 0.000000000000000000e+00 1.000000000000000000e+00
4.879955351352691650e-01 -7.595453858375549316e-01 4.300594031810760498e-01 1.546768602462314846e+00
2.487146668136119843e-02 -4.804088175296783447e-01 -8.766916990280151367e-01 -3.277114391519130088e+00
8.724915385246276855e-01 4.385178685188293457e-01 -2.155464142560958862e-01 -6.347918377363709341e-01
0.000000000000000000e+00 0.000000000000000000e+00 0.000000000000000000e+00 1.000000000000000000e+00
5.756977200508117676e-01 -7.392567396163940430e-01 3.493873476982116699e-01 1.283362236669764345e+00
-3.595013171434402466e-02 -4.497713446617126465e-01 -8.924199938774108887e-01 -3.227662826947134800e+00
8.168721199035644531e-01 5.012035369873046875e-01 -2.855086922645568848e-01 -8.867018655405854988e-01
0.000000000000000000e+00 0.000000000000000000e+00 0.000000000000000000e+00 1.000000000000000000e+00
5.776764154434204102e-01 -7.822205424308776855e-01 2.332825809717178345e-01 9.393898398054673082e-01
-1.165813133120536804e-01 -3.619267046451568604e-01 -9.248879551887512207e-01 -3.381278346512207822e+00
8.078977465629577637e-01 5.070894360542297363e-01 -3.002687990665435791e-01 -8.846515025639886121e-01
0.000000000000000000e+00 0.000000000000000000e+00 0.000000000000000000e+00 1.000000000000000000e+00
5.665165781974792480e-01 -8.171671628952026367e-01 1.062858253717422485e-01 4.817455595940424162e-01
-1.888982057571411133e-01 -2.543239891529083252e-01 -9.484914541244506836e-01 -3.588357864409264408e+00
8.021076917648315430e-01 5.172593593597412109e-01 -2.984401583671569824e-01 -8.237017647164952550e-01
0.000000000000000000e+00 0.000000000000000000e+00 0.000000000000000000e+00 1.000000000000000000e+00
5.752404928207397461e-01 -8.179427981376647949e-01 -8.276423439383506775e-03 -9.178577956676462271e-03
-2.102136760950088501e-01 -1.380451768636703491e-01 -9.678601026535034180e-01 -3.783504642792242301e+00
7.905120253562927246e-01 5.584917664527893066e-01 -2.513519525527954102e-01 -6.435376754969326374e-01
0.000000000000000000e+00 0.000000000000000000e+00 0.000000000000000000e+00 1.000000000000000000e+00
5.696614980697631836e-01 -8.132073879241943359e-01 -1.190829575061798096e-01 -5.423563830342019720e-01
-2.457690238952636719e-01 -3.028874844312667847e-02 -9.688547849655151367e-01 -3.869536159032832323e+00
7.842729091644287109e-01 5.811862349510192871e-01 -2.171155959367752075e-01 -5.321531551820960493e-01
0.000000000000000000e+00 0.000000000000000000e+00 0.000000000000000000e+00 1.000000000000000000e+00
5.886678695678710938e-01 -7.777774333953857422e-01 -2.203028351068496704e-01 -1.077961181775408228e+00
-2.407713383436203003e-01 9.146080911159515381e-02 -9.662625789642333984e-01 -3.949451506402067658e+00
7.716861963272094727e-01 6.218502521514892578e-01 -1.334265321493148804e-01 -2.373996010372819987e-01
0.000000000000000000e+00 0.000000000000000000e+00 0.000000000000000000e+00 1.000000000000000000e+00
5.645895600318908691e-01 -8.214453458786010742e-01 -8.041377365589141846e-02 -3.554562567042734433e-01
-3.077821731567382812e-01 -1.191344857215881348e-01 -9.439687728881835938e-01 -3.625590583079310925e+00
7.658386826515197754e-01 5.577045679092407227e-01 -3.200883269309997559e-01 -1.117055007157187863e+00
0.000000000000000000e+00 0.000000000000000000e+00 0.000000000000000000e+00 1.000000000000000000e+00
5.463132262229919434e-01 -8.375661373138427734e-01 5.021971184760332108e-03 3.576581895924547255e-02
-3.824768662452697754e-01 -2.548006176948547363e-01 -8.881372809410095215e-01 -3.264529480231868508e+00
7.451532483100891113e-01 4.832805991172790527e-01 -4.595507085323333740e-01 -1.636864282931575154e+00
0.000000000000000000e+00 0.000000000000000000e+00 0.000000000000000000e+00 1.000000000000000000e+00
5.326660275459289551e-01 -8.359034657478332520e-01 1.324096173048019409e-01 5.528029182764030436e-01
-4.478693008422851562e-01 -4.111618101596832275e-01 -7.939512133598327637e-01 -2.717125421915862482e+00
7.181084752082824707e-01 3.636086881160736084e-01 -5.933875441551208496e-01 -2.087274009956924470e+00
0.000000000000000000e+00 0.000000000000000000e+00 0.000000000000000000e+00 1.000000000000000000e+00
5.368469953536987305e-01 -8.156000375747680664e-01 2.158511430025100708e-01 8.640296751726550539e-01
-5.134730935096740723e-01 -5.188618302345275879e-01 -6.834675669670104980e-01 -2.153831546554787923e+00
6.694330573081970215e-01 2.560837864875793457e-01 -6.973378658294677734e-01 -2.385225043557615443e+00
0.000000000000000000e+00 0.000000000000000000e+00 0.000000000000000000e+00 1.000000000000000000e+00
5.630459785461425781e-01 -7.919519543647766113e-01 2.362015396356582642e-01 9.158618552057203877e-01
-5.693576931953430176e-01 -5.788850188255310059e-01 -5.837159156799316406e-01 -1.710372002410094794e+00
5.990086793899536133e-01 1.941756606101989746e-01 -7.768426537513732910e-01 -2.605065263490652594e+00
0.000000000000000000e+00 0.000000000000000000e+00 0.000000000000000000e+00 1.000000000000000000e+00
5.700183510780334473e-01 -7.927064895629882812e-01 2.160915881395339966e-01 7.856792821268090421e-01
-6.601119041442871094e-01 -5.984359979629516602e-01 -4.540118575096130371e-01 -1.234305060062786064e+00
4.892150759696960449e-01 1.161503717303276062e-01 -8.643945455551147461e-01 -2.851581035108857520e+00
0.000000000000000000e+00 0.000000000000000000e+00 0.000000000000000000e+00 1.000000000000000000e+00
5.665734410285949707e-01 -7.892541289329528809e-01 2.367959618568420410e-01 7.957955833739296381e-01
-7.094742059707641602e-01 -6.134013533592224121e-01 -3.469662964344024658e-01 -8.227863576643630328e-01
4.190954864025115967e-01 2.858124114573001862e-02 -9.074924588203430176e-01 -2.949038354787929972e+00
0.000000000000000000e+00 0.000000000000000000e+00 0.000000000000000000e+00 1.000000000000000000e+00
5.683162808418273926e-01 -7.764349579811096191e-01 2.723324000835418701e-01 8.545273518848028882e-01
-7.501745223999023438e-01 -6.249114274978637695e-01 -2.161576002836227417e-01 -3.200165575350555902e-01
3.380159437656402588e-01 -8.145102113485336304e-02 -9.376092553138732910e-01 -2.986197860380913838e+00
0.000000000000000000e+00 0.000000000000000000e+00 0.000000000000000000e+00 1.000000000000000000e+00
5.573034882545471191e-01 -7.815908193588256836e-01 2.802293896675109863e-01 8.633075640778878901e-01
-7.796826362609863281e-01 -6.086643338203430176e-01 -1.470459699630737305e-01 -6.314212135932247005e-02
2.854954600334167480e-01 -1.365407854318618774e-01 -9.486036896705627441e-01 -2.996649870371638436e+00
0.000000000000000000e+00 0.000000000000000000e+00 0.000000000000000000e+00 1.000000000000000000e+00
5.440466403961181641e-01 -7.936677932739257812e-01 2.722214758396148682e-01 7.913773031393305235e-01
-8.225400447845458984e-01 -5.685416460037231445e-01 -1.371321547776460648e-02 3.980438600558859896e-01
1.656530052423477173e-01 -2.164525240659713745e-01 -9.621369242668151855e-01 -3.010746463052231814e+00
0.000000000000000000e+00 0.000000000000000000e+00 0.000000000000000000e+00 1.000000000000000000e+00
5.337958931922912598e-01 -7.987906932830810547e-01 2.774800658226013184e-01 7.708729789403817589e-01
-8.442950248718261719e-01 -5.217685699462890625e-01 1.221611648797988892e-01 8.769294314665689871e-01
4.719915241003036499e-02 -2.994841933250427246e-01 -9.529330730438232422e-01 -2.952827776356540923e+00
0.000000000000000000e+00 0.000000000000000000e+00 0.000000000000000000e+00 1.000000000000000000e+00
5.426540374755859375e-01 -7.768461704254150391e-01 3.194310367107391357e-01 8.728449066288879177e-01
-8.391830921173095703e-01 -4.851081669330596924e-01 2.458488345146179199e-01 1.296884502528132810e+00
-3.602815791964530945e-02 -4.014721214771270752e-01 -9.151624441146850586e-01 -2.781108587405305421e+00
0.000000000000000000e+00 0.000000000000000000e+00 0.000000000000000000e+00 1.000000000000000000e+00
5.090501308441162109e-01 -7.910845875740051270e-01 3.391946852207183838e-01 9.232130235301254650e-01
-8.438029289245605469e-01 -3.808686435222625732e-01 3.780680596828460693e-01 1.748230424415594841e+00
-1.698952168226242065e-01 -4.786690771579742432e-01 -8.614007830619812012e-01 -2.518910534998421102e+00
0.000000000000000000e+00 0.000000000000000000e+00 0.000000000000000000e+00 1.000000000000000000e+00
5.001271963119506836e-01 -7.935724854469299316e-01 3.465767800807952881e-01 9.451368679454533739e-01
-8.228567242622375488e-01 -3.108299672603607178e-01 4.757010638713836670e-01 2.081797139889422610e+00
-2.697769701480865479e-01 -5.230940580368041992e-01 -8.084510564804077148e-01 -2.283025738670426907e+00
0.000000000000000000e+00 0.000000000000000000e+00 0.000000000000000000e+00 1.000000000000000000e+00
4.882315397262573242e-01 -7.908167839050292969e-01 3.691053986549377441e-01 1.064190259673167605e+00
-8.043324351310729980e-01 -2.436342835426330566e-01 5.419329404830932617e-01 2.299177876615773997e+00
-3.386429250240325928e-01 -5.614721179008483887e-01 -7.550296187400817871e-01 -2.055416004144728692e+00
0.000000000000000000e+00 0.000000000000000000e+00 0.000000000000000000e+00 1.000000000000000000e+00
4.429279565811157227e-01 -8.259464502334594727e-01 3.487510383129119873e-01 1.074467272552864561e+00
-7.864573001861572266e-01 -1.711694002151489258e-01 5.934523940086364746e-01 2.449833127590676174e+00
-4.304644167423248291e-01 -5.371345281600952148e-01 -7.253873944282531738e-01 -1.858908137120425685e+00
0.000000000000000000e+00 0.000000000000000000e+00 0.000000000000000000e+00 1.000000000000000000e+00
4.259691834449768066e-01 -8.294852972030639648e-01 3.612535297870635986e-01 1.198383580031972206e+00
-7.775638699531555176e-01 -1.315080970525741577e-01 6.148984432220458984e-01 2.477488226596867182e+00
-4.625414311885833740e-01 -5.428254604339599609e-01 -7.009963989257812500e-01 -1.688863821312885038e+00
0.000000000000000000e+00 0.000000000000000000e+00 0.000000000000000000e+00 1.000000000000000000e+00
2.942235171794891357e-01 -9.165242314338684082e-01 2.709535658359527588e-01 1.049233661348867974e+00
-7.711074948310852051e-01 -6.015364080667495728e-02 6.338569521903991699e-01 2.464187255702237511e+00
-5.646464228630065918e-01 -3.954299092292785645e-01 -7.244374752044677734e-01 -1.675306307034402309e+00
0.000000000000000000e+00 0.000000000000000000e+00 0.000000000000000000e+00 1.000000000000000000e+00
1.346560120582580566e-01 -9.595415592193603516e-01 2.472809702157974243e-01 1.111246923305641898e+00
-7.854371666908264160e-01 4.878626018762588501e-02 6.170158982276916504e-01 2.241211770068001652e+00
-6.041162014007568359e-01 -2.773085832595825195e-01 -7.470902204513549805e-01 -1.711708979883605597e+00
0.000000000000000000e+00 0.000000000000000000e+00 0.000000000000000000e+00 1.000000000000000000e+00
-4.217416048049926758e-02 -9.730580449104309082e-01 2.266699224710464478e-01 1.074708935229997886e+00
-7.910320162773132324e-01 1.711077988147735596e-01 5.873590111732482910e-01 2.018396797656919261e+00
-6.103194952011108398e-01 -1.545318216085433960e-01 -7.769362926483154297e-01 -1.819287561045372259e+00
0.000000000000000000e+00 0.000000000000000000e+00 0.000000000000000000e+00 1.000000000000000000e+00
-1.464240401983261108e-01 -9.534490108489990234e-01 2.636189758777618408e-01 1.164329082703189355e+00
-7.516915798187255859e-01 2.804770171642303467e-01 5.969023108482360840e-01 2.078535685795238397e+00
-6.430550217628479004e-01 -1.107592359185218811e-01 -7.577683329582214355e-01 -1.728592232909302862e+00
0.000000000000000000e+00 0.000000000000000000e+00 0.000000000000000000e+00 1.000000000000000000e+00
-1.595808267593383789e-01 -9.515559077262878418e-01 2.628216743469238281e-01 1.232543730378467428e+00
-7.089343070983886719e-01 2.957370877265930176e-01 6.402747035026550293e-01 2.270222203842252817e+00
-6.869831085205078125e-01 -8.414758741855621338e-02 -7.217846512794494629e-01 -1.547664664230291365e+00
0.000000000000000000e+00 0.000000000000000000e+00 0.000000000000000000e+00 1.000000000000000000e+00
-2.403335422277450562e-01 -9.369815587997436523e-01 2.535844147205352783e-01 1.327204171627155205e+00
-6.960458159446716309e-01 3.484371304512023926e-01 6.277831196784973145e-01 2.192496701273936477e+00
-6.765795946121215820e-01 -2.562896534800529480e-02 -7.359232902526855469e-01 -1.460887624583028233e+00
0.000000000000000000e+00 0.000000000000000000e+00 0.000000000000000000e+00 1.000000000000000000e+00
2.651195824146270752e-01 -8.981249332427978516e-01 3.508318066596984863e-01 1.037016005903456772e+00
-7.331826686859130859e-01 4.853140190243721008e-02 6.782978177070617676e-01 2.459240710379077655e+00
-6.262225508689880371e-01 -4.370538890361785889e-01 -6.456233859062194824e-01 -1.332152745858552700e+00
0.000000000000000000e+00 0.000000000000000000e+00 0.000000000000000000e+00 1.000000000000000000e+00
5.533960461616516113e-01 -7.473622560501098633e-01 3.676991760730743408e-01 9.094137473697980756e-01
-7.658669948577880859e-01 -2.830439805984497070e-01 5.773506164550781250e-01 2.337806603985581599e+00
-3.274149000644683838e-01 -6.011122465133666992e-01 -7.290155291557312012e-01 -2.097907564569633010e+00
0.000000000000000000e+00 0.000000000000000000e+00 0.000000000000000000e+00 1.000000000000000000e+00
6.077168583869934082e-01 -6.951465010643005371e-01 3.839943110942840576e-01 9.507287399167053676e-01
-7.704833745956420898e-01 -3.989252746105194092e-01 4.972057938575744629e-01 2.100571829943946867e+00
-1.924458593130111694e-01 -5.980213880538940430e-01 -7.780324816703796387e-01 -2.474405515749586115e+00
0.000000000000000000e+00 0.000000000000000000e+00 0.000000000000000000e+00 1.000000000000000000e+00
6.163130998611450195e-01 -6.919266581535339355e-01 3.760257065296173096e-01 9.292282020052063940e-01
-7.724183201789855957e-01 -4.381385147571563721e-01 4.597873389720916748e-01 1.990072463667173164e+00
-1.533879190683364868e-01 -5.738220214843750000e-01 -8.044875264167785645e-01 -2.661888531762326870e+00
0.000000000000000000e+00 0.000000000000000000e+00 0.000000000000000000e+00 1.000000000000000000e+00
6.457911729812622070e-01 -6.947696208953857422e-01 3.166209459304809570e-01 7.024043672037486585e-01
-7.556522488594055176e-01 -5.222389101982116699e-01 3.952921330928802490e-01 1.746137205003644333e+00
-1.092852279543876648e-01 -4.945316314697265625e-01 -8.622617125511169434e-01 -2.960009403829049202e+00
0.000000000000000000e+00 0.000000000000000000e+00 0.000000000000000000e+00 1.000000000000000000e+00
6.562928557395935059e-01 -7.130786180496215820e-01 2.465737760066986084e-01 4.323297583205308880e-01
-7.438277006149291992e-01 -5.566920042037963867e-01 3.698841035366058350e-01 1.667521042535778708e+00
-1.264908313751220703e-01 -4.261606335639953613e-01 -8.957605957984924316e-01 -3.139820919504058505e+00
0.000000000000000000e+00 0.000000000000000000e+00 0.000000000000000000e+00 1.000000000000000000e+00
6.709687709808349609e-01 -7.217655181884765625e-01 1.698681414127349854e-01 1.235816559414559118e-01
-7.286339402198791504e-01 -5.993363857269287109e-01 3.314938843250274658e-01 1.528178303218864054e+00
-1.374528408050537109e-01 -3.461937308311462402e-01 -9.280390143394470215e-01 -3.313843840264977025e+00
0.000000000000000000e+00 0.000000000000000000e+00 0.000000000000000000e+00 1.000000000000000000e+00
6.854605078697204590e-01 -7.180511951446533203e-01 1.206065639853477478e-01 -9.385407739681483896e-02
-7.182615995407104492e-01 -6.396973729133605957e-01 2.736552059650421143e-01 1.305249146184883191e+00
-1.193468421697616577e-01 -2.742069065570831299e-01 -9.542363286018371582e-01 -3.469138498776338064e+00
0.000000000000000000e+00 0.000000000000000000e+00 0.000000000000000000e+00 1.000000000000000000e+00
7.287007570266723633e-01 -6.833332180976867676e-01 4.528534039855003357e-02 -4.613950707896156134e-01
-6.762294769287109375e-01 -7.075238823890686035e-01 2.052400708198547363e-01 1.025600389802711288e+00
-1.082069575786590576e-01 -1.801818609237670898e-01 -9.776633977890014648e-01 -3.623108575980193535e+00
0.000000000000000000e+00 0.000000000000000000e+00 0.000000000000000000e+00 1.000000000000000000e+00
7.616004943847656250e-01 -6.479980349540710449e-01 7.936929352581501007e-03 -6.608293775974793949e-01
-6.417791247367858887e-01 -7.524788975715637207e-01 1.479695737361907959e-01 7.821802516034740416e-01
-8.991166204214096069e-02 -1.177874356508255005e-01 -9.889600872993469238e-01 -3.716186007648004885e+00
0.000000000000000000e+00 0.000000000000000000e+00 0.000000000000000000e+00 1.000000000000000000e+00
7.910323143005371094e-01 -6.091584563255310059e-01 -5.651311576366424561e-02 -9.819420327984702546e-01
-6.063458323478698730e-01 -7.929396629333496094e-01 5.992783233523368835e-02 3.940814750728328097e-01
-8.131703734397888184e-02 -1.313835103064775467e-02 -9.966017007827758789e-01 -3.787818952066296152e+00
0.000000000000000000e+00 0.000000000000000000e+00 0.000000000000000000e+00 1.000000000000000000e+00
8.100789189338684082e-01 -5.775813460350036621e-01 -1.008545383810997009e-01 -1.214702079124681422e+00
-5.817180275917053223e-01 -8.132509589195251465e-01 -1.506030280143022537e-02 6.104033375976747333e-02
-7.332148402929306030e-02 7.086896896362304688e-02 -9.947871565818786621e-01 -3.830884907770593539e+00
0.000000000000000000e+00 0.000000000000000000e+00 0.000000000000000000e+00 1.000000000000000000e+00
8.422781229019165039e-01 -5.239604711532592773e-01 -1.266207695007324219e-01 -1.377064974123344054e+00
-5.366834402084350586e-01 -8.370818495750427246e-01 -1.061351299285888672e-01 -3.642910250344418843e-01
-5.038129538297653198e-02 1.573505997657775879e-01 -9.862568378448486328e-01 -3.844090245323368737e+00
0.000000000000000000e+00 0.000000000000000000e+00 0.000000000000000000e+00 1.000000000000000000e+00
8.540658354759216309e-01 -5.071411728858947754e-01 -1.156682670116424561e-01 -1.380853701258974553e+00
-5.201126933097839355e-01 -8.294535279273986816e-01 -2.036894857883453369e-01 -8.108269816852555767e-01
7.357952184975147247e-03 2.341247797012329102e-01 -9.721786975860595703e-01 -3.841323227511135308e+00
0.000000000000000000e+00 0.000000000000000000e+00 0.000000000000000000e+00 1.000000000000000000e+00
8.549512624740600586e-01 -5.128278136253356934e-01 -7.788308709859848022e-02 -1.265575346416708324e+00
-5.123215317726135254e-01 -8.113626837730407715e-01 -2.814550995826721191e-01 -1.194221594804028230e+00
8.114669471979141235e-02 2.805315852165222168e-01 -9.564085006713867188e-01 -3.841868456605357363e+00
0.000000000000000000e+00 0.000000000000000000e+00 0.000000000000000000e+00 1.000000000000000000e+00
8.551180362701416016e-01 -5.177367925643920898e-01 -2.686241641640663147e-02 -1.091506791488514816e+00
-4.903849363327026367e-01 -7.909560203552246094e-01 -3.659383356571197510e-01 -1.593771347968687246e+00
1.682128757238388062e-01 3.260933458805084229e-01 -9.302513003349304199e-01 -3.809500736985645286e+00
0.000000000000000000e+00 0.000000000000000000e+00 0.000000000000000000e+00 1.000000000000000000e+00
8.603955507278442383e-01 -5.092574357986450195e-01 1.939724199473857880e-02 -9.356954748398345068e-01
-4.477242827415466309e-01 -7.735201716423034668e-01 -4.485636353492736816e-01 -2.020503192075262966e+00
2.434386312961578369e-01 3.772574663162231445e-01 -8.935403227806091309e-01 -3.745612109163301895e+00
0.000000000000000000e+00 0.000000000000000000e+00 0.000000000000000000e+00 1.000000000000000000e+00
8.722370266914367676e-01 -4.846781492233276367e-01 6.549530476331710815e-02 -7.586975039867364101e-01
-3.753746747970581055e-01 -7.492626905441284180e-01 -5.456176400184631348e-01 -2.514517258774039643e+00
3.135222792625427246e-01 4.513230323791503906e-01 -8.354708552360534668e-01 -3.647976419413011762e+00
0.000000000000000000e+00 0.000000000000000000e+00 0.000000000000000000e+00 1.000000000000000000e+00
9.019390344619750977e-01 -4.239945411682128906e-01 8.206102252006530762e-02 -6.892461207759569275e-01
-2.889452576637268066e-01 -7.336845397949218750e-01 -6.149934530258178711e-01 -2.853795586305859722e+00
3.209609687328338623e-01 5.309758782386779785e-01 -7.842501401901245117e-01 -3.566401178811513084e+00
0.000000000000000000e+00 0.000000000000000000e+00 0.000000000000000000e+00 1.000000000000000000e+00
9.171814918518066406e-01 -3.702384233474731445e-01 1.473131328821182251e-01 -3.968509478362553522e-01
-1.813876479864120483e-01 -7.171044945716857910e-01 -6.729487776756286621e-01 -3.182358217723876948e+00
3.547903299331665039e-01 5.904951691627502441e-01 -7.248714566230773926e-01 -3.451547122520190580e+00
0.000000000000000000e+00 0.000000000000000000e+00 0.000000000000000000e+00 1.000000000000000000e+00
8.875785470008850098e-01 -3.957762718200683594e-01 2.357227951288223267e-01 3.888089650166029476e-02
-1.137752160429954529e-01 -6.842009425163269043e-01 -7.203636169433593750e-01 -3.416648000700906795e+00
4.463848769664764404e-01 6.125599741935729980e-01 -6.523117423057556152e-01 -3.283796915665320615e+00
0.000000000000000000e+00 0.000000000000000000e+00 0.000000000000000000e+00 1.000000000000000000e+00
8.299058675765991211e-01 -4.582170546054840088e-01 3.182658851146697998e-01 4.983455831685019155e-01
-7.223358005285263062e-02 -6.539174914360046387e-01 -7.531096339225769043e-01 -3.590155453781043615e+00
5.532072782516479492e-01 6.020205616950988770e-01 -5.757888555526733398e-01 -3.037355547580716131e+00
0.000000000000000000e+00 0.000000000000000000e+00 0.000000000000000000e+00 1.000000000000000000e+00
9.349386692047119141e-01 -2.650723755359649658e-01 2.358509898185729980e-01 -4.955292383004395590e-02
-2.306137792766094208e-02 -7.087209224700927734e-01 -7.051115632057189941e-01 -3.319323813744622598e+00
3.540583550930023193e-01 6.537975668907165527e-01 -6.687240600585937500e-01 -3.165434980776530516e+00
0.000000000000000000e+00 0.000000000000000000e+00 0.000000000000000000e+00 1.000000000000000000e+00
9.055901765823364258e-01 -2.930278182029724121e-01 3.066617548465728760e-01 2.468499334440843740e-01
-8.346325717866420746e-03 -7.351668477058410645e-01 -6.778342127799987793e-01 -3.135593116738403907e+00
4.240718483924865723e-01 6.112807989120483398e-01 -6.682056188583374023e-01 -3.238409966531544892e+00
0.000000000000000000e+00 0.000000000000000000e+00 0.000000000000000000e+00 1.000000000000000000e+00
8.901681900024414062e-01 -3.486785590648651123e-01 2.932991683483123779e-01 1.598829911778957558e-01
-4.450494050979614258e-02 -7.071795463562011719e-01 -7.056319713592529297e-01 -3.245211941996197780e+00
4.534536600112915039e-01 6.150772571563720703e-01 -6.450264453887939453e-01 -3.131856765267500009e+00
0.000000000000000000e+00 0.000000000000000000e+00 0.000000000000000000e+00 1.000000000000000000e+00
7.987161278724670410e-01 -4.446718990802764893e-01 4.053629934787750244e-01 7.523082060553213379e-01
3.414767235517501831e-02 -6.391035318374633789e-01 -7.683621048927307129e-01 -3.626240175529995557e+00
6.007381677627563477e-01 6.275456547737121582e-01 -4.952777028083801270e-01 -2.547033285014466575e+00
0.000000000000000000e+00 0.000000000000000000e+00 0.000000000000000000e+00 1.000000000000000000e+00
6.818012595176696777e-01 -5.507872104644775391e-01 4.814357757568359375e-01 1.248537017937595639e+00
7.817647606134414673e-02 -5.994877815246582031e-01 -7.965568900108337402e-01 -3.801151176867965553e+00
7.273485660552978516e-01 5.807303786277770996e-01 -3.656729161739349365e-01 -2.025274438250332931e+00
0.000000000000000000e+00 0.000000000000000000e+00 0.000000000000000000e+00 1.000000000000000000e+00
5.594503879547119141e-01 -6.275926232337951660e-01 5.414265990257263184e-01 1.678698170510157572e+00
1.285094022750854492e-01 -5.796403884887695312e-01 -8.046754002571105957e-01 -3.877969353145206188e+00
8.188408017158508301e-01 5.197542309761047363e-01 -2.436286211013793945e-01 -1.467100418843351184e+00
0.000000000000000000e+00 0.000000000000000000e+00 0.000000000000000000e+00 1.000000000000000000e+00
4.388751089572906494e-01 -6.564043164253234863e-01 6.136135458946228027e-01 2.157178565078031962e+00
2.601019740104675293e-01 -5.608523488044738770e-01 -7.859965562820434570e-01 -3.871575014262898851e+00
8.600788712501525879e-01 5.045567750930786133e-01 -7.541215419769287109e-02 -6.350540357887778375e-01
0.000000000000000000e+00 0.000000000000000000e+00 0.000000000000000000e+00 1.000000000000000000e+00
4.474188983440399170e-01 -6.183153390884399414e-01 6.461444497108459473e-01 2.335832956998491916e+00
3.365035951137542725e-01 -5.530074238777160645e-01 -7.621994614601135254e-01 -3.807806225732007999e+00
8.286021351814270020e-01 5.584523677825927734e-01 -3.936072438955307007e-02 -3.563493362421023547e-01
0.000000000000000000e+00 0.000000000000000000e+00 0.000000000000000000e+00 1.000000000000000000e+00
4.869655072689056396e-01 -5.582085251808166504e-01 6.717644333839416504e-01 2.478412944459992939e+00
3.916131556034088135e-01 -5.479345917701721191e-01 -7.391933798789978027e-01 -3.725026639933301187e+00
7.807068228721618652e-01 6.230334639549255371e-01 -4.822349920868873596e-02 -2.654728107005387971e-01
0.000000000000000000e+00 0.000000000000000000e+00 0.000000000000000000e+00 1.000000000000000000e+00
6.249427795410156250e-01 -3.450293838977813721e-01 7.002865672111511230e-01 2.739405461213131776e+00
