-0.4620037078857422 0.7776999473571777 0.4263039827346802 -0.09187934547662735 
0.8146031498908997 0.1820507943630219 0.5507078170776367 -0.2340225577354431 
0.3506765365600586 0.6016977429389954 -0.717624843120575 0.2218426018953323 
0 0 0 1 

0.160007655620575 0.9269881844520569 0.3392497301101685 -0.1133555769920349 
0.8178579807281494 -0.3169352114200592 0.4802709817886353 -0.2355464100837708 
0.5527257919311523 0.2006110846996307 -0.8088566660881042 0.2411051839590073 
0 0 0 1 

0.2268636375665665 0.8939706683158875 0.3864573538303375 -0.1209903210401535 
0.565144956111908 0.202329158782959 -0.7997962832450867 0.2255212813615799 
-0.7931860089302063 0.399849146604538 -0.4593218564987183 0.2292548418045044 
0 0 0 1 

0.8933678269386292 0.1020437330007553 0.4375854134559631 -0.179835319519043 
-0.07125076651573181 -0.9293762445449829 0.3621925115585327 -0.1229669079184532 
0.4436408877372742 -0.3547494411468506 -0.8230041861534119 0.2407691478729248 
0 0 0 1 

0.8977248668670654 0.04913481324911118 0.4378080070018768 -0.1778197735548019 
-0.0735340341925621 -0.9631090760231018 0.2588703036308289 -0.08577022701501846 
0.4343763887882233 -0.2645881175994873 -0.8609936833381653 0.2527257204055786 
0 0 0 1 

0.8822729587554932 -0.02137000113725662 0.4702529013156891 -0.1835413873195648 
-0.1084247529506683 -0.9813348650932312 0.1588275283575058 -0.04683063179254532 
0.4580813944339752 -0.1911162883043289 -0.8681223392486572 0.2549677193164825 
0 0 0 1 

0.8668708801269531 -0.08816748857498169 0.4906743764877319 -0.1837610006332397 
-0.1306920945644379 -0.9900049567222595 0.05300234258174896 -0.00519591337069869 
0.4810971021652222 -0.1100734621286392 -0.869729220867157 0.2562250196933746 
0 0 0 1 

0.8625205755233765 -0.04332765564322472 0.5041636228561401 -0.1842243671417236 
-0.05732749029994011 -0.9982797503471375 0.01228374242782593 0.02358677983283997 
0.502764105796814 -0.03949741274118423 -0.8635208010673523 0.2572063803672791 
0 0 0 1 

0.8831729888916016 0.01722053438425064 0.4687311947345734 -0.1827197819948196 
0.03115346655249596 -0.9992727041244507 -0.02198677510023117 0.0696847140789032 
0.4680117070674896 0.03402072936296463 -0.8830671310424805 0.2672444581985474 
0 0 0 1 

0.886946439743042 0.0297835748642683 0.4609110355377197 -0.181456446647644 
0.04513715580105782 -0.9987314343452454 -0.02232198975980282 0.06511083990335464 
0.4596614837646484 0.04060262069106102 -0.8871656656265259 0.2688169777393341 
0 0 0 1 

