0.9898125529289246 0.04842305555939674 -0.1338889896869659 0.03855973482131958 
-0.05088980868458748 0.9985907077789307 -0.01506129559129477 0.02515680715441704 
0.1329709887504578 0.0217214860022068 0.9908818602561951 -0.3784515857696533 
0 0 0 1 

0.959750771522522 0.0680997297167778 -0.2724713981151581 0.09494044631719589 
-0.0768565833568573 0.9968085885047913 -0.02158302254974842 0.02868102677166462 
0.2701320052146912 0.04165557771921158 0.9619216918945312 -0.3658331036567688 
0 0 0 1 

0.9927902221679688 0.05357405543327332 -0.1072258427739143 0.03014914505183697 
-0.04989775642752647 0.9980804920196533 0.0366813912987709 0.009199246764183044 
0.1089851930737495 -0.03106656111776829 0.9935577511787415 -0.3666407465934753 
0 0 0 1 

0.5364103317260742 0.7925956249237061 -0.2899236679077148 0.07828096300363541 
-0.8255244493484497 0.5641680955886841 0.0149602647870779 0.02894880808889866 
0.1754231601953506 0.2313143163919449 0.9569327831268311 -0.2222022861242294 
0 0 0 1 

0.5285048484802246 0.7946932315826416 -0.2985720336437225 0.07746259868144989 
-0.8469841480255127 0.5174062252044678 -0.1221010386943817 0.06501981616020203 
0.05745012685656548 0.3174167573451996 0.9465442895889282 -0.2177288681268692 
0 0 0 1 

0.640984833240509 0.7102562785148621 -0.29098841547966 0.0592321865260601 
-0.7566173672676086 0.5209164023399353 -0.3951912224292755 0.1306366920471191 
-0.1291064769029617 0.4734784960746765 0.8712918758392334 -0.2207149416208267 
0 0 0 1 

0.6542465090751648 0.7246403098106384 -0.2164662927389145 0.03787408396601677 
-0.7427040934562683 0.5616291761398315 -0.3646409511566162 0.1234221681952477 
-0.1426598578691483 0.3993355333805084 0.9056375026702881 -0.2344995141029358 
0 0 0 1 

0.6686901450157166 0.7311906218528748 -0.134957492351532 0.01301956363022327 
-0.7253873348236084 0.601665198802948 -0.3343827128410339 0.1148415952920914 
-0.1632984131574631 0.3214949071407318 0.9327243566513062 -0.2456780821084976 
0 0 0 1 

0.975345253944397 0.0514744259417057 -0.2145970910787582 0.03701496869325638 
-0.1067652627825737 0.9611048102378845 -0.2547124624252319 0.06630448997020721 
0.1931390911340714 0.2713441252708435 0.9429047703742981 -0.1949211210012436 
0 0 0 1 

0.9843040108680725 0.05677160993218422 -0.1670993268489838 0.02542886137962341 
-0.08949290215969086 0.9766418933868408 -0.1953480839729309 0.04920247942209244 
0.152105987071991 0.207236111164093 0.9663933515548706 -0.2026252597570419 
0 0 0 1 

