0.01903805509209633 -0.840361475944519 -0.5416916012763977 0.1575468480587006 
-0.9993981122970581 -0.03170629590749741 0.01406399719417095 0.03935560956597328 
-0.02899394743144512 0.54109787940979 -0.8404594659805298 0.2810743153095245 
0 0 0 1 

0.05703519657254219 -0.8431047201156616 -0.5347163081169128 0.1520361751317978 
-0.9940429925918579 0.001867218874394894 -0.1089732870459557 0.07841218262910843 
0.09287432581186295 0.537746250629425 -0.8379757404327393 0.2721673250198364 
0 0 0 1 

0.03276742249727249 -0.856144905090332 -0.5156956315040588 0.1499374359846115 
-0.9815170764923096 0.06977341324090958 -0.1782014816999435 0.09246665984392166 
0.1885480880737305 0.5120033025741577 -0.838034451007843 0.2684007585048676 
0 0 0 1 

-0.04012222960591316 -0.8518794178962708 -0.5221987366676331 0.1602094024419785 
-0.9943116903305054 0.08564416319131851 -0.06331779807806015 0.05597725138068199 
0.09866242110729218 0.5166878700256348 -0.8504699468612671 0.2873260974884033 
0 0 0 1 

0.3215793371200562 -0.705446720123291 -0.6316103339195251 0.1517497152090073 
-0.9124210476875305 -0.4091833531856537 -0.007534195203334093 0.03540969640016556 
-0.2531295120716095 0.5787174105644226 -0.7752493023872375 0.2859207093715668 
0 0 0 1 

0.3486398458480835 -0.7004553079605103 -0.6227459907531738 0.1459986120462418 
-0.922370433807373 -0.3743666410446167 -0.09530020505189896 0.06408633291721344 
-0.1663818508386612 0.6076279282569885 -0.7765984535217285 0.27785524725914 
0 0 0 1 

0.3664365708827972 -0.6904710531234741 -0.623677670955658 0.1453836262226105 
-0.9262099862098694 -0.3345566093921661 -0.1738002598285675 0.08918546885251999 
-0.08865157514810562 0.6413432955741882 -0.7621150016784668 0.2666848301887512 
0 0 0 1 

0.5290659070014954 -0.5838639140129089 -0.6157855987548828 0.1375093162059784 
-0.8434345722198486 -0.4416107535362244 -0.3059369623661041 0.1253809332847595 
-0.0933120921254158 0.6812357902526855 -0.7260922789573669 0.254360556602478 
0 0 0 1 

0.6763142943382263 -0.4037527441978455 -0.6161028742790222 0.1332646012306213 
-0.7123286724090576 -0.5714728832244873 -0.4074387848377228 0.1537615358829498 
-0.1875816434621811 0.7144244909286499 -0.6740999221801758 0.252060741186142 
0 0 0 1 

0.6654314994812012 -0.3845716714859009 -0.6397701501846313 0.1404986679553986 
-0.7128430008888245 -0.5816947817802429 -0.3917730450630188 0.1504117846488953 
-0.2214863449335098 0.7167539000511169 -0.6612170934677124 0.2531293332576752 
0 0 0 1 

