0.7225037217140198 0.6906088590621948 -0.03236672654747963 -0.01246123760938644 
-0.6857141256332397 0.7098363637924194 -0.161022737622261 0.08276049792766571 
-0.08822869509458542 0.1385338455438614 0.9864197969436646 -0.2906969487667084 
0 0 0 1 

0.6481056809425354 0.7608186602592468 -0.03337196633219719 -0.007045840378850698 
-0.757086455821991 0.6389503479003906 -0.1362431198358536 0.07764079421758652 
-0.08233331888914108 0.1135653927922249 0.9901131987571716 -0.2935048043727875 
0 0 0 1 

0.5519771575927734 0.8327544927597046 -0.04290523380041122 0.001883226097561419 
-0.8320093154907227 0.5465977787971497 -0.09482134878635406 0.0664554238319397 
-0.05551103502511978 0.08803676068782806 0.9945693016052246 -0.2983207702636719 
0 0 0 1 

0.4581131637096405 0.8837206363677979 -0.09576070308685303 0.02470599859952927 
-0.8888845443725586 0.4549506008625031 -0.05388957634568214 0.05418837442994118 
-0.004056952428072691 0.1098077371716499 0.9939445853233337 -0.3021188676357269 
0 0 0 1 

0.3524450659751892 0.9297876954078674 -0.1061950251460075 0.03226801007986069 
-0.9355931878089905 0.3526449799537659 -0.01751707680523396 0.04043164849281311 
0.02116198465228081 0.1055291518568993 0.9941909909248352 -0.3036144375801086 
0 0 0 1 

0.2739063799381256 0.9534567594528198 -0.1260772198438644 0.04107095301151276 
-0.9583678245544434 0.2815805375576019 0.04736612364649773 0.01633374206721783 
0.08066243678331375 0.107854463160038 0.9908890128135681 -0.3032484948635101 
0 0 0 1 

0.1928622275590897 0.9677857160568237 -0.1618486493825912 0.05389533191919327 
-0.9721449613571167 0.2108488082885742 0.1023573651909828 -0.003956820350140333 
0.1331855952739716 0.1375994682312012 0.9814927577972412 -0.3013104796409607 
0 0 0 1 

0.1139760985970497 0.9808183908462524 -0.1581288725137711 0.05463961511850357 
-0.9711776971817017 0.1435351073741913 0.1902930736541748 -0.03378508985042572 
0.2093400061130524 0.13188236951828 0.9689085483551025 -0.2988317012786865 
0 0 0 1 

0.1871303617954254 0.9715251922607422 -0.1453303545713425 0.0497448705136776 
-0.9544870853424072 0.2148012965917587 0.2069173604249954 -0.03871044144034386 
0.2322425693273544 0.0999954417347908 0.9675041437149048 -0.2963630855083466 
0 0 0 1 

0.279327392578125 0.9472411870956421 -0.1571948230266571 0.05023983120918274 
-0.9360134601593018 0.3051288723945618 0.1754283607006073 -0.02556502260267735 
0.2141376435756683 0.09813454002141953 0.9718614220619202 -0.2952363789081573 
0 0 0 1 

