1.000000000000000000e+00 0.000000000000000000e+00 0.000000000000000000e+00 -4.542167112231254578e-02
0.000000000000000000e+00 1.000000000000000000e+00 0.000000000000000000e+00 9.935460984706878662e-04
0.000000000000000000e+00 0.000000000000000000e+00 1.000000000000000000e+00 -2.875000238418579102e-01
0.000000000000000000e+00 0.000000000000000000e+00 0.000000000000000000e+00 1.000000000000000000e+00
9.965315461158752441e-01 8.210906386375427246e-02 1.352049224078655243e-02 -4.806470125913619995e-02
-8.187570422887802124e-02 9.964976906776428223e-01 -1.699386723339557648e-02 9.428521618247032166e-03
-1.486850064247846603e-02 1.582791842520236969e-02 9.997642040252685547e-01 -2.933100461959838867e-01
0.000000000000000000e+00 0.000000000000000000e+00 0.000000000000000000e+00 1.000000000000000000e+00
9.860910773277282715e-01 1.629753410816192627e-01 3.260556980967521667e-02 -5.211528018116950989e-02
-1.612184494733810425e-01 9.856131672859191895e-01 -5.074495449662208557e-02 2.485473453998565674e-02
-4.040672630071640015e-02 4.478247836232185364e-02 9.981792569160461426e-01 -2.924981117248535156e-01
0.000000000000000000e+00 0.000000000000000000e+00 0.000000000000000000e+00 1.000000000000000000e+00
9.663632512092590332e-01 2.547323703765869141e-01 3.540336340665817261e-02 -5.075057595968246460e-02
-2.514725923538208008e-01 9.647607803344726562e-01 -7.744626700878143311e-02 3.791929036378860474e-02
-5.388388037681579590e-02 6.593824177980422974e-02 9.963676333427429199e-01 -2.918646633625030518e-01
0.000000000000000000e+00 0.000000000000000000e+00 0.000000000000000000e+00 1.000000000000000000e+00
9.376736283302307129e-01 3.442147374153137207e-01 4.779172316193580627e-02 -5.145535618066787720e-02
-3.369106352329254150e-01 9.341353774070739746e-01 -1.178216114640235901e-01 5.504519119858741760e-02
-8.519994467496871948e-02 9.437664598226547241e-02 9.918841123580932617e-01 -2.894624769687652588e-01
0.000000000000000000e+00 0.000000000000000000e+00 0.000000000000000000e+00 1.000000000000000000e+00
8.931752443313598633e-01 4.486582875251770020e-01 3.072070889174938202e-02 -4.312474653124809265e-02
-4.408808648586273193e-01 8.870654106140136719e-01 -1.368903368711471558e-01 6.488486379384994507e-02
-8.866827189922332764e-02 1.087228953838348389e-01 9.901096820831298828e-01 -2.899336218833923340e-01
0.000000000000000000e+00 0.000000000000000000e+00 0.000000000000000000e+00 1.000000000000000000e+00
8.454316258430480957e-01 5.338112711906433105e-01 1.704961992800235748e-02 -3.598529845476150513e-02
-5.243006944656372070e-01 8.356050848960876465e-01 -1.639288067817687988e-01 7.729507237672805786e-02
-1.017538607120513916e-01 1.296514570713043213e-01 9.863248467445373535e-01 -2.887167930603027344e-01
0.000000000000000000e+00 0.000000000000000000e+00 0.000000000000000000e+00 1.000000000000000000e+00
7.931364178657531738e-01 6.090059876441955566e-01 -6.814566440880298615e-03 -2.553109824657440186e-02
-6.010922789573669434e-01 7.809301614761352539e-01 -1.698116064071655273e-01 8.242733776569366455e-02
-9.809458255767822266e-02 1.387799382209777832e-01 9.854530692100524902e-01 -2.895214259624481201e-01
0.000000000000000000e+00 0.000000000000000000e+00 0.000000000000000000e+00 1.000000000000000000e+00
7.230068445205688477e-01 6.901000142097473145e-01 -3.198260068893432617e-02 -1.249574497342109680e-02
-6.852185130119323730e-01 7.104597687721252441e-01 -1.603819429874420166e-01 8.257324993610382080e-02
-8.795727789402008057e-02 1.378723084926605225e-01 9.865367412567138672e-01 -2.906827330589294434e-01
0.000000000000000000e+00 0.000000000000000000e+00 0.000000000000000000e+00 1.000000000000000000e+00
6.485599279403686523e-01 7.603940963745117188e-01 -3.421305492520332336e-02 -6.927230395376682281e-03
-7.566885352134704590e-01 6.392287015914916992e-01 -1.371449083089828491e-01 7.780191302299499512e-02
-8.241424709558486938e-02 1.148353070020675659e-01 9.899599552154541016e-01 -2.934952378273010254e-01
0.000000000000000000e+00 0.000000000000000000e+00 0.000000000000000000e+00 1.000000000000000000e+00
5.492773652076721191e-01 8.344897031784057617e-01 -4.382916167378425598e-02 2.365067368373274803e-03
-8.339312076568603516e-01 5.440472364425659180e-01 -9.257970005273818970e-02 6.579989939928054810e-02
-5.341170728206634521e-02 8.740243315696716309e-02 9.947401881217956543e-01 -2.985029220581054688e-01
0.000000000000000000e+00 0.000000000000000000e+00 0.000000000000000000e+00 1.000000000000000000e+00
4.561694860458374023e-01 8.848942518234252930e-01 -9.418864548206329346e-02 2.432804927229881287e-02
-8.898737430572509766e-01 4.529032707214355469e-01 -5.480252578854560852e-02 5.429432541131973267e-02
-5.836106836795806885e-03 1.088152378797531128e-01 9.940448999404907227e-01 -3.020081520080566406e-01
0.000000000000000000e+00 0.000000000000000000e+00 0.000000000000000000e+00 1.000000000000000000e+00
3.533484041690826416e-01 9.294003248214721680e-01 -1.065833419561386108e-01 3.233957290649414062e-02
-9.352542161941528320e-01 3.535259664058685303e-01 -1.785826496779918671e-02 4.051501676440238953e-02
2.108250558376312256e-02 1.059927046298980713e-01 9.941433668136596680e-01 -3.036242425441741943e-01
0.000000000000000000e+00 0.000000000000000000e+00 0.000000000000000000e+00 1.000000000000000000e+00
2.732298374176025391e-01 9.534425735473632812e-01 -1.276429593563079834e-01 4.166242107748985291e-02
-9.586600661277770996e-01 2.808507978916168213e-01 4.575695097446441650e-02 1.688671112060546875e-02
7.947524636983871460e-02 1.098640412092208862e-01 9.907641410827636719e-01 -3.031998872756958008e-01
0.000000000000000000e+00 0.000000000000000000e+00 0.000000000000000000e+00 1.000000000000000000e+00
1.940589696168899536e-01 9.681567549705505371e-01 -1.581573337316513062e-01 5.272697284817695618e-02
-9.720799922943115234e-01 2.114606201648712158e-01 1.017098650336265564e-01 -3.770137438550591469e-03
1.319151371717453003e-01 1.340038478374481201e-01 9.821615815162658691e-01 -3.014827966690063477e-01
0.000000000000000000e+00 0.000000000000000000e+00 0.000000000000000000e+00 1.000000000000000000e+00
1.151600405573844910e-01 9.802615046501159668e-01 -1.607032865285873413e-01 5.532136559486389160e-02
-9.708851575851440430e-01 1.452823132276535034e-01 1.904596388339996338e-01 -3.384294733405113220e-02
2.100476175546646118e-01 1.340910941362380981e-01 9.684521555900573730e-01 -2.985330522060394287e-01
0.000000000000000000e+00 0.000000000000000000e+00 0.000000000000000000e+00 1.000000000000000000e+00
1.871103495359420776e-01 9.717354178428649902e-01 -1.439442485570907593e-01 4.921213164925575256e-02
-9.544206857681274414e-01 2.145162522792816162e-01 2.075183689594268799e-01 -3.887300565838813782e-02
2.325313240289688110e-01 9.855455905199050903e-02 9.675826430320739746e-01 -2.964052259922027588e-01
0.000000000000000000e+00 0.000000000000000000e+00 0.000000000000000000e+00 1.000000000000000000e+00
2.735385298728942871e-01 9.504804611206054688e-01 -1.475242525339126587e-01 4.786175861954689026e-02
-9.378864765167236328e-01 2.975947558879852295e-01 1.783428937196731567e-01 -2.750416100025177002e-02
2.134138792753219604e-01 8.957737684249877930e-02 9.728465080261230469e-01 -2.953582704067230225e-01
0.000000000000000000e+00 0.000000000000000000e+00 0.000000000000000000e+00 1.000000000000000000e+00
