-0.9216253161430359 -0.3852004110813141 -0.04719289392232895 0.05827472731471062 
-0.3821391761302948 0.9219779968261719 -0.06266008317470551 0.048033457249403 
0.06764749437570572 -0.03971487656235695 -0.9969184994697571 0.3082766234874725 
0 0 0 1 

-0.9943129420280457 -0.1037964373826981 -0.02382729202508926 0.05635188147425652 
-0.1021393835544586 0.9928008913993835 -0.06256147474050522 0.03934737294912338 
0.03014941513538361 -0.05977199226617813 -0.9977564215660095 0.3092362880706787 
0 0 0 1 

-0.9012227654457092 -0.4043965041637421 -0.1557595133781433 0.09410809725522995 
-0.4052426815032959 0.9137885570526123 -0.02772833593189716 0.0332643948495388 
0.1535445004701614 0.0381309986114502 -0.9874057173728943 0.3091810941696167 
0 0 0 1 

-0.8720857501029968 -0.4296419322490692 -0.2342521697282791 0.1189749017357826 
-0.4468436539173126 0.8943091034889221 0.02327981218695641 0.02147840894758701 
0.199491873383522 0.1249760910868645 -0.9718970656394958 0.3033234477043152 
0 0 0 1 

-0.8549101948738098 -0.339218944311142 -0.3925031721591949 0.1718305647373199 
-0.3938572406768799 0.9168356657028198 0.06548887491226196 0.005277696065604687 
0.3376458585262299 0.2105773389339447 -0.9174160361289978 0.2805947065353394 
0 0 0 1 

-0.7823899984359741 -0.3310272991657257 -0.5275290012359619 0.2143856883049011 
-0.4098505079746246 0.911445140838623 0.03592165187001228 0.01738062500953674 
0.4689227044582367 0.2443127632141113 -0.8487772345542908 0.2532451748847961 
0 0 0 1 

-0.7026308178901672 -0.3215018212795258 -0.63478022813797 0.2471252530813217 
-0.4608927369117737 0.8853034377098083 0.06177078187465668 0.01054666936397552 
0.5421136617660522 0.3359677195549011 -0.7702192068099976 0.2257546484470367 
0 0 0 1 

-0.6380282044410706 -0.2945283949375153 -0.7114580869674683 0.2699685096740723 
-0.5197533965110779 0.8464455008506775 0.1156992837786674 -0.006459898315370083 
0.5681337714195251 0.4436022639274597 -0.6931383013725281 0.2004465758800507 
0 0 0 1 

-0.6329165697097778 -0.283174455165863 -0.7205754518508911 0.275220662355423 
-0.5661229491233826 0.8041508793830872 0.181235134601593 -0.02804829180240631 
0.5281302332878113 0.5226410031318665 -0.6692718863487244 0.1905372142791748 
0 0 0 1 

-0.6347706317901611 -0.3148516416549683 -0.7056447267532349 0.2708370089530945 
-0.5973364114761353 0.7792446613311768 0.1896495968103409 -0.02795358374714851 
0.490158349275589 0.54189133644104 -0.6827139854431152 0.1957517117261887 
0 0 0 1 

