0.9835770130157471 -0.07296741753816605 -0.1650817096233368 0.0005910503678023815 
-0.1766499727964401 -0.2015433311462402 -0.9634184241294861 0.3071803450584412 
0.0370270349085331 0.9767579436302185 -0.2111231088638306 0.09595233201980591 
0 0 0 1 

0.9887751936912537 -0.0806494727730751 -0.1257749050855637 -0.01226410176604986 
-0.1326928436756134 -0.08707688003778458 -0.9873247742652893 0.3124404847621918 
0.06867512315511703 0.9929316639900208 -0.09680107235908508 0.0549771822988987 
0 0 0 1 

0.9886112809181213 -0.09081343561410904 -0.1200029328465462 -0.01536193955689669 
-0.1231499910354614 -0.02986262552440166 -0.9919388294219971 0.3122336566448212 
0.08649776875972748 0.9954202175140381 -0.04070624336600304 0.03477329760789871 
0 0 0 1 

0.9908890724182129 -0.1068472266197205 -0.08199081569910049 -0.02767207473516464 
-0.07657436281442642 0.0538531206548214 -0.995608389377594 0.3096469640731812 
0.1107934638857841 0.9928159117698669 0.04518068581819534 0.001600291230715811 
0 0 0 1 

0.9330282807350159 -0.3494797646999359 -0.08556930720806122 -0.02530335448682308 
-0.0396549366414547 0.1364925354719162 -0.9898470640182495 0.3034254610538483 
0.3576110899448395 0.9269485473632812 0.1134927943348885 -0.038411945104599 
0 0 0 1 

0.9700594544410706 -0.1684715300798416 -0.1749341487884521 -0.002932068658992648 
-0.1443695873022079 0.1792107671499252 -0.9731601476669312 0.3062289655208588 
0.1952998638153076 0.9692783355712891 0.1495229303836823 -0.03093823231756687 
0 0 0 1 

0.9557299613952637 -0.1465608477592468 -0.2551474273204803 0.02054566331207752 
-0.2255350351333618 0.1920417249202728 -0.9551198482513428 0.3094999492168427 
0.1889821141958237 0.9703812599182129 0.1504854410886765 -0.02801609598100185 
0 0 0 1 

0.9384390115737915 0.1579065024852753 -0.3072421848773956 0.04609282314777374 
-0.3401439189910889 0.2671720683574677 -0.901621401309967 0.308988094329834 
-0.06028540059924126 0.9506232142448425 0.3044356405735016 -0.05527568235993385 
0 0 0 1 

0.9299970269203186 0.08142217993736267 -0.3584353923797607 0.05999878793954849 
-0.3629502952098846 0.3574929237365723 -0.8605031967163086 0.3016008734703064 
0.05807402357459068 0.9303596019744873 0.3620195686817169 -0.08229067921638489 
0 0 0 1 

0.8884169459342957 0.06856402009725571 -0.4538879990577698 0.09148948639631271 
-0.4377848207950592 0.4239344000816345 -0.7928580045700073 0.2905539572238922 
0.1380571573972702 0.9030938148498535 0.4066468179225922 -0.1027212142944336 
0 0 0 1 

