1.000000000000000000e+00 0.000000000000000000e+00 0.000000000000000000e+00 -3.619798645377159119e-02
0.000000000000000000e+00 1.000000000000000000e+00 0.000000000000000000e+00 -1.327119767665863037e-03
0.000000000000000000e+00 0.000000000000000000e+00 1.000000000000000000e+00 -2.960163652896881104e-01
0.000000000000000000e+00 0.000000000000000000e+00 0.000000000000000000e+00 1.000000000000000000e+00
9.896416664123535156e-01 1.430986076593399048e-01 1.149490941315889359e-02 -4.260800406336784363e-02
-1.423225253820419312e-01 9.884527921676635742e-01 -5.201868712902069092e-02 2.714168094098567963e-02
-1.880598254501819611e-02 4.984387755393981934e-02 9.985804557800292969e-01 -2.969814538955688477e-01
0.000000000000000000e+00 0.000000000000000000e+00 0.000000000000000000e+00 1.000000000000000000e+00
9.704416990280151367e-01 2.387126982212066650e-01 3.548470512032508850e-02 -5.024683848023414612e-02
-2.343865782022476196e-01 9.672845602035522461e-01 -9.707222878932952881e-02 5.172878876328468323e-02
-5.749623477458953857e-02 8.588577806949615479e-02 9.946442246437072754e-01 -2.948374748229980469e-01
0.000000000000000000e+00 0.000000000000000000e+00 0.000000000000000000e+00 1.000000000000000000e+00
9.417957663536071777e-01 3.342577815055847168e-01 3.594971820712089539e-02 -4.944503679871559143e-02
-3.264306485652923584e-01 9.347975850105285645e-01 -1.399861872196197510e-01 7.369307428598403931e-02
-8.039724081754684448e-02 1.201032698154449463e-01 9.895007610321044922e-01 -2.919678390026092529e-01
0.000000000000000000e+00 0.000000000000000000e+00 0.000000000000000000e+00 1.000000000000000000e+00
8.958045840263366699e-01 4.442752897739410400e-01 1.239579264074563980e-02 -3.683737665414810181e-02
-4.361714720726013184e-01 8.841378688812255859e-01 -1.674949526786804199e-01 8.875154703855514526e-02
-8.537351340055465698e-02 1.446360796689987183e-01 9.857949614524841309e-01 -2.904018163681030273e-01
0.000000000000000000e+00 0.000000000000000000e+00 0.000000000000000000e+00 1.000000000000000000e+00
8.306687474250793457e-01 5.567635893821716309e-01 1.937830355018377304e-03 -2.790880016982555389e-02
-5.459701418876647949e-01 8.152370452880859375e-01 -1.931425333023071289e-01 1.031578555703163147e-01
-1.091146096587181091e-01 1.593794673681259155e-01 9.811686873435974121e-01 -2.886443436145782471e-01
0.000000000000000000e+00 0.000000000000000000e+00 0.000000000000000000e+00 1.000000000000000000e+00
7.497289180755615234e-01 6.607778072357177734e-01 -3.576457127928733826e-02 -8.819581009447574615e-03
-6.559125781059265137e-01 7.348755598068237305e-01 -1.724428236484527588e-01 1.007412895560264587e-01
-8.766394108533859253e-02 1.527437716722488403e-01 9.843699932098388672e-01 -2.922343015670776367e-01
0.000000000000000000e+00 0.000000000000000000e+00 0.000000000000000000e+00 1.000000000000000000e+00
6.959857940673828125e-01 7.151789665222167969e-01 -6.420823931694030762e-02 3.174129175022244453e-03
-7.170677781105041504e-01 6.875550150871276855e-01 -1.143761426210403442e-01 8.207853883504867554e-02
-3.765275329351425171e-02 1.256458759307861328e-01 9.913604855537414551e-01 -2.994867265224456787e-01
0.000000000000000000e+00 0.000000000000000000e+00 0.000000000000000000e+00 1.000000000000000000e+00
5.871554613113403320e-01 8.091226220130920410e-01 -2.383665554225444794e-02 -5.585989449173212051e-03
-8.081787228584289551e-01 5.842968225479125977e-01 -7.378520071506500244e-02 6.907925754785537720e-02
-4.577363282442092896e-02 6.258767098188400269e-02 9.969893097877502441e-01 -3.068880736827850342e-01
0.000000000000000000e+00 0.000000000000000000e+00 0.000000000000000000e+00 1.000000000000000000e+00
5.009971261024475098e-01 8.644136786460876465e-01 -4.231867939233779907e-02 5.144551396369934082e-03
-8.650154471397399902e-01 4.985993206501007080e-01 -5.609855800867080688e-02 6.404354423284530640e-02
-2.739230170845985413e-02 6.471151113510131836e-02 9.975281953811645508e-01 -3.106257915496826172e-01
0.000000000000000000e+00 0.000000000000000000e+00 0.000000000000000000e+00 1.000000000000000000e+00
4.035998284816741943e-01 9.133457541465759277e-01 -5.391285568475723267e-02 1.346378494054079056e-02
-9.147922396659851074e-01 4.038792550563812256e-01 -6.092339288443326950e-03 4.580654203891754150e-02
1.620986312627792358e-02 5.177790299057960510e-02 9.985269904136657715e-01 -3.151823878288269043e-01
0.000000000000000000e+00 0.000000000000000000e+00 0.000000000000000000e+00 1.000000000000000000e+00
2.911554276943206787e-01 9.550039172172546387e-01 -5.653697252273559570e-02 1.959760673344135284e-02
-9.555592536926269531e-01 2.931616306304931641e-01 3.102673031389713287e-02 3.210673481225967407e-02
4.620509222149848938e-02 4.499083012342453003e-02 9.979179501533508301e-01 -3.174854218959808350e-01
0.000000000000000000e+00 0.000000000000000000e+00 0.000000000000000000e+00 1.000000000000000000e+00
1.716408729553222656e-01 9.826706647872924805e-01 -6.998495012521743774e-02 2.911459468305110931e-02
-9.830055832862854004e-01 1.755279898643493652e-01 5.375775694847106934e-02 2.334962040185928345e-02
6.511049717664718628e-02 5.956858769059181213e-02 9.960985779762268066e-01 -3.182443678379058838e-01
0.000000000000000000e+00 0.000000000000000000e+00 0.000000000000000000e+00 1.000000000000000000e+00
1.006999909877777100e-01 9.903762936592102051e-01 -9.494113922119140625e-02 3.985621407628059387e-02
-9.903554320335388184e-01 1.089082658290863037e-01 8.564661443233489990e-02 1.126677449792623520e-02
9.516227990388870239e-02 8.540079742670059204e-02 9.917914867401123047e-01 -3.171310722827911377e-01
0.000000000000000000e+00 0.000000000000000000e+00 0.000000000000000000e+00 1.000000000000000000e+00
1.298303063958883286e-02 9.957107305526733398e-01 -9.160307049751281738e-02 4.404264688491821289e-02
-9.974057674407958984e-01 1.938299834728240967e-02 6.932648271322250366e-02 1.868210174143314362e-02
7.080467790365219116e-02 9.046544134616851807e-02 9.933797717094421387e-01 -3.114932179450988770e-01
0.000000000000000000e+00 0.000000000000000000e+00 0.000000000000000000e+00 1.000000000000000000e+00
-9.199018031358718872e-02 8.972535729408264160e-01 -4.318259060382843018e-01 1.625512987375259399e-01
-9.905245900154113770e-01 -3.804293647408485413e-02 1.319617480039596558e-01 -2.091601723805069923e-03
1.019751504063606262e-01 4.398734271526336670e-01 8.922512531280517578e-01 -2.726369798183441162e-01
0.000000000000000000e+00 0.000000000000000000e+00 0.000000000000000000e+00 1.000000000000000000e+00
-1.644910871982574463e-01 8.691748976707458496e-01 -4.663445651531219482e-01 1.751908659934997559e-01
-9.772114157676696777e-01 -7.929226011037826538e-02 1.969009190797805786e-01 -2.497165836393833160e-02
1.341637969017028809e-01 4.881058335304260254e-01 8.624109029769897461e-01 -2.639556229114532471e-01
0.000000000000000000e+00 0.000000000000000000e+00 0.000000000000000000e+00 1.000000000000000000e+00
-1.391163915395736694e-01 8.125913143157958984e-01 -5.659874677658081055e-01 2.008617520332336426e-01
-9.901534318923950195e-01 -1.231398135423660278e-01 6.658137589693069458e-02 1.694679819047451019e-02
-1.559215504676103592e-02 5.696770548820495605e-01 8.217207193374633789e-01 -2.436048239469528198e-01
0.000000000000000000e+00 0.000000000000000000e+00 0.000000000000000000e+00 1.000000000000000000e+00
-9.247361868619918823e-02 7.319293618202209473e-01 -6.750763654708862305e-01 2.252484560012817383e-01
-9.942530989646911621e-01 -3.114938735961914062e-02 1.024225354194641113e-01 9.235892444849014282e-03
5.393784120678901672e-02 6.806679964065551758e-01 7.306035757064819336e-01 -2.243521660566329956e-01
0.000000000000000000e+00 0.000000000000000000e+00 0.000000000000000000e+00 1.000000000000000000e+00
-6.304955482482910156e-02 5.623649358749389648e-01 -8.244819045066833496e-01 2.686491608619689941e-01
-9.863864183425903320e-01 9.060605615377426147e-02 1.372313797473907471e-01 -1.758807688020169735e-03
1.518772244453430176e-01 8.219104409217834473e-01 5.489962697029113770e-01 -1.675870567560195923e-01
0.000000000000000000e+00 0.000000000000000000e+00 0.000000000000000000e+00 1.000000000000000000e+00
-1.236727237701416016e-01 4.181042611598968506e-01 -8.999409079551696777e-01 2.905043959617614746e-01
-9.861810207366943359e-01 4.896200448274612427e-02 1.582715064287185669e-01 -1.241162605583667755e-02
1.102367863059043884e-01 9.070783853530883789e-01 4.062713086605072021e-01 -1.175862178206443787e-01
0.000000000000000000e+00 0.000000000000000000e+00 0.000000000000000000e+00 1.000000000000000000e+00
-1.959573477506637573e-01 3.148571550846099854e-01 -9.286903142929077148e-01 3.011111915111541748e-01
-9.748538732528686523e-01 3.993371129035949707e-02 2.192369550466537476e-01 -3.221876546740531921e-02
1.061143428087234497e-01 9.482980966567993164e-01 2.991143763065338135e-01 -8.416226506233215332e-02
0.000000000000000000e+00 0.000000000000000000e+00 0.000000000000000000e+00 1.000000000000000000e+00
-2.747950553894042969e-01 1.907265484333038330e-01 -9.423964619636535645e-01 3.087269961833953857e-01
-9.596838355064392090e-01 5.851793568581342697e-03 2.810203731060028076e-01 -5.269980803132057190e-02
5.911270529031753540e-02 9.816257953643798828e-01 1.814293414354324341e-01 -4.468398168683052063e-02
0.000000000000000000e+00 0.000000000000000000e+00 0.000000000000000000e+00 1.000000000000000000e+00
-1.840292960405349731e-01 -8.332051634788513184e-01 -5.214427113533020020e-01 1.695515960454940796e-01
-9.461670517921447754e-01 6.452634930610656738e-03 3.236140906810760498e-01 -6.409899145364761353e-02
-2.662721574306488037e-01 5.529266595840454102e-01 -7.895386815071105957e-01 2.779438495635986328e-01
0.000000000000000000e+00 0.000000000000000000e+00 0.000000000000000000e+00 1.000000000000000000e+00
-1.614152789115905762e-01 -8.767343759536743164e-01 -4.530818164348602295e-01 1.455372273921966553e-01
-9.685239195823669434e-01 5.257875844836235046e-02 2.433044463396072388e-01 -3.899843245744705200e-02
-1.894907355308532715e-01 4.780935645103454590e-01 -8.576244711875915527e-01 2.948128283023834229e-01
0.000000000000000000e+00 0.000000000000000000e+00 0.000000000000000000e+00 1.000000000000000000e+00
-8.339743316173553467e-02 -8.607402443885803223e-01 -5.021657943725585938e-01 1.542175114154815674e-01
-9.895091056823730469e-01 1.187515351921319962e-02 1.439796388149261475e-01 -5.037250928580760956e-03
-1.179658770561218262e-01 5.089052319526672363e-01 -8.527005314826965332e-01 2.888782024383544922e-01
0.000000000000000000e+00 0.000000000000000000e+00 0.000000000000000000e+00 1.000000000000000000e+00
2.315959893167018890e-02 -8.618956208229064941e-01 -5.065557956695556641e-01 1.463801413774490356e-01
-9.990359544754028320e-01 -3.885105997323989868e-02 2.042927779257297516e-02 3.730226308107376099e-02
-3.728822618722915649e-02 5.055944323539733887e-01 -8.619648218154907227e-01 2.861482203006744385e-01
0.000000000000000000e+00 0.000000000000000000e+00 0.000000000000000000e+00 1.000000000000000000e+00
5.528374761343002319e-02 -8.612753748893737793e-01 -5.051215887069702148e-01 1.428241133689880371e-01
-9.946833848953247070e-01 -3.487895010039210320e-03 -1.029173880815505981e-01 7.721737027168273926e-02
8.687843382358551025e-02 5.081260204315185547e-01 -8.568896055221557617e-01 2.763716876506805420e-01
0.000000000000000000e+00 0.000000000000000000e+00 0.000000000000000000e+00 1.000000000000000000e+00
2.784122712910175323e-02 -8.715065717697143555e-01 -4.895927011966705322e-01 1.419748514890670776e-01
-9.826147556304931641e-01 6.607647240161895752e-02 -1.734980046749114990e-01 9.110682457685470581e-02
1.835553646087646484e-01 4.859113395214080811e-01 -8.545159697532653809e-01 2.718583345413208008e-01
0.000000000000000000e+00 0.000000000000000000e+00 0.000000000000000000e+00 1.000000000000000000e+00
-4.166723042726516724e-02 -8.735623955726623535e-01 -4.849240183830261230e-01 1.481195539236068726e-01
-9.952285289764404297e-01 7.914697378873825073e-02 -5.706290155649185181e-02 5.366807430982589722e-02
8.822828531265258789e-02 4.802330136299133301e-01 -8.726924657821655273e-01 2.929624617099761963e-01
0.000000000000000000e+00 0.000000000000000000e+00 0.000000000000000000e+00 1.000000000000000000e+00
-4.538099467754364014e-02 -8.815212845802307129e-01 -4.699589014053344727e-01 1.414998322725296021e-01
-9.921726584434509277e-01 -1.501351129263639450e-02 1.239700615406036377e-01 -3.901909803971648216e-03
-1.163380444049835205e-01 4.719056785106658936e-01 -8.739393353462219238e-01 3.111337125301361084e-01
0.000000000000000000e+00 0.000000000000000000e+00 0.000000000000000000e+00 1.000000000000000000e+00
1.297983229160308838e-01 -8.728959560394287109e-01 -4.703242480754852295e-01 1.273956447839736938e-01
-9.860582947731018066e-01 -1.634451448917388916e-01 3.121702559292316437e-02 2.524432167410850525e-02
-1.041214615106582642e-01 4.597152471542358398e-01 -8.819410204887390137e-01 3.151795268058776855e-01
0.000000000000000000e+00 0.000000000000000000e+00 0.000000000000000000e+00 1.000000000000000000e+00
2.344179898500442505e-01 -8.136867880821228027e-01 -5.319418907165527344e-01 1.332136839628219604e-01
-9.440902471542358398e-01 -3.210362493991851807e-01 7.502929121255874634e-02 1.002253964543342590e-02
-2.318229675292968750e-01 4.846128821372985840e-01 -8.434503674507141113e-01 3.080618083477020264e-01
0.000000000000000000e+00 0.000000000000000000e+00 0.000000000000000000e+00 1.000000000000000000e+00
3.456994891166687012e-01 -7.427456378936767578e-01 -5.734287500381469727e-01 1.313669383525848389e-01
-9.072594046592712402e-01 -4.205650687217712402e-01 -2.207654295489192009e-03 3.238907456398010254e-02
-2.395245432853698730e-01 5.210119485855102539e-01 -8.192521333694458008e-01 2.951366007328033447e-01
0.000000000000000000e+00 0.000000000000000000e+00 0.000000000000000000e+00 1.000000000000000000e+00
3.638242483139038086e-01 -7.316429018974304199e-01 -5.764814615249633789e-01 1.303624659776687622e-01
-9.182343482971191406e-01 -3.856664597988128662e-01 -9.003890305757522583e-02 6.207695603370666504e-02
-1.564532965421676636e-01 5.621032118797302246e-01 -8.121341466903686523e-01 2.849844098091125488e-01
0.000000000000000000e+00 0.000000000000000000e+00 0.000000000000000000e+00 1.000000000000000000e+00
3.754746615886688232e-01 -7.199006676673889160e-01 -5.837478637695312500e-01 1.321461498737335205e-01
-9.233011007308959961e-01 -3.454611897468566895e-01 -1.678436249494552612e-01 8.656593412160873413e-02
-8.083163201808929443e-02 6.019961833953857422e-01 -7.943972945213317871e-01 2.730681896209716797e-01
0.000000000000000000e+00 0.000000000000000000e+00 0.000000000000000000e+00 1.000000000000000000e+00
5.366187691688537598e-01 -6.134588718414306641e-01 -5.794035196304321289e-01 1.255698651075363159e-01
-8.401456475257873535e-01 -4.524699747562408447e-01 -2.990420758724212646e-01 1.226316094398498535e-01
-7.871279865503311157e-02 6.472548246383666992e-01 -7.581984996795654297e-01 2.606381773948669434e-01
0.000000000000000000e+00 0.000000000000000000e+00 0.000000000000000000e+00 1.000000000000000000e+00
6.855665445327758789e-01 -4.232051968574523926e-01 -5.923640727996826172e-01 1.250141710042953491e-01
-7.072184085845947266e-01 -5.802221298217773438e-01 -4.039609134197235107e-01 1.526491045951843262e-01
-1.727444678544998169e-01 6.958729624748229980e-01 -6.970793604850769043e-01 2.560330927371978760e-01
0.000000000000000000e+00 0.000000000000000000e+00 0.000000000000000000e+00 1.000000000000000000e+00
7.094513177871704102e-01 -3.443515002727508545e-01 -6.148991584777832031e-01 1.282130181789398193e-01
-6.460574865341186523e-01 -6.663802862167358398e-01 -3.722187280654907227e-01 1.410250067710876465e-01
-2.815827429294586182e-01 6.613311767578125000e-01 -6.952349543571472168e-01 2.661500573158264160e-01
0.000000000000000000e+00 0.000000000000000000e+00 0.000000000000000000e+00 1.000000000000000000e+00
7.557933926582336426e-01 -2.590480148792266846e-01 -6.013901829719543457e-01 1.288092285394668579e-01
-5.672869086265563965e-01 -7.177452445030212402e-01 -4.037661254405975342e-01 1.430525183677673340e-01
-3.270502984523773193e-01 6.463246941566467285e-01 -6.894217133522033691e-01 2.637554109096527100e-01
0.000000000000000000e+00 0.000000000000000000e+00 0.000000000000000000e+00 1.000000000000000000e+00
7.496196031570434570e-01 -2.517499327659606934e-01 -6.121211647987365723e-01 1.390304714441299438e-01
-5.362517237663269043e-01 -7.730989456176757812e-01 -3.387518823146820068e-01 1.148222833871841431e-01
-3.879489898681640625e-01 5.821860432624816895e-01 -7.145312428474426270e-01 2.753016650676727295e-01
0.000000000000000000e+00 0.000000000000000000e+00 0.000000000000000000e+00 1.000000000000000000e+00
7.368769645690917969e-01 -3.537566661834716797e-01 -5.760804414749145508e-01 1.357722282409667969e-01
-5.850192308425903320e-01 -7.607198357582092285e-01 -2.811720967292785645e-01 9.320779144763946533e-02
-3.387692868709564209e-01 5.442075729370117188e-01 -7.675112485885620117e-01 2.890589535236358643e-01
0.000000000000000000e+00 0.000000000000000000e+00 0.000000000000000000e+00 1.000000000000000000e+00
8.111431002616882324e-01 -1.829391866922378540e-01 -5.554996728897094727e-01 1.339503228664398193e-01
-5.275099277496337891e-01 -6.389974355697631836e-01 -5.598351955413818359e-01 1.817317306995391846e-01
-2.525471448898315430e-01 7.471380233764648438e-01 -6.148203611373901367e-01 2.469203770160675049e-01
0.000000000000000000e+00 0.000000000000000000e+00 0.000000000000000000e+00 1.000000000000000000e+00
8.493155837059020996e-01 -1.098422706127166748e-01 -5.163308978080749512e-01 1.200468242168426514e-01
-4.768208563327789307e-01 -5.793189406394958496e-01 -6.610831618309020996e-01 2.150067836046218872e-01
-2.265055179595947266e-01 8.076655864715576172e-01 -5.443995594978332520e-01 2.226751148700714111e-01
0.000000000000000000e+00 0.000000000000000000e+00 0.000000000000000000e+00 1.000000000000000000e+00
8.704876899719238281e-01 -1.881919987499713898e-02 -4.918299317359924316e-01 1.122937425971031189e-01
-4.313316941261291504e-01 -5.104868412017822266e-01 -7.438790798187255859e-01 2.427721619606018066e-01
-2.370734661817550659e-01 8.596794605255126953e-01 -4.524900615215301514e-01 1.932294219732284546e-01
0.000000000000000000e+00 0.000000000000000000e+00 0.000000000000000000e+00 1.000000000000000000e+00
8.733844757080078125e-01 1.517951488494873047e-01 -4.627715349197387695e-01 1.050349399447441101e-01
-3.682627677917480469e-01 -4.159852862358093262e-01 -8.314676880836486816e-01 2.717495858669281006e-01
-3.187189102172851562e-01 8.966124653816223145e-01 -3.074145019054412842e-01 1.496209651231765747e-01
0.000000000000000000e+00 0.000000000000000000e+00 0.000000000000000000e+00 1.000000000000000000e+00
9.422426223754882812e-01 -2.940017580986022949e-01 -1.604401618242263794e-01 -3.284585429355502129e-03
-2.510883808135986328e-01 -3.030339777469635010e-01 -9.193068742752075195e-01 2.947799861431121826e-01
2.216589599847793579e-01 9.064950942993164062e-01 -3.593521118164062500e-01 1.340399682521820068e-01
0.000000000000000000e+00 0.000000000000000000e+00 0.000000000000000000e+00 1.000000000000000000e+00
9.757552146911621094e-01 -1.497574746608734131e-01 -1.596074551343917847e-01 -2.988189924508333206e-03
-1.905371397733688354e-01 -2.224169522523880005e-01 -9.561516642570495605e-01 3.038910031318664551e-01
1.076914891600608826e-01 9.633810520172119141e-01 -2.455589175224304199e-01 1.017924100160598755e-01
0.000000000000000000e+00 0.000000000000000000e+00 0.000000000000000000e+00 1.000000000000000000e+00
9.856303334236145020e-01 -9.152279794216156006e-02 -1.419756263494491577e-01 -8.070558309555053711e-03
-1.517924219369888306e-01 -1.111240461468696594e-01 -9.821457266807556152e-01 3.101957142353057861e-01
7.411183416843414307e-02 9.895830154418945312e-01 -1.234196573495864868e-01 6.198485195636749268e-02
0.000000000000000000e+00 0.000000000000000000e+00 0.000000000000000000e+00 1.000000000000000000e+00
9.798847436904907227e-01 -1.471551060676574707e-01 -1.348011046648025513e-01 -1.206204947084188461e-02
-1.438929736614227295e-01 -5.294612050056457520e-02 -9.881761670112609863e-01 3.104926645755767822e-01
1.382779031991958618e-01 9.876953959465026855e-01 -7.305569946765899658e-02 4.025470465421676636e-02
0.000000000000000000e+00 0.000000000000000000e+00 0.000000000000000000e+00 1.000000000000000000e+00
9.936272501945495605e-01 -4.679303616285324097e-02 -1.025460213422775269e-01 -2.189826220273971558e-02
-1.011757999658584595e-01 3.077362664043903351e-02 -9.943926334381103516e-01 3.090723156929016113e-01
4.968633875250816345e-02 9.984306097030639648e-01 2.584318444132804871e-02 9.486579336225986481e-03
0.000000000000000000e+00 0.000000000000000000e+00 0.000000000000000000e+00 1.000000000000000000e+00
9.875349998474121094e-01 -1.314802169799804688e-01 -8.653216809034347534e-02 -2.685785293579101562e-02
-7.001543790102005005e-02 1.254333853721618652e-01 -9.896286129951477051e-01 3.036442995071411133e-01
1.409704983234405518e-01 9.833509325981140137e-01 1.146641671657562256e-01 -2.786671184003353119e-02
0.000000000000000000e+00 0.000000000000000000e+00 0.000000000000000000e+00 1.000000000000000000e+00
9.822643995285034180e-01 9.493637830018997192e-02 -1.616888195276260376e-01 -4.647409077733755112e-03
-1.755026429891586304e-01 1.620147228240966797e-01 -9.710561037063598633e-01 3.058215379714965820e-01
-6.599263101816177368e-02 9.822107553482055664e-01 1.758029013872146606e-01 -2.527604997158050537e-02
0.000000000000000000e+00 0.000000000000000000e+00 0.000000000000000000e+00 1.000000000000000000e+00
7.525009512901306152e-01 6.505925059318542480e-01 -1.023328453302383423e-01 1.084128816728480160e-04
-2.732362747192382812e-01 1.670278757810592651e-01 -9.473350048065185547e-01 3.080743253231048584e-01
-5.992366075515747070e-01 7.408311367034912109e-01 3.034540712833404541e-01 -3.532128036022186279e-02
0.000000000000000000e+00 0.000000000000000000e+00 0.000000000000000000e+00 1.000000000000000000e+00
5.510601401329040527e-01 8.344237804412841797e-01 -8.368062786757946014e-03 -7.439485751092433929e-03
-3.725721240043640137e-01 2.370517998933792114e-01 -8.972159624099731445e-01 3.073360323905944824e-01
-7.466744184494018555e-01 4.975376129150390625e-01 4.415127933025360107e-01 -7.138144969940185547e-02
0.000000000000000000e+00 0.000000000000000000e+00 0.000000000000000000e+00 1.000000000000000000e+00
9.085292816162109375e-01 3.009256422519683838e-01 -2.898584902286529541e-01 4.489794373512268066e-02
-3.864013254642486572e-01 3.412081003189086914e-01 -8.568956255912780762e-01 3.002358675003051758e-01
-1.589599549770355225e-01 8.905169963836669922e-01 4.262757599353790283e-01 -9.130680561065673828e-02
0.000000000000000000e+00 0.000000000000000000e+00 0.000000000000000000e+00 1.000000000000000000e+00
8.827999234199523926e-01 1.756392121315002441e-01 -4.356781840324401855e-01 8.974105119705200195e-02
-4.678215086460113525e-01 4.126650393009185791e-01 -7.815692424774169922e-01 2.872565388679504395e-01
4.251486063003540039e-02 8.937884569168090820e-01 4.464683532714843750e-01 -1.118687465786933899e-01
0.000000000000000000e+00 0.000000000000000000e+00 0.000000000000000000e+00 1.000000000000000000e+00
8.714616298675537109e-01 1.473914384841918945e-01 -4.677934646606445312e-01 1.002433821558952332e-01
-4.733478426933288574e-01 5.025166273117065430e-01 -7.234766483306884766e-01 2.696712911128997803e-01
1.284396797418594360e-01 8.519112467765808105e-01 5.076915621757507324e-01 -1.390596479177474976e-01
0.000000000000000000e+00 0.000000000000000000e+00 0.000000000000000000e+00 1.000000000000000000e+00
8.598393201828002930e-01 1.368712186813354492e-01 -4.918763041496276855e-01 1.083869859576225281e-01
-4.724489450454711914e-01 5.785426497459411621e-01 -6.648912429809570312e-01 2.536423504352569580e-01
1.935669481754302979e-01 8.040860891342163086e-01 5.621182322502136230e-01 -1.582865267992019653e-01
0.000000000000000000e+00 0.000000000000000000e+00 0.000000000000000000e+00 1.000000000000000000e+00
8.384352326393127441e-01 9.863165766000747681e-02 -5.360018610954284668e-01 1.200600564479827881e-01
-4.503343105316162109e-01 6.793096661567687988e-01 -5.794280171394348145e-01 2.282749712467193604e-01
3.069614171981811523e-01 7.271930575370788574e-01 6.139745116233825684e-01 -1.816334724426269531e-01
0.000000000000000000e+00 0.000000000000000000e+00 0.000000000000000000e+00 1.000000000000000000e+00
8.223161101341247559e-01 1.111086457967758179e-01 -5.580781698226928711e-01 1.286470890045166016e-01
-4.476413428783416748e-01 7.317982316017150879e-01 -5.138944387435913086e-01 2.088617533445358276e-01
3.513025939464569092e-01 6.724026799201965332e-01 6.515067219734191895e-01 -1.974348127841949463e-01
0.000000000000000000e+00 0.000000000000000000e+00 0.000000000000000000e+00 1.000000000000000000e+00
7.915601134300231934e-01 1.467465460300445557e-01 -5.932095050811767578e-01 1.434973329305648804e-01
-4.535324573516845703e-01 7.916764616966247559e-01 -4.093364477157592773e-01 1.780407279729843140e-01
4.095610976219177246e-01 5.930547118186950684e-01 6.932140588760375977e-01 -2.162525653839111328e-01
0.000000000000000000e+00 0.000000000000000000e+00 0.000000000000000000e+00 1.000000000000000000e+00
7.656069397926330566e-01 2.119175344705581665e-01 -6.074013113975524902e-01 1.521578431129455566e-01
-4.600669145584106445e-01 8.403162360191345215e-01 -2.867178618907928467e-01 1.410980373620986938e-01
4.496483802795410156e-01 4.989584088325500488e-01 7.408480644226074219e-01 -2.366860359907150269e-01
0.000000000000000000e+00 0.000000000000000000e+00 0.000000000000000000e+00 1.000000000000000000e+00
7.359633445739746094e-01 2.746450603008270264e-01 -6.188116669654846191e-01 1.596904247999191284e-01
-4.641489684581756592e-01 8.700915575027465820e-01 -1.658501625061035156e-01 1.040779948234558105e-01
4.928729832172393799e-01 4.092806577682495117e-01 7.678319215774536133e-01 -2.506596446037292480e-01
0.000000000000000000e+00 0.000000000000000000e+00 0.000000000000000000e+00 1.000000000000000000e+00
7.219950556755065918e-01 3.534223437309265137e-01 -5.948241949081420898e-01 1.548812836408615112e-01
-4.399771094322204590e-01 8.980085849761962891e-01 -4.788960504811257124e-04 5.219678208231925964e-02
5.339877605438232422e-01 2.620547115802764893e-01 8.038555383682250977e-01 -2.671435773372650146e-01
0.000000000000000000e+00 0.000000000000000000e+00 0.000000000000000000e+00 1.000000000000000000e+00
7.029688358306884766e-01 3.963342308998107910e-01 -5.905539393424987793e-01 1.531205922365188599e-01
-3.740156292915344238e-01 9.122578501701354980e-01 1.670259088277816772e-01 -6.218148395419120789e-03
6.049356460571289062e-01 1.034625694155693054e-01 7.895240187644958496e-01 -2.645869255065917969e-01
0.000000000000000000e+00 0.000000000000000000e+00 0.000000000000000000e+00 1.000000000000000000e+00
7.007907629013061523e-01 4.207860529422760010e-01 -5.760484933853149414e-01 1.474206149578094482e-01
-3.014754056930541992e-01 9.065453410148620605e-01 2.954446077346801758e-01 -5.197175964713096619e-02
6.465331912040710449e-01 -3.338026627898216248e-02 7.621553540229797363e-01 -2.583085596561431885e-01
0.000000000000000000e+00 0.000000000000000000e+00 0.000000000000000000e+00 1.000000000000000000e+00
6.916460394859313965e-01 4.543136358261108398e-01 -5.614485740661621094e-01 1.425656974315643311e-01
-2.444052398204803467e-01 8.787398338317871094e-01 4.099780917167663574e-01 -9.166762232780456543e-02
6.796260476112365723e-01 -1.463388055562973022e-01 7.188139557838439941e-01 -2.463577389717102051e-01
0.000000000000000000e+00 0.000000000000000000e+00 0.000000000000000000e+00 1.000000000000000000e+00
6.873853802680969238e-01 4.786871373653411865e-01 -5.462234020233154297e-01 1.379197984933853149e-01
-1.638140827417373657e-01 8.348743319511413574e-01 5.254997611045837402e-01 -1.345146596431732178e-01
7.075776457786560059e-01 -2.717415690422058105e-01 6.522960066795349121e-01 -2.274114191532135010e-01
0.000000000000000000e+00 0.000000000000000000e+00 0.000000000000000000e+00 1.000000000000000000e+00
6.738307476043701172e-01 5.098683238029479980e-01 -5.347760915756225586e-01 1.350292712450027466e-01
-9.787811338901519775e-02 7.789768576622009277e-01 6.193662881851196289e-01 -1.699665784835815430e-01
7.323734760284423828e-01 -3.650051653385162354e-01 5.748033523559570312e-01 -2.043632864952087402e-01
0.000000000000000000e+00 0.000000000000000000e+00 0.000000000000000000e+00 1.000000000000000000e+00
6.773055791854858398e-01 5.275639891624450684e-01 -5.127698779106140137e-01 1.276944577693939209e-01
-3.702846542000770569e-02 7.205429077148437500e-01 6.924210786819458008e-01 -1.988174617290496826e-01
7.347691059112548828e-01 -4.499936997890472412e-01 5.075626969337463379e-01 -1.845645904541015625e-01
0.000000000000000000e+00 0.000000000000000000e+00 0.000000000000000000e+00 1.000000000000000000e+00
6.954957842826843262e-01 5.300547480583190918e-01 -4.851053059101104736e-01 1.179825067520141602e-01
1.252020150423049927e-02 6.660935878753662109e-01 7.457631826400756836e-01 -2.207500934600830078e-01
7.184208631515502930e-01 -5.247488617897033691e-01 4.566290974617004395e-01 -1.693437397480010986e-01
0.000000000000000000e+00 0.000000000000000000e+00 0.000000000000000000e+00 1.000000000000000000e+00
7.362611889839172363e-01 5.124107599258422852e-01 -4.419899582862854004e-01 1.015598624944686890e-01
6.308330595493316650e-02 5.983405113220214844e-01 7.987548112869262695e-01 -2.426085323095321655e-01
6.737504601478576660e-01 -6.159743666648864746e-01 4.082101881504058838e-01 -1.549751907587051392e-01
0.000000000000000000e+00 0.000000000000000000e+00 0.000000000000000000e+00 1.000000000000000000e+00
7.913166284561157227e-01 4.830262362957000732e-01 -3.748379647731781006e-01 7.660152763128280640e-02
1.007847562432289124e-01 5.016362071037292480e-01 8.591872453689575195e-01 -2.688095271587371826e-01
6.030426025390625000e-01 -7.176675796508789062e-01 3.482715189456939697e-01 -1.355248540639877319e-01
0.000000000000000000e+00 0.000000000000000000e+00 0.000000000000000000e+00 1.000000000000000000e+00
8.260133266448974609e-01 4.685018956661224365e-01 -3.133822679519653320e-01 5.630314350128173828e-02
1.253310441970825195e-01 3.894033730030059814e-01 9.125002622604370117e-01 -2.909676730632781982e-01
5.495400428771972656e-01 -7.930138707160949707e-01 2.629346847534179688e-01 -1.068131104111671448e-01
0.000000000000000000e+00 0.000000000000000000e+00 0.000000000000000000e+00 1.000000000000000000e+00
8.658896684646606445e-01 4.153445661067962646e-01 -2.787899374961853027e-01 4.205568879842758179e-02
1.596720963716506958e-01 2.986807525157928467e-01 9.409011006355285645e-01 -3.040156066417694092e-01
4.740673005580902100e-01 -8.592311739921569824e-01 1.923055052757263184e-01 -8.246315270662307739e-02
0.000000000000000000e+00 0.000000000000000000e+00 0.000000000000000000e+00 1.000000000000000000e+00
8.976347446441650391e-01 3.561072349548339844e-01 -2.596918940544128418e-01 3.329382091760635376e-02
1.954452693462371826e-01 2.064982950687408447e-01 9.587280750274658203e-01 -3.140989840030670166e-01
3.950358927249908447e-01 -9.113428592681884766e-01 1.157605797052383423e-01 -5.514006689190864563e-02
0.000000000000000000e+00 0.000000000000000000e+00 0.000000000000000000e+00 1.000000000000000000e+00
9.471290707588195801e-01 2.223109453916549683e-01 -2.313548922538757324e-01 2.005873806774616241e-02
2.102938890457153320e-01 1.144789829850196838e-01 9.709126949310302734e-01 -3.211944103240966797e-01
2.423297911882400513e-01 -9.682317376136779785e-01 6.167569756507873535e-02 -2.869767695665359497e-02
0.000000000000000000e+00 0.000000000000000000e+00 0.000000000000000000e+00 1.000000000000000000e+00
9.829378724098205566e-01 3.087209071964025497e-03 -1.839121580123901367e-01 -1.194829703308641911e-03
1.837813258171081543e-01 2.478509396314620972e-02 9.826546311378479004e-01 -3.273260891437530518e-01
7.591957692056894302e-03 -9.996880292892456055e-01 2.379488199949264526e-02 -6.400027195923030376e-04
0.000000000000000000e+00 0.000000000000000000e+00 0.000000000000000000e+00 1.000000000000000000e+00
9.819410443305969238e-01 8.769489079713821411e-02 -1.676355302333831787e-01 -6.398612633347511292e-03
1.738471537828445435e-01 -6.873078644275665283e-02 9.823710918426513672e-01 -3.312531411647796631e-01
7.462721318006515503e-02 -9.937734603881835938e-01 -8.273511379957199097e-02 3.544020652770996094e-02
0.000000000000000000e+00 0.000000000000000000e+00 0.000000000000000000e+00 1.000000000000000000e+00
9.837933778762817383e-01 3.112344630062580109e-02 -1.765834391117095947e-01 -1.472068601287901402e-03
1.790186762809753418e-01 -1.148277372121810913e-01 9.771217107772827148e-01 -3.318854272365570068e-01
1.013469509780406952e-02 -9.928976893424987793e-01 -1.185384467244148254e-01 5.600911751389503479e-02
0.000000000000000000e+00 0.000000000000000000e+00 0.000000000000000000e+00 1.000000000000000000e+00
9.832886457443237305e-01 -1.117560938000679016e-01 -1.437151730060577393e-01 -1.024619862437248230e-02
1.362872123718261719e-01 -7.152175903320312500e-02 9.880840778350830078e-01 -3.330111205577850342e-01
-1.207031458616256714e-01 -9.911584258079528809e-01 -5.509560555219650269e-02 4.072934016585350037e-02
0.000000000000000000e+00 0.000000000000000000e+00 0.000000000000000000e+00 1.000000000000000000e+00
9.393095374107360840e-01 3.358595073223114014e-01 -6.997168809175491333e-02 -3.120897710323333740e-02
5.233294889330863953e-02 6.129711866378784180e-02 9.967464208602905273e-01 -3.291209936141967773e-01
3.390560150146484375e-01 -9.399154186248779297e-01 4.000045359134674072e-02 -1.922436803579330444e-02
0.000000000000000000e+00 0.000000000000000000e+00 0.000000000000000000e+00 1.000000000000000000e+00
8.626056909561157227e-01 5.016066431999206543e-01 -6.559079885482788086e-02 -2.684909477829933167e-02
-3.822718933224678040e-02 1.939204782247543335e-01 9.802720546722412109e-01 -3.161353468894958496e-01
5.044305324554443359e-01 -8.430806994438171387e-01 1.864520460367202759e-01 -7.606978714466094971e-02
0.000000000000000000e+00 0.000000000000000000e+00 0.000000000000000000e+00 1.000000000000000000e+00
7.596821188926696777e-01 6.456725001335144043e-01 -7.739527523517608643e-02 -1.362159196287393570e-02
-1.693770289421081543e-01 3.113696873188018799e-01 9.350720047950744629e-01 -2.907010316848754883e-01
6.278494000434875488e-01 -6.972488760948181152e-01 3.459042012691497803e-01 -1.339592635631561279e-01
0.000000000000000000e+00 0.000000000000000000e+00 0.000000000000000000e+00 1.000000000000000000e+00
9.458954334259033203e-01 2.078987956047058105e-01 2.491172254085540771e-01 -1.231889128684997559e-01
-3.143459260463714600e-01 3.968553245067596436e-01 8.623759746551513672e-01 -2.553973495960235596e-01
8.042351156473159790e-02 -8.940266370773315430e-01 4.407358169555664062e-01 -1.386330872774124146e-01
0.000000000000000000e+00 0.000000000000000000e+00 0.000000000000000000e+00 1.000000000000000000e+00
8.901151418685913086e-01 3.540853559970855713e-01 2.869130969047546387e-01 -1.273321211338043213e-01
-4.403685331344604492e-01 5.061470270156860352e-01 7.415462732315063477e-01 -2.064649909734725952e-01
1.173504441976547241e-01 -7.864088416099548340e-01 6.064570546150207520e-01 -1.918407082557678223e-01
0.000000000000000000e+00 0.000000000000000000e+00 0.000000000000000000e+00 1.000000000000000000e+00
8.096567392349243164e-01 5.004332661628723145e-01 3.066305220127105713e-01 -1.229430884122848511e-01
-5.766764283180236816e-01 5.812287926673889160e-01 5.741233825683593750e-01 -1.447184383869171143e-01
1.090880334377288818e-01 -6.416693329811096191e-01 7.591840028762817383e-01 -2.359185963869094849e-01
0.000000000000000000e+00 0.000000000000000000e+00 0.000000000000000000e+00 1.000000000000000000e+00
7.368602156639099121e-01 5.809038281440734863e-01 3.458143472671508789e-01 -1.250834167003631592e-01
-6.751924157142639160e-01 6.066807508468627930e-01 4.195868968963623047e-01 -9.028032422065734863e-02
3.394096344709396362e-02 -5.426683425903320312e-01 8.392609953880310059e-01 -2.550596296787261963e-01
0.000000000000000000e+00 0.000000000000000000e+00 0.000000000000000000e+00 1.000000000000000000e+00
6.576954126358032227e-01 7.005755901336669922e-01 2.768228948116302490e-01 -9.197727590799331665e-02
-7.529237270355224609e-01 6.000187397003173828e-01 2.703381180763244629e-01 -4.039991274476051331e-02
2.329349704086780548e-02 -3.862266540527343750e-01 9.221097230911254883e-01 -2.760311365127563477e-01
0.000000000000000000e+00 0.000000000000000000e+00 0.000000000000000000e+00 1.000000000000000000e+00
6.813352108001708984e-01 6.920340657234191895e-01 2.384766191244125366e-01 -8.069182932376861572e-02
-7.316239476203918457e-01 6.538928151130676270e-01 1.927433907985687256e-01 -1.287645101547241211e-02
-2.255307510495185852e-02 -3.057981133460998535e-01 9.518293142318725586e-01 -2.797519862651824951e-01
0.000000000000000000e+00 0.000000000000000000e+00 0.000000000000000000e+00 1.000000000000000000e+00
6.836408376693725586e-01 6.910015940666198730e-01 2.348452806472778320e-01 -7.985029369592666626e-02
-7.180394530296325684e-01 6.944131255149841309e-01 4.701198637485504150e-02 3.177747875452041626e-02
-1.305942237377166748e-01 -2.007674574851989746e-01 9.708951115608215332e-01 -2.756611704826354980e-01
0.000000000000000000e+00 0.000000000000000000e+00 0.000000000000000000e+00 1.000000000000000000e+00
6.654087901115417480e-01 7.149955630302429199e-01 2.145053297281265259e-01 -7.171757519245147705e-02
-7.270444631576538086e-01 6.858944296836853027e-01 -3.090583719313144684e-02 5.303681641817092896e-02
-1.692254692316055298e-01 -1.353898793458938599e-01 9.762337803840637207e-01 -2.718962132930755615e-01
0.000000000000000000e+00 0.000000000000000000e+00 0.000000000000000000e+00 1.000000000000000000e+00
6.552553772926330566e-01 7.304438948631286621e-01 1.925929635763168335e-01 -6.383609026670455933e-02
-7.307538986206054688e-01 6.775259971618652344e-01 -8.341074734926223755e-02 6.650214642286300659e-02
-1.914135366678237915e-01 -8.608266711235046387e-02 9.777274131774902344e-01 -2.685651183128356934e-01
0.000000000000000000e+00 0.000000000000000000e+00 0.000000000000000000e+00 1.000000000000000000e+00
5.692520141601562500e-01 7.966217994689941406e-01 2.033360600471496582e-01 -5.914693325757980347e-02
-7.620308399200439453e-01 6.040712594985961914e-01 -2.332526892423629761e-01 1.094081625342369080e-01
-3.086437284946441650e-01 -2.216880582273006439e-02 9.509195685386657715e-01 -2.540279030799865723e-01
0.000000000000000000e+00 0.000000000000000000e+00 0.000000000000000000e+00 1.000000000000000000e+00
5.628941655158996582e-01 7.990996837615966797e-01 2.111617922782897949e-01 -6.026086956262588501e-02
-6.760305166244506836e-01 5.921089649200439453e-01 -4.386223852634429932e-01 1.662799119949340820e-01
-4.755338132381439209e-01 1.041461005806922913e-01 8.735105991363525391e-01 -2.203016728162765503e-01
0.000000000000000000e+00 0.000000000000000000e+00 0.000000000000000000e+00 1.000000000000000000e+00
5.785516500473022461e-01 7.868716716766357422e-01 2.147331684827804565e-01 -6.320261955261230469e-02
-6.105051040649414062e-01 5.923498272895812988e-01 -5.257427096366882324e-01 1.894890069961547852e-01
-5.408893823623657227e-01 1.730736345052719116e-01 8.230943679809570312e-01 -2.000238001346588135e-01
0.000000000000000000e+00 0.000000000000000000e+00 0.000000000000000000e+00 1.000000000000000000e+00
6.406575441360473633e-01 7.404569983482360840e-01 2.031787484884262085e-01 -6.488990783691406250e-02
-4.988780915737152100e-01 6.025667190551757812e-01 -6.229236721992492676e-01 2.131531834602355957e-01
-5.836770534515380859e-01 2.977192699909210205e-01 7.554365992546081543e-01 -1.731379926204681396e-01
0.000000000000000000e+00 0.000000000000000000e+00 0.000000000000000000e+00 1.000000000000000000e+00
7.205300927162170410e-01 6.716834902763366699e-01 1.722724139690399170e-01 -6.205397844314575195e-02
-3.951935470104217529e-01 6.019089818000793457e-01 -6.939217448234558105e-01 2.285429835319519043e-01
