0.5950488448143005 0.7778146266937256 -0.2022897601127625 0.04627252742648125 
-0.793953537940979 0.529855489730835 -0.2981455326080322 0.1217381730675697 
-0.124717690050602 0.338019847869873 0.9328387379646301 -0.2596408724784851 
0 0 0 1 

0.6747472882270813 0.7169966101646423 -0.175019234418869 0.03216552734375 
-0.7196936011314392 0.5866411328315735 -0.3713395595550537 0.1365835815668106 
-0.1635758280754089 0.376520574092865 0.9118525981903076 -0.2494022250175476 
0 0 0 1 

0.7358031272888184 0.6570456624031067 -0.1639654487371445 0.02526784315705299 
-0.6491002440452576 0.6152734756469727 -0.4473335742950439 0.1520489603281021 
-0.1930350512266159 0.4355794787406921 0.8792087435722351 -0.2347521483898163 
0 0 0 1 

0.7645664811134338 0.6275924444198608 -0.1468520611524582 0.01809567026793957 
-0.5960731506347656 0.6017888784408569 -0.5315510630607605 0.170859158039093 
-0.2452237159013748 0.4939406514167786 0.8341988921165466 -0.2143308371305466 
0 0 0 1 

0.7934600114822388 0.5910231471061707 -0.145302027463913 0.01461491826921701 
-0.5336901545524597 0.5608890652656555 -0.6329121589660645 0.1968706548213959 
-0.292567640542984 0.5797367095947266 0.760466456413269 -0.186717689037323 
0 0 0 1 

0.8157539367675781 0.5614773035049438 -0.1388834118843079 0.01111405715346336 
-0.477764219045639 0.5187661647796631 -0.7089589834213257 0.2167683392763138 
-0.3260164558887482 0.644689679145813 0.6914393901824951 -0.1624179780483246 
0 0 0 1 

0.8454937338829041 0.5161995887756348 -0.1366685628890991 0.007286019623279572 
-0.4123214781284332 0.4684782028198242 -0.7813572287559509 0.2355371713638306 
-0.3393099904060364 0.7169840931892395 0.6089355945587158 -0.139180064201355 
0 0 0 1 

0.8771375417709351 0.4707080721855164 -0.09520292282104492 -0.006683035753667355 
-0.3232991099357605 0.4321832954883575 -0.8418402671813965 0.2499003410339355 
-0.3551160097122192 0.7691886425018311 0.5312637686729431 -0.1187217459082603 
0 0 0 1 

0.9008438587188721 0.4290957450866699 -0.0660088062286377 -0.01522313989698887 
-0.2271491289138794 0.3362808525562286 -0.913957417011261 0.2631261646747589 
-0.3699778318405151 0.8383267521858215 0.4004053175449371 -0.08323724567890167 
0 0 0 1 

0.895734429359436 0.4429012537002563 -0.03870727121829987 -0.02229641936719418 
-0.1905168741941452 0.3037214577198029 -0.9335182905197144 0.2663475871086121 
-0.4017002880573273 0.8435589075088501 0.3564339280128479 -0.06720838695764542 
0 0 0 1 

