1.000000000000000000e+00 0.000000000000000000e+00 0.000000000000000000e+00 -3.619798645377159119e-02
0.000000000000000000e+00 1.000000000000000000e+00 0.000000000000000000e+00 -1.327119767665863037e-03
0.000000000000000000e+00 0.000000000000000000e+00 1.000000000000000000e+00 -2.960163652896881104e-01
0.000000000000000000e+00 0.000000000000000000e+00 0.000000000000000000e+00 1.000000000000000000e+00
9.900823235511779785e-01 1.369500458240509033e-01 3.132838383316993713e-02 -4.877959936857223511e-02
-1.349658071994781494e-01 9.891213774681091309e-01 -5.850591510534286499e-02 2.897720038890838623e-02
-3.900000452995300293e-02 5.369739606976509094e-02 9.977954626083374023e-01 -2.959211468696594238e-01
0.000000000000000000e+00 0.000000000000000000e+00 0.000000000000000000e+00 1.000000000000000000e+00
9.710943102836608887e-01 2.349823862314224243e-01 4.193698242306709290e-02 -5.228693410754203796e-02
-2.296984046697616577e-01 9.677377343177795410e-01 -1.035479381680488586e-01 5.347758904099464417e-02
-6.491599231958389282e-02 9.092194586992263794e-02 9.937397241592407227e-01 -2.941531836986541748e-01
0.000000000000000000e+00 0.000000000000000000e+00 0.000000000000000000e+00 1.000000000000000000e+00
9.381385445594787598e-01 3.405293226242065430e-01 6.273154914379119873e-02 -5.743223428726196289e-02
-3.294103145599365234e-01 9.335458874702453613e-01 -1.413525938987731934e-01 7.426676154136657715e-02
-1.066975966095924377e-01 1.119438707828521729e-01 9.879697561264038086e-01 -2.903262376785278320e-01
0.000000000000000000e+00 0.000000000000000000e+00 0.000000000000000000e+00 1.000000000000000000e+00
8.940722346305847168e-01 4.472474455833435059e-01 2.458663843572139740e-02 -4.076865687966346741e-02
-4.372006356716156006e-01 8.832930922508239746e-01 -1.692590862512588501e-01 8.955560624599456787e-02
-9.741794317960739136e-02 1.405805647373199463e-01 9.852649569511413574e-01 -2.897179722785949707e-01
0.000000000000000000e+00 0.000000000000000000e+00 0.000000000000000000e+00 1.000000000000000000e+00
8.284963965415954590e-01 5.598291754722595215e-01 1.360496878623962402e-02 -3.091176971793174744e-02
-5.471683144569396973e-01 8.144513964653015137e-01 -1.930691301822662354e-01 1.033226922154426575e-01
-1.191663891077041626e-01 1.525128036737442017e-01 9.810907840728759766e-01 -2.882062494754791260e-01
0.000000000000000000e+00 0.000000000000000000e+00 0.000000000000000000e+00 1.000000000000000000e+00
7.496792078018188477e-01 6.615500450134277344e-01 -1.823345385491847992e-02 -1.448079291731119156e-02
-6.548231244087219238e-01 7.375024557113647461e-01 -1.652165353298187256e-01 9.870073944330215454e-02
-9.585179388523101807e-02 1.357990205287933350e-01 9.860887527465820312e-01 -2.926259338855743408e-01
0.000000000000000000e+00 0.000000000000000000e+00 0.000000000000000000e+00 1.000000000000000000e+00
6.898480057716369629e-01 7.217812538146972656e-01 -5.605036765336990356e-02 1.266099628992378712e-03
-7.224279642105102539e-01 6.813020706176757812e-01 -1.180050969123840332e-01 8.344561606645584106e-02
-4.698666930198669434e-02 1.218979507684707642e-01 9.914299249649047852e-01 -2.990663349628448486e-01
0.000000000000000000e+00 0.000000000000000000e+00 0.000000000000000000e+00 1.000000000000000000e+00
5.843791365623474121e-01 8.113366365432739258e-01 -1.528790686279535294e-02 -8.376309648156166077e-03
-8.098911643028259277e-01 5.819522738456726074e-01 -7.353986799716949463e-02 6.920412927865982056e-02
-5.076874420046806335e-02 5.535669624805450439e-02 9.971749782562255859e-01 -3.067185282707214355e-01
0.000000000000000000e+00 0.000000000000000000e+00 0.000000000000000000e+00 1.000000000000000000e+00
5.044422745704650879e-01 8.630533218383789062e-01 -2.600870467722415924e-02 -4.695556417573243380e-04
-8.627750277519226074e-01 5.026354193687438965e-01 -5.455827713012695312e-02 6.367875635623931885e-02
-3.401383757591247559e-02 4.996114596724510193e-02 9.981723427772521973e-01 -3.106563985347747803e-01
0.000000000000000000e+00 0.000000000000000000e+00 0.000000000000000000e+00 1.000000000000000000e+00
4.062018394470214844e-01 9.131469130516052246e-01 -3.410729393362998962e-02 7.131839636713266373e-03
-9.137459397315979004e-01 4.062390625476837158e-01 -6.143495440483093262e-03 4.597074165940284729e-02
8.245798759162425995e-03 3.366091474890708923e-02 9.993992447853088379e-01 -3.151238262653350830e-01
0.000000000000000000e+00 0.000000000000000000e+00 0.000000000000000000e+00 1.000000000000000000e+00
2.930262982845306396e-01 9.552159905433654785e-01 -4.120134189724922180e-02 1.453171111643314362e-02
-9.551883339881896973e-01 2.943594753742218018e-01 3.110479190945625305e-02 3.263898566365242004e-02
4.183980822563171387e-02 3.024053573608398438e-02 9.986667037010192871e-01 -3.177260160446166992e-01
0.000000000000000000e+00 0.000000000000000000e+00 0.000000000000000000e+00 1.000000000000000000e+00
1.773082315921783447e-01 9.826842546463012695e-01 -5.379476770758628845e-02 2.358142845332622528e-02
-9.821861982345581055e-01 1.801450103521347046e-01 5.346204340457916260e-02 2.353787422180175781e-02
6.222712621092796326e-02 4.335720464587211609e-02 9.971198439598083496e-01 -3.185974657535552979e-01
0.000000000000000000e+00 0.000000000000000000e+00 0.000000000000000000e+00 1.000000000000000000e+00
9.995086491107940674e-02 9.917963147163391113e-01 -7.968727499246597290e-02 3.516520559787750244e-02
-9.909231066703796387e-01 1.064581722021102905e-01 8.208489418029785156e-02 1.260367128998041153e-02
8.989484608173370361e-02 7.075949013233184814e-02 9.934343695640563965e-01 -3.175813853740692139e-01
0.000000000000000000e+00 0.000000000000000000e+00 0.000000000000000000e+00 1.000000000000000000e+00
1.754041202366352081e-02 9.963737726211547852e-01 -8.325728029012680054e-02 4.115430265665054321e-02
-9.975787401199340820e-01 2.304482087492942810e-02 6.561996042728424072e-02 2.008933387696743011e-02
6.730066984891891479e-02 8.190465718507766724e-02 9.943652749061584473e-01 -3.116694986820220947e-01
0.000000000000000000e+00 0.000000000000000000e+00 0.000000000000000000e+00 1.000000000000000000e+00
-8.891615271568298340e-02 9.122503995895385742e-01 -3.998658657073974609e-01 1.523881256580352783e-01
-9.909920096397399902e-01 -4.066118597984313965e-02 1.275982856750488281e-01 -4.770880332216620445e-04
1.001424565911293030e-01 4.076095521450042725e-01 9.076483249664306641e-01 -2.779639661312103271e-01
0.000000000000000000e+00 0.000000000000000000e+00 0.000000000000000000e+00 1.000000000000000000e+00
-1.576333642005920410e-01 8.894566297531127930e-01 -4.289732575416564941e-01 1.632224768400192261e-01
-9.779053330421447754e-01 -8.020333945751190186e-02 1.930494755506515503e-01 -2.368108928203582764e-02
1.373041272163391113e-01 4.499261379241943359e-01 8.824475407600402832e-01 -2.711684405803680420e-01
0.000000000000000000e+00 0.000000000000000000e+00 0.000000000000000000e+00 1.000000000000000000e+00
-1.358399540185928345e-01 8.265578746795654297e-01 -5.462138056755065918e-01 1.947781145572662354e-01
-9.906439781188964844e-01 -1.206277310848236084e-01 6.382703036069869995e-02 1.825357228517532349e-02
-1.313178986310958862e-02 5.497735142707824707e-01 8.352103233337402344e-01 -2.482724338769912720e-01
0.000000000000000000e+00 0.000000000000000000e+00 0.000000000000000000e+00 1.000000000000000000e+00
-8.327855914831161499e-02 7.567293047904968262e-01 -6.484020948410034180e-01 2.165554165840148926e-01
-9.949505329132080078e-01 -2.656647190451622009e-02 9.678321331739425659e-02 1.103436201810836792e-02
5.601295456290245056e-02 6.531882882118225098e-01 7.551207542419433594e-01 -2.325075119733810425e-01
0.000000000000000000e+00 0.000000000000000000e+00 0.000000000000000000e+00 1.000000000000000000e+00
-5.513468012213706970e-02 5.891014933586120605e-01 -8.061760067939758301e-01 2.628348171710968018e-01
-9.861907362937927246e-01 9.415355324745178223e-02 1.362472027540206909e-01 -1.349974772892892361e-03
1.561678797006607056e-01 8.025552034378051758e-01 5.757752656936645508e-01 -1.761777400970458984e-01
0.000000000000000000e+00 0.000000000000000000e+00 0.000000000000000000e+00 1.000000000000000000e+00
-1.196986958384513855e-01 4.401842951774597168e-01 -8.898933529853820801e-01 2.875387668609619141e-01
-9.861601591110229492e-01 5.085638910531997681e-02 1.578035801649093628e-01 -1.207649894058704376e-02
1.147192716598510742e-01 8.964659571647644043e-01 4.280046820640563965e-01 -1.245029196143150330e-01
0.000000000000000000e+00 0.000000000000000000e+00 0.000000000000000000e+00 1.000000000000000000e+00
-1.914504915475845337e-01 3.331932425498962402e-01 -9.232165217399597168e-01 2.996453940868377686e-01
-9.753634929656982422e-01 4.044691473245620728e-02 2.168619036674499512e-01 -3.128111734986305237e-02
1.095981821417808533e-01 9.419901967048645020e-01 3.172411918640136719e-01 -8.980089426040649414e-02
0.000000000000000000e+00 0.000000000000000000e+00 0.000000000000000000e+00 1.000000000000000000e+00
-2.726898789405822754e-01 2.120508700609207153e-01 -9.384427070617675781e-01 3.078268766403198242e-01
-9.591708779335021973e-01 1.615775562822818756e-02 2.823640406131744385e-01 -5.259212851524353027e-02
7.503861188888549805e-02 9.771251678466796875e-01 1.989871561527252197e-01 -5.057750642299652100e-02
0.000000000000000000e+00 0.000000000000000000e+00 0.000000000000000000e+00 1.000000000000000000e+00
-1.744583249092102051e-01 -8.209259510040283203e-01 -5.437328219413757324e-01 1.764687299728393555e-01
-9.500316381454467773e-01 -4.831860773265361786e-03 3.121159970760345459e-01 -5.996936559677124023e-02
-2.588512301445007324e-01 5.710151195526123047e-01 -7.790622711181640625e-01 2.745154500007629395e-01
0.000000000000000000e+00 0.000000000000000000e+00 0.000000000000000000e+00 1.000000000000000000e+00
-1.678129881620407104e-01 -8.759051561355590820e-01 -4.523603916168212891e-01 1.461735814809799194e-01
-9.682790637016296387e-01 6.027574464678764343e-02 2.424920946359634399e-01 -3.867794573307037354e-02
-1.851336956024169922e-01 4.787046015262603760e-01 -8.582352399826049805e-01 2.949079573154449463e-01
0.000000000000000000e+00 0.000000000000000000e+00 0.000000000000000000e+00 1.000000000000000000e+00
-8.256421983242034912e-02 -8.626230955123901367e-01 -4.990629255771636963e-01 1.539251208305358887e-01
-9.898032546043395996e-01 1.265657786279916763e-02 1.418760716915130615e-01 -4.325802437961101532e-03
-1.160692498087882996e-01 5.056880116462707520e-01 -8.548721671104431152e-01 2.893487513065338135e-01
0.000000000000000000e+00 0.000000000000000000e+00 0.000000000000000000e+00 1.000000000000000000e+00
2.174464985728263855e-02 -8.583765625953674316e-01 -5.125581622123718262e-01 1.489069610834121704e-01
-9.991080164909362793e-01 -3.721747547388076782e-02 1.994242146611213684e-02 3.749959543347358704e-02
-3.619433194398880005e-02 5.116676092147827148e-01 -8.584207296371459961e-01 2.850461304187774658e-01
0.000000000000000000e+00 0.000000000000000000e+00 0.000000000000000000e+00 1.000000000000000000e+00
5.488972365856170654e-02 -8.590252995491027832e-01 -5.089814662933349609e-01 1.444526761770248413e-01
-9.948177933692932129e-01 -3.358071902766823769e-03 -1.016158908605575562e-01 7.617139071226119995e-02
8.558147400617599487e-02 5.119215846061706543e-01 -8.547580838203430176e-01 2.759330272674560547e-01
0.000000000000000000e+00 0.000000000000000000e+00 0.000000000000000000e+00 1.000000000000000000e+00
3.337970748543739319e-02 -8.658878803253173828e-01 -4.991236031055450439e-01 1.453479230403900146e-01
-9.826099276542663574e-01 6.283657252788543701e-02 -1.747236996889114380e-01 9.123654663562774658e-02
1.826545447111129761e-01 4.962756633758544922e-01 -8.487330079078674316e-01 2.702430784702301025e-01
0.000000000000000000e+00 0.000000000000000000e+00 0.000000000000000000e+00 1.000000000000000000e+00
-3.797577694058418274e-02 -8.700013756752014160e-01 -4.915831387042999268e-01 1.506148576736450195e-01
-9.951971769332885742e-01 7.734370231628417969e-02 -6.000107526779174805e-02 5.472562834620475769e-02
9.022191911935806274e-02 4.869442880153656006e-01 -8.687610626220703125e-01 2.916532456874847412e-01
0.000000000000000000e+00 0.000000000000000000e+00 0.000000000000000000e+00 1.000000000000000000e+00
-4.342821985483169556e-02 -8.742415904998779297e-01 -4.835447669029235840e-01 1.464924216270446777e-01
-9.925134778022766113e-01 -1.754793711006641388e-02 1.208660751581192017e-01 -2.712507499381899834e-03
-1.141514182090759277e-01 4.851738214492797852e-01 -8.669349551200866699e-01 3.089837133884429932e-01
0.000000000000000000e+00 0.000000000000000000e+00 0.000000000000000000e+00 1.000000000000000000e+00
1.313703656196594238e-01 -8.593437671661376953e-01 -4.942368268966674805e-01 1.362991034984588623e-01
-9.854341745376586914e-01 -1.675100028514862061e-01 2.932175621390342712e-02 2.587175182998180389e-02
-1.079871803522109985e-01 4.831857979297637939e-01 -8.688329458236694336e-01 3.113812506198883057e-01
0.000000000000000000e+00 0.000000000000000000e+00 0.000000000000000000e+00 1.000000000000000000e+00
2.359502911567687988e-01 -8.035643696784973145e-01 -5.464535951614379883e-01 1.384918540716171265e-01
-9.422063231468200684e-01 -3.268140256404876709e-01 7.375261932611465454e-02 1.012800727039575577e-02
-2.378538250923156738e-01 4.974702894687652588e-01 -8.342353105545043945e-01 3.058991134166717529e-01
0.000000000000000000e+00 0.000000000000000000e+00 0.000000000000000000e+00 1.000000000000000000e+00
3.413409292697906494e-01 -7.398994565010070801e-01 -5.796855092048645020e-01 1.340054869651794434e-01
-9.089676141738891602e-01 -4.168539643287658691e-01 -3.169898409396409988e-03 3.293480351567268372e-02
-2.392988950014114380e-01 5.279971957206726074e-01 -8.148339986801147461e-01 2.940900325775146484e-01
0.000000000000000000e+00 0.000000000000000000e+00 0.000000000000000000e+00 1.000000000000000000e+00
3.623923957347869873e-01 -7.233363986015319824e-01 -5.877554416656494141e-01 1.345810294151306152e-01
-9.179721474647521973e-01 -3.861066699028015137e-01 -9.082190692424774170e-02 6.250163912773132324e-02
-1.612415313720703125e-01 5.724561214447021484e-01 -8.039246797561645508e-01 2.831299006938934326e-01
0.000000000000000000e+00 0.000000000000000000e+00 0.000000000000000000e+00 1.000000000000000000e+00
3.743318319320678711e-01 -7.118387818336486816e-01 -5.942736268043518066e-01 1.360644549131393433e-01
-9.235725998878479004e-01 -3.435656726360321045e-01 -1.702231615781784058e-01 8.733811974525451660e-02
-8.300067484378814697e-02 6.125749349594116211e-01 -7.860425114631652832e-01 2.711311578750610352e-01
0.000000000000000000e+00 0.000000000000000000e+00 0.000000000000000000e+00 1.000000000000000000e+00
5.369242429733276367e-01 -6.050602197647094727e-01 -5.878888368606567383e-01 1.289424002170562744e-01
-8.394165635108947754e-01 -4.527271091938018799e-01 -3.006954193115234375e-01 1.227575093507766724e-01
-8.421457558870315552e-02 6.549345850944519043e-01 -7.509780526161193848e-01 2.589198052883148193e-01
0.000000000000000000e+00 0.000000000000000000e+00 0.000000000000000000e+00 1.000000000000000000e+00
6.810212135314941406e-01 -4.143270552158355713e-01 -6.037741899490356445e-01 1.294471770524978638e-01
-7.094407081604003906e-01 -5.775737762451171875e-01 -4.038591086864471436e-01 1.523699164390563965e-01
-1.813944727182388306e-01 7.033784985542297363e-01 -6.872803568840026855e-01 2.539621591567993164e-01
0.000000000000000000e+00 0.000000000000000000e+00 0.000000000000000000e+00 1.000000000000000000e+00
7.039466500282287598e-01 -3.427983820438385010e-01 -6.220515966415405273e-01 1.312869042158126831e-01
-6.512808799743652344e-01 -6.609567403793334961e-01 -3.727857768535614014e-01 1.420080661773681641e-01
-2.833589017391204834e-01 6.675518155097961426e-01 -6.885361075401306152e-01 2.644218206405639648e-01
0.000000000000000000e+00 0.000000000000000000e+00 0.000000000000000000e+00 1.000000000000000000e+00
7.526437640190124512e-01 -2.521773874759674072e-01 -6.082219481468200684e-01 1.318203955888748169e-01
-5.674899220466613770e-01 -7.168835401535034180e-01 -4.050098061561584473e-01 1.434212625026702881e-01
-3.338900804519653320e-01 6.499881148338317871e-01 -6.826658844947814941e-01 2.621479034423828125e-01
0.000000000000000000e+00 0.000000000000000000e+00 0.000000000000000000e+00 1.000000000000000000e+00
7.460999488830566406e-01 -2.475983202457427979e-01 -6.180853843688964844e-01 1.417623907327651978e-01
-5.378758311271667480e-01 -7.712850570678710938e-01 -3.403089940547943115e-01 1.151046380400657654e-01
-3.924597799777984619e-01 5.863575339317321777e-01 -7.086324095726013184e-01 2.739073336124420166e-01
0.000000000000000000e+00 0.000000000000000000e+00 0.000000000000000000e+00 1.000000000000000000e+00
7.359457612037658691e-01 -3.487807810306549072e-01 -5.802890658378601074e-01 1.378991454839706421e-01
-5.848966240882873535e-01 -7.592118978500366211e-01 -2.854684293270111084e-01 9.461151063442230225e-02
-3.409965336322784424e-01 5.494992136955261230e-01 -7.627396583557128906e-01 2.879948914051055908e-01
0.000000000000000000e+00 0.000000000000000000e+00 0.000000000000000000e+00 1.000000000000000000e+00
8.147275447845458984e-01 -1.808887422084808350e-01 -5.509069561958312988e-01 1.327728331089019775e-01
-5.225892663002014160e-01 -6.407260298728942871e-01 -5.624684691429138184e-01 1.822269409894943237e-01
-2.512362599372863770e-01 7.461563348770141602e-01 -6.165475249290466309e-01 2.473388463258743286e-01
0.000000000000000000e+00 0.000000000000000000e+00 0.000000000000000000e+00 1.000000000000000000e+00
8.523070216178894043e-01 -1.140607446432113647e-01 -5.104533433914184570e-01 1.183393746614456177e-01
-4.733382761478424072e-01 -5.834311246871948242e-01 -6.599679589271545410e-01 2.141611874103546143e-01
-2.225382924079895020e-01 8.041126728057861328e-01 -5.512521266937255859e-01 2.246299982070922852e-01
0.000000000000000000e+00 0.000000000000000000e+00 0.000000000000000000e+00 1.000000000000000000e+00
8.772244453430175781e-01 -3.922625258564949036e-02 -4.784752726554870605e-01 1.074648052453994751e-01
-4.291942417621612549e-01 -5.106371641159057617e-01 -7.450109720230102539e-01 2.427989989519119263e-01
-2.151034325361251831e-01 8.589006662368774414e-01 -4.647795259952545166e-01 1.959757208824157715e-01
0.000000000000000000e+00 0.000000000000000000e+00 0.000000000000000000e+00 1.000000000000000000e+00
8.955388665199279785e-01 9.233119338750839233e-02 -4.352987110614776611e-01 9.425543248653411865e-02
-3.609040677547454834e-01 -4.215357303619384766e-01 -8.318987488746643066e-01 2.712312340736389160e-01
-2.603041827678680420e-01 9.020986557006835938e-01 -3.441790044307708740e-01 1.583143472671508789e-01
0.000000000000000000e+00 0.000000000000000000e+00 0.000000000000000000e+00 1.000000000000000000e+00
9.516332745552062988e-01 -2.600516974925994873e-01 -1.636065095663070679e-01 -1.565578044392168522e-03
-2.426027804613113403e-01 -3.092948198318481445e-01 -9.195001125335693359e-01 2.940555214881896973e-01
1.885149627923965454e-01 9.147182106971740723e-01 -3.574246466159820557e-01 1.355416327714920044e-01
0.000000000000000000e+00 0.000000000000000000e+00 0.000000000000000000e+00 1.000000000000000000e+00
9.784718155860900879e-01 -1.332535594701766968e-01 -1.575958132743835449e-01 -2.994406735524535179e-03
-1.850452125072479248e-01 -2.283281981945037842e-01 -9.558371901512145996e-01 3.032341599464416504e-01
9.138514846563339233e-02 9.644221067428588867e-01 -2.480705827474594116e-01 1.031857356429100037e-01
0.000000000000000000e+00 0.000000000000000000e+00 0.000000000000000000e+00 1.000000000000000000e+00
9.712001681327819824e-01 -2.079575508832931519e-01 -1.162920221686363220e-01 -1.674691773951053619e-02
-1.434885263442993164e-01 -1.208349615335464478e-01 -9.822474718093872070e-01 3.094632625579833984e-01
1.902136206626892090e-01 9.706455469131469727e-01 -1.471943855285644531e-01 6.328599154949188232e-02
0.000000000000000000e+00 0.000000000000000000e+00 0.000000000000000000e+00 1.000000000000000000e+00
9.502341151237487793e-01 -2.919107377529144287e-01 -1.088268607854843140e-01 -2.056539990007877350e-02
-1.322855949401855469e-01 -6.180577352643013000e-02 -9.892828464508056641e-01 3.099203705787658691e-01
2.820561528205871582e-01 9.544468522071838379e-01 -9.734558314085006714e-02 4.021957516670227051e-02
0.000000000000000000e+00 0.000000000000000000e+00 0.000000000000000000e+00 1.000000000000000000e+00
9.949480891227722168e-01 2.279971353709697723e-02 -9.776898473501205444e-02 -2.222142368555068970e-02
-9.841959178447723389e-02 2.941084094345569611e-02 -9.947102069854736328e-01 3.089746534824371338e-01
-1.980367302894592285e-02 9.993071556091308594e-01 3.150616213679313660e-02 1.160012744367122650e-02
0.000000000000000000e+00 0.000000000000000000e+00 0.000000000000000000e+00 1.000000000000000000e+00
9.978734850883483887e-01 -1.842401921749114990e-03 -6.515575945377349854e-02 -3.271578624844551086e-02
-6.446129828691482544e-02 1.203233674168586731e-01 -9.906397461891174316e-01 3.035604059696197510e-01
9.664914570748806000e-03 9.927331209182739258e-01 1.199486181139945984e-01 -2.234823070466518402e-02
0.000000000000000000e+00 0.000000000000000000e+00 0.000000000000000000e+00 1.000000000000000000e+00
9.816920757293701172e-01 1.151180937886238098e-01 -1.517513692378997803e-01 -6.788956467062234879e-03
-1.692051440477371216e-01 1.612127721309661865e-01 -9.723066091537475586e-01 3.056923747062683105e-01
-8.746583014726638794e-02 9.801827669143676758e-01 1.777398586273193359e-01 -2.471306547522544861e-02
0.000000000000000000e+00 0.000000000000000000e+00 0.000000000000000000e+00 1.000000000000000000e+00
8.149116039276123047e-01 5.661359429359436035e-01 -1.241334155201911926e-01 1.815629191696643829e-03
-2.621339857578277588e-01 1.689955592155456543e-01 -9.501191377639770508e-01 3.081578910350799561e-01
-5.169187784194946289e-01 8.068025112152099609e-01 2.861199080944061279e-01 -3.331755474209785461e-02
0.000000000000000000e+00 0.000000000000000000e+00 0.000000000000000000e+00 1.000000000000000000e+00
5.312456488609313965e-01 8.471560478210449219e-01 1.027004700154066086e-02 -1.109939720481634140e-02
-3.643909990787506104e-01 2.394171506166458130e-01 -8.999435305595397949e-01 3.076860308647155762e-01
-7.648510932922363281e-01 4.743488430976867676e-01 4.358853995800018311e-01 -6.955994665622711182e-02
0.000000000000000000e+00 0.000000000000000000e+00 0.000000000000000000e+00 1.000000000000000000e+00
5.607866644859313965e-01 8.252863883972167969e-01 6.648690253496170044e-02 -3.163532167673110962e-02
-3.932214975357055664e-01 3.361408412456512451e-01 -8.557949066162109375e-01 3.000999093055725098e-01
-7.286251783370971680e-01 4.537748694419860840e-01 5.130237340927124023e-01 -9.644628316164016724e-02
0.000000000000000000e+00 0.000000000000000000e+00 0.000000000000000000e+00 1.000000000000000000e+00
8.887649178504943848e-01 2.085609585046768188e-01 -4.081659317016601562e-01 8.203794062137603760e-02
-4.583571255207061768e-01 4.090661406517028809e-01 -7.890332341194152832e-01 2.887741625308990479e-01
2.405222505331039429e-03 8.883506059646606445e-01 4.591589868068695068e-01 -1.134834587574005127e-01
0.000000000000000000e+00 0.000000000000000000e+00 0.000000000000000000e+00 1.000000000000000000e+00
8.776345252990722656e-01 1.769138425588607788e-01 -4.454883038997650146e-01 9.378733485937118530e-02
-4.704659283161163330e-01 4.958491921424865723e-01 -7.299278378486633301e-01 2.711273431777954102e-01
9.176054596900939941e-02 8.501969575881958008e-01 5.184063315391540527e-01 -1.408239752054214478e-01
0.000000000000000000e+00 0.000000000000000000e+00 0.000000000000000000e+00 1.000000000000000000e+00
8.660562038421630859e-01 1.642408818006515503e-01 -4.721980690956115723e-01 1.025649607181549072e-01
-4.723179638385772705e-01 5.784257650375366211e-01 -6.650862097740173340e-01 2.535682320594787598e-01
1.638972014188766479e-01 7.990295886993408203e-01 5.785229206085205078e-01 -1.615501493215560913e-01
0.000000000000000000e+00 0.000000000000000000e+00 0.000000000000000000e+00 1.000000000000000000e+00
8.521178960800170898e-01 1.280737817287445068e-01 -5.074369311332702637e-01 1.111176386475563049e-01
-4.487680792808532715e-01 6.776668429374694824e-01 -5.825584530830383301e-01 2.289914488792419434e-01
2.692626714706420898e-01 7.241301536560058594e-01 6.349273324012756348e-01 -1.856294870376586914e-01
0.000000000000000000e+00 0.000000000000000000e+00 0.000000000000000000e+00 1.000000000000000000e+00
8.353229165077209473e-01 1.324390619993209839e-01 -5.335686802864074707e-01 1.208947971463203430e-01
-4.443883001804351807e-01 7.340497970581054688e-01 -5.135058760643005371e-01 2.085463255643844604e-01
3.236578106880187988e-01 6.660552620887756348e-01 6.720237135887145996e-01 -2.021725475788116455e-01
0.000000000000000000e+00 0.000000000000000000e+00 0.000000000000000000e+00 1.000000000000000000e+00
8.074070811271667480e-01 1.679787933826446533e-01 -5.655757188796997070e-01 1.345038563013076782e-01
-4.530823230743408203e-01 7.905422449111938477e-01 -4.120178818702697754e-01 1.786985099315643311e-01
3.779013156890869141e-01 5.889192819595336914e-01 7.143981456756591797e-01 -2.210462987422943115e-01
0.000000000000000000e+00 0.000000000000000000e+00 0.000000000000000000e+00 1.000000000000000000e+00
7.799146771430969238e-01 2.264566123485565186e-01 -5.834812521934509277e-01 1.440471708774566650e-01
-4.626791477203369141e-01 8.364204168319702148e-01 -2.938180863857269287e-01 1.432939320802688599e-01
4.214982688426971436e-01 4.991174042224884033e-01 7.571129798889160156e-01 -2.400761693716049194e-01
0.000000000000000000e+00 0.000000000000000000e+00 0.000000000000000000e+00 1.000000000000000000e+00
7.578965425491333008e-01 2.891166508197784424e-01 -5.848110318183898926e-01 1.482177376747131348e-01
-4.632314443588256836e-01 8.697069883346557617e-01 -1.703707724809646606e-01 1.056926921010017395e-01
4.593574106693267822e-01 4.000265896320343018e-01 7.930761575698852539e-01 -2.565513551235198975e-01
0.000000000000000000e+00 0.000000000000000000e+00 0.000000000000000000e+00 1.000000000000000000e+00
7.397835850715637207e-01 3.654094934463500977e-01 -5.649741291999816895e-01 1.448183357715606689e-01
-4.447938799858093262e-01 8.956272006034851074e-01 -3.151170443743467331e-03 5.318675935268402100e-02
5.048545002937316895e-01 2.536280751228332520e-01 8.251023888587951660e-01 -2.723648250102996826e-01
0.000000000000000000e+00 0.000000000000000000e+00 0.000000000000000000e+00 1.000000000000000000e+00
7.309951782226562500e-01 3.990292549133300781e-01 -5.535539984703063965e-01 1.403012126684188843e-01
-3.728690445423126221e-01 9.129653573036193848e-01 1.657188683748245239e-01 -5.725424736738204956e-03
5.715025067329406738e-01 8.526367694139480591e-02 8.161588311195373535e-01 -2.712190747261047363e-01
0.000000000000000000e+00 0.000000000000000000e+00 0.000000000000000000e+00 1.000000000000000000e+00
7.304216623306274414e-01 4.142756760120391846e-01 -5.430106520652770996e-01 1.356268972158432007e-01
-2.936563193798065186e-01 9.082906246185302734e-01 2.979494035243988037e-01 -5.318183079361915588e-02
6.166443824768066406e-01 -5.817014351487159729e-02 7.850894331932067871e-01 -2.640184760093688965e-01
0.000000000000000000e+00 0.000000000000000000e+00 0.000000000000000000e+00 1.000000000000000000e+00
7.197735309600830078e-01 4.492408037185668945e-01 -5.292528867721557617e-01 1.312358081340789795e-01
-2.470542341470718384e-01 8.782339096069335938e-01 4.094739854335784912e-01 -9.119386225938796997e-02
6.487606763839721680e-01 -1.639743745326995850e-01 7.431165575981140137e-01 -2.522259652614593506e-01
0.000000000000000000e+00 0.000000000000000000e+00 0.000000000000000000e+00 1.000000000000000000e+00
7.126883268356323242e-01 4.686482846736907959e-01 -5.219615697860717773e-01 1.289342641830444336e-01
-1.629437655210494995e-01 8.343324661254882812e-01 5.266293883323669434e-01 -1.347517520189285278e-01
6.822936534881591797e-01 -2.902719676494598389e-01 6.709824800491333008e-01 -2.318846136331558228e-01
0.000000000000000000e+00 0.000000000000000000e+00 0.000000000000000000e+00 1.000000000000000000e+00
6.996104717254638672e-01 4.921901524066925049e-01 -5.179709196090698242e-01 1.284232437610626221e-01
-9.602567553520202637e-02 7.831062078475952148e-01 6.144293546676635742e-01 -1.685004383325576782e-01
7.080423235893249512e-01 -3.801226913928985596e-01 5.951324105262756348e-01 -2.093078643083572388e-01
0.000000000000000000e+00 0.000000000000000000e+00 0.000000000000000000e+00 1.000000000000000000e+00
7.116741538047790527e-01 5.038478970527648926e-01 -4.895477294921875000e-01 1.188263073563575745e-01
-3.734664246439933777e-02 7.230051159858703613e-01 6.898325085639953613e-01 -1.978402137756347656e-01
7.015160918235778809e-01 -4.726529121398925781e-01 5.333610773086547852e-01 -1.908869743347167969e-01
0.000000000000000000e+00 0.000000000000000000e+00 0.000000000000000000e+00 1.000000000000000000e+00
7.250114679336547852e-01 5.047320127487182617e-01 -4.686190485954284668e-01 1.111959367990493774e-01
1.666392199695110321e-02 6.673497557640075684e-01 7.445579767227172852e-01 -2.203307449817657471e-01
6.885350942611694336e-01 -5.476220250129699707e-01 4.754254221916198730e-01 -1.738283038139343262e-01
0.000000000000000000e+00 0.000000000000000000e+00 0.000000000000000000e+00 1.000000000000000000e+00
7.627775669097900391e-01 4.876988828182220459e-01 -4.246409237384796143e-01 9.501513093709945679e-02
6.020551547408103943e-02 6.002562046051025391e-01 7.975386381149291992e-01 -2.417491376399993896e-01
6.438523530960083008e-01 -6.339102387428283691e-01 4.284998178482055664e-01 -1.596314907073974609e-01
0.000000000000000000e+00 0.000000000000000000e+00 0.000000000000000000e+00 1.000000000000000000e+00
8.077269196510314941e-01 4.628402590751647949e-01 -3.651798963546752930e-01 7.290334999561309814e-02
9.794388711452484131e-02 5.054596066474914551e-01 8.572733998298645020e-01 -2.678414583206176758e-01
5.813640952110290527e-01 -7.282096743583679199e-01 3.629409372806549072e-01 -1.387069225311279297e-01
0.000000000000000000e+00 0.000000000000000000e+00 0.000000000000000000e+00 1.000000000000000000e+00
8.769267201423645020e-01 3.877251744270324707e-01 -2.840222716331481934e-01 4.401590302586555481e-02
1.229938268661499023e-01 3.902339637279510498e-01 9.124636650085449219e-01 -2.906204164028167725e-01
4.646202921867370605e-01 -8.350966572761535645e-01 2.945187687873840332e-01 -1.123393923044204712e-01
0.000000000000000000e+00 0.000000000000000000e+00 0.000000000000000000e+00 1.000000000000000000e+00
8.933460116386413574e-01 3.598569035530090332e-01 -2.691395282745361328e-01 3.763616830110549927e-02
1.607285588979721069e-01 3.034262359142303467e-01 9.392008781433105469e-01 -3.032281100749969482e-01
4.196418523788452148e-01 -8.822896480560302734e-01 2.132252305746078491e-01 -8.592921495437622070e-02
0.000000000000000000e+00 0.000000000000000000e+00 0.000000000000000000e+00 1.000000000000000000e+00
9.092133045196533203e-01 3.293288946151733398e-01 -2.547034621238708496e-01 3.114623576402664185e-02
1.930074393749237061e-01 2.086481153964996338e-01 9.587563872337341309e-01 -3.136095106601715088e-01
3.688895106315612793e-01 -9.208737015724182129e-01 1.261427849531173706e-01 -5.690471082925796509e-02
0.000000000000000000e+00 0.000000000000000000e+00 0.000000000000000000e+00 1.000000000000000000e+00
9.487199783325195312e-01 2.165512144565582275e-01 -2.302964031696319580e-01 1.990611851215362549e-02
2.090183794498443604e-01 1.168179437518119812e-01 9.709094166755676270e-01 -3.207226991653442383e-01
2.371545433998107910e-01 -9.692574739456176758e-01 6.556431949138641357e-02 -3.014929033815860748e-02
0.000000000000000000e+00 0.000000000000000000e+00 0.000000000000000000e+00 1.000000000000000000e+00
9.799456596374511719e-01 -8.093027025461196899e-02 -1.820916086435317993e-01 -1.558370771817862988e-03
1.848505884408950806e-01 2.795424871146678925e-02 9.823688864707946777e-01 -3.270097374916076660e-01
-7.441312819719314575e-02 -9.963275194168090820e-01 4.235368967056274414e-02 -1.830415800213813782e-03
0.000000000000000000e+00 0.000000000000000000e+00 0.000000000000000000e+00 1.000000000000000000e+00
9.700018167495727539e-01 1.798723936080932617e-01 -1.635302156209945679e-01 -6.891302764415740967e-03
1.779742836952209473e-01 -6.722503900527954102e-02 9.817363023757934570e-01 -3.310317695140838623e-01
1.655940413475036621e-01 -9.813900589942932129e-01 -9.722115099430084229e-02 3.422800824046134949e-02
0.000000000000000000e+00 0.000000000000000000e+00 0.000000000000000000e+00 1.000000000000000000e+00
9.838715195655822754e-01 2.079327963292598724e-02 -1.776616722345352173e-01 -6.635020836256444454e-04
1.788716912269592285e-01 -1.088476777076721191e-01 9.778326153755187988e-01 -3.319288194179534912e-01
9.943427285179495811e-04 -9.938406348228454590e-01 -1.108114868402481079e-01 5.396153032779693604e-02
0.000000000000000000e+00 0.000000000000000000e+00 0.000000000000000000e+00 1.000000000000000000e+00
9.797275066375732422e-01 1.464350670576095581e-01 -1.367140412330627441e-01 -1.323385816067457199e-02
1.478141546249389648e-01 -6.776443123817443848e-02 9.866908788681030273e-01 -3.330898582935333252e-01
1.352218538522720337e-01 -9.868967533111572266e-01 -8.803585916757583618e-02 3.577481955289840698e-02
0.000000000000000000e+00 0.000000000000000000e+00 0.000000000000000000e+00 1.000000000000000000e+00
9.560981392860412598e-01 2.848728299140930176e-01 -6.873014569282531738e-02 -3.236700221896171570e-02
5.242072045803070068e-02 6.449551880359649658e-02 9.965396523475646973e-01 -3.288377523422241211e-01
2.883201837539672852e-01 -9.563931822776794434e-01 4.673084616661071777e-02 -1.838731020689010620e-02
0.000000000000000000e+00 0.000000000000000000e+00 0.000000000000000000e+00 1.000000000000000000e+00
8.585206270217895508e-01 5.090299248695373535e-01 -6.188859790563583374e-02 -2.747603878378868103e-02
-4.476682096719741821e-02 1.946348845958709717e-01 9.798534512519836426e-01 -3.153870105743408203e-01
5.108208060264587402e-01 -8.384540677070617676e-01 1.898859143257141113e-01 -7.744266837835311890e-02
0.000000000000000000e+00 0.000000000000000000e+00 0.000000000000000000e+00 1.000000000000000000e+00
7.910135984420776367e-01 6.088559627532958984e-01 -5.993829295039176941e-02 -2.067776769399642944e-02
-1.708044111728668213e-01 3.138507604598999023e-01 9.339825510978698730e-01 -2.899712622165679932e-01
5.874724388122558594e-01 -7.285548448562622070e-01 3.522552847862243652e-01 -1.342624574899673462e-01
0.000000000000000000e+00 0.000000000000000000e+00 0.000000000000000000e+00 1.000000000000000000e+00
9.481664896011352539e-01 1.925639063119888306e-01 2.527823448181152344e-01 -1.242157295346260071e-01
-3.109331130981445312e-01 3.980419337749481201e-01 8.630663156509399414e-01 -2.554854452610015869e-01
6.557756662368774414e-02 -8.969290852546691895e-01 4.372844994068145752e-01 -1.370608806610107422e-01
0.000000000000000000e+00 0.000000000000000000e+00 0.000000000000000000e+00 1.000000000000000000e+00
8.896815776824951172e-01 3.798714578151702881e-01 2.533064782619476318e-01 -1.168074980378150940e-01
-4.299378097057342529e-01 5.102674365043640137e-01 7.448357343673706055e-01 -2.078725546598434448e-01
1.536879241466522217e-01 -7.715727090835571289e-01 6.172966957092285156e-01 -1.963610947132110596e-01
0.000000000000000000e+00 0.000000000000000000e+00 0.000000000000000000e+00 1.000000000000000000e+00
8.054488897323608398e-01 5.247274041175842285e-01 2.755233049392700195e-01 -1.132410764694213867e-01
-5.754988789558410645e-01 5.813861489295959473e-01 5.751444697380065918e-01 -1.449741721153259277e-01
1.416085362434387207e-01 -6.218126416206359863e-01 7.702570557594299316e-01 -2.402600795030593872e-01
0.000000000000000000e+00 0.000000000000000000e+00 0.000000000000000000e+00 1.000000000000000000e+00
7.389652729034423828e-01 6.046194434165954590e-01 2.972633242607116699e-01 -1.105198040604591370e-01
-6.702763438224792480e-01 6.150351762771606445e-01 4.152842462062835693e-01 -8.928704261779785156e-02
6.826181709766387939e-02 -5.061291456222534180e-01 8.597516417503356934e-01 -2.618821859359741211e-01
0.000000000000000000e+00 0.000000000000000000e+00 0.000000000000000000e+00 1.000000000000000000e+00
6.574624180793762207e-01 7.200893163681030273e-01 2.218436598777770996e-01 -7.518782466650009155e-02
-7.511413693428039551e-01 6.031494140625000000e-01 2.683222889900207520e-01 -3.979652747511863708e-02
5.941112339496612549e-02 -3.430477976799011230e-01 9.374370574951171875e-01 -2.808799445629119873e-01
0.000000000000000000e+00 0.000000000000000000e+00 0.000000000000000000e+00 1.000000000000000000e+00
6.898180842399597168e-01 7.005189657211303711e-01 1.828214675188064575e-01 -6.432527303695678711e-02
-7.238244414329528809e-01 6.620410680770874023e-01 1.943698376417160034e-01 -1.411959156394004822e-02
1.512448582798242569e-02 -2.664107084274291992e-01 9.637411236763000488e-01 -2.836711406707763672e-01
0.000000000000000000e+00 0.000000000000000000e+00 0.000000000000000000e+00 1.000000000000000000e+00
6.900124549865722656e-01 7.002207040786743164e-01 1.832309216260910034e-01 -6.487879902124404907e-02
-7.172226309776306152e-01 6.955160498619079590e-01 4.299480840563774109e-02 3.285318985581398010e-02
-9.733415395021438599e-02 -1.610843539237976074e-01 9.821292757987976074e-01 -2.791335880756378174e-01
0.000000000000000000e+00 0.000000000000000000e+00 0.000000000000000000e+00 1.000000000000000000e+00
6.821341514587402344e-01 7.113469243049621582e-01 1.693459302186965942e-01 -5.935579165816307068e-02
-7.179319858551025391e-01 6.954850554466247559e-01 -2.955593168735504150e-02 5.247682705521583557e-02
-1.388021111488342285e-01 -1.014178618788719177e-01 9.851133227348327637e-01 -2.748270928859710693e-01
0.000000000000000000e+00 0.000000000000000000e+00 0.000000000000000000e+00 1.000000000000000000e+00
6.675816774368286133e-01 7.314250469207763672e-01 1.391104608774185181e-01 -4.879119992256164551e-02
-7.277852296829223633e-01 6.804809570312500000e-01 -8.528885990381240845e-02 6.674849987030029297e-02
-1.570443958044052124e-01 -4.430530965328216553e-02 9.865971207618713379e-01 -2.713120281696319580e-01
0.000000000000000000e+00 0.000000000000000000e+00 0.000000000000000000e+00 1.000000000000000000e+00
5.868911743164062500e-01 7.939289212226867676e-01 1.588573306798934937e-01 -4.698428884148597717e-02
-7.579224109649658203e-01 6.077207326889038086e-01 -2.371261417865753174e-01 1.108034104108810425e-01
-2.848021388053894043e-01 1.876566186547279358e-02 9.584025144577026367e-01 -2.560609877109527588e-01
0.000000000000000000e+00 0.000000000000000000e+00 0.000000000000000000e+00 1.000000000000000000e+00
5.886056423187255859e-01 7.912995815277099609e-01 1.654950529336929321e-01 -4.841616004705429077e-02
-6.761909127235412598e-01 5.941001772880554199e-01 -4.356726706027984619e-01 1.655331850051879883e-01
-4.430682957172393799e-01 1.445330083370208740e-01 8.847603201866149902e-01 -2.234720885753631592e-01
0.000000000000000000e+00 0.000000000000000000e+00 0.000000000000000000e+00 1.000000000000000000e+00
5.991505384445190430e-01 7.791938185691833496e-01 1.840534657239913940e-01 -5.561066046357154846e-02
-6.106209754943847656e-01 5.934020280838012695e-01 -5.244197845458984375e-01 1.890606880187988281e-01
-5.178423523902893066e-01 2.018194049596786499e-01 8.313292264938354492e-01 -2.026108652353286743e-01
0.000000000000000000e+00 0.000000000000000000e+00 0.000000000000000000e+00 1.000000000000000000e+00
6.635217666625976562e-01 7.269399166107177734e-01 1.769092679023742676e-01 -5.871789529919624329e-02
-4.968439042568206787e-01 6.049324274063110352e-01 -6.222556829452514648e-01 2.127966731786727905e-01
-5.593609213829040527e-01 3.249838352203369141e-01 7.625617384910583496e-01 -1.750319451093673706e-01
0.000000000000000000e+00 0.000000000000000000e+00 0.000000000000000000e+00 1.000000000000000000e+00
7.431235313415527344e-01 6.520043611526489258e-01 1.505248546600341797e-01 -5.720024183392524719e-02
-3.916344344615936279e-01 6.061763167381286621e-01 -6.922229528427124023e-01 2.279341518878936768e-01
