0.6600213050842285 0.5335695743560791 -0.5288432836532593 0.1331819891929626 
-0.03010014817118645 0.7221713662147522 0.691058874130249 -0.1983541697263718 
0.7506435513496399 -0.4401952922344208 0.4927090406417847 -0.1809429824352264 
0 0 0 1 

0.6791930198669434 0.537171483039856 -0.5001435279846191 0.1233378276228905 
0.02442754060029984 0.6645104289054871 0.7468796372413635 -0.2209357172250748 
0.7335530519485474 -0.5194926857948303 0.438209056854248 -0.1646212488412857 
0 0 0 1 

0.7220149040222168 0.523994505405426 -0.4518009722232819 0.1055498570203781 
0.06527204066514969 0.5985077619552612 0.7984533905982971 -0.2420667856931686 
0.6887916326522827 -0.6059852242469788 0.397929310798645 -0.1528415083885193 
0 0 0 1 

0.7839981317520142 0.4878829419612885 -0.3838191628456116 0.07953883707523346 
0.1088331863284111 0.5006964802742004 0.8587539196014404 -0.2686113119125366 
0.6111482977867126 -0.7150336503982544 0.3394472002983093 -0.1331445127725601 
0 0 0 1 

0.8254377245903015 0.46800896525383 -0.3156266212463379 0.05663168430328369 
0.1297521591186523 0.3868592977523804 0.9129644632339478 -0.2909150421619415 
0.5493786931037903 -0.794548511505127 0.258603036403656 -0.1055722236633301 
0 0 0 1 

0.8586648106575012 0.4262551367282867 -0.2846071720123291 0.04421202093362808 
0.1652232557535172 0.2954427003860474 0.9409648180007935 -0.3038946688175201 
0.4851762354373932 -0.8549971580505371 0.1832590103149414 -0.080342136323452 
0 0 0 1 

0.9149526357650757 0.3122550547122955 -0.255652904510498 0.03035915084183216 
0.1987965703010559 0.2025611698627472 0.9588789343833923 -0.3138704299926758 
0.3512001633644104 -0.9281517863273621 0.1232586428523064 -0.0553574338555336 
0 0 0 1 

0.9393868446350098 0.2495477646589279 -0.2351132035255432 0.02127795293927193 
0.213989183306694 0.1090486720204353 0.9707300662994385 -0.3209206461906433 
0.2678823173046112 -0.962202787399292 0.04903838783502579 -0.02649284712970257 
0 0 0 1 

0.9621744155883789 0.1901434063911438 -0.1951046586036682 0.003693922888487577 
0.1946088224649429 0.02146268449723721 0.980646014213562 -0.3268907368183136 
0.1906508654356003 -0.9815216064453125 -0.01635271683335304 0.0005935850203968585 
0 0 0 1 

0.9758390784263611 0.1197294220328331 -0.1827662140130997 -0.001656646374613047 
0.1912477016448975 -0.06356724351644516 0.9794813990592957 -0.330933541059494 
0.1056546121835709 -0.9907697439193726 -0.08492936193943024 0.03124804235994816 
0 0 0 1 

