-0.2360841333866119 0.961056113243103 0.1436509639024734 -0.01531332079321146 
0.8998304605484009 0.1604064702987671 0.4056783318519592 -0.1951111257076263 
0.3668371140956879 0.2250357270240784 -0.9026568531990051 0.2718508839607239 
0 0 0 1 

-0.3577117919921875 0.9035611748695374 0.2358374148607254 -0.03787926211953163 
0.8208249807357788 0.1838044822216034 0.5407977104187012 -0.2313620150089264 
0.4452958703041077 0.3870310187339783 -0.8074145317077637 0.2411245405673981 
0 0 0 1 

-0.4650301337242126 0.8460598587989807 0.2606325149536133 -0.04065962508320808 
0.7319787740707397 0.2018644064664841 0.6507361531257629 -0.2595528662204742 
0.4979494214057922 0.4933895170688629 -0.7131708860397339 0.2114514857530594 
0 0 0 1 

-0.5587547421455383 0.7867478132247925 0.262336790561676 -0.03710837289690971 
0.651397168636322 0.220556229352951 0.7259727716445923 -0.2781696319580078 
0.5132975578308105 0.576526403427124 -0.6357219219207764 0.1886397749185562 
0 0 0 1 

-0.6724539995193481 0.6911461353302002 0.2648070454597473 -0.03315594047307968 
0.5746832489967346 0.2621031105518341 0.7752684354782104 -0.2896399199962616 
0.4664170145988464 0.6735125184059143 -0.573442280292511 0.1736950129270554 
0 0 0 1 

-0.7134476900100708 0.6837266683578491 0.1533308178186417 0.005295238457620144 
0.4738866090774536 0.3096171021461487 0.8243595957756042 -0.2999364733695984 
0.5161628127098083 0.6607987880706787 -0.5449046492576599 0.1616916209459305 
0 0 0 1 

-0.7364031076431274 0.6753655672073364 0.03989414498209953 0.04251059144735336 
0.3472436964511871 0.3267021477222443 0.8790264129638672 -0.3116611540317535 
0.5806307196617126 0.6611708402633667 -0.4751008152961731 0.1349921226501465 
0 0 0 1 

-0.7390507459640503 0.6704943776130676 -0.06512252241373062 0.07698912173509598 
0.2108498811721802 0.3220508098602295 0.9229439496994019 -0.321052223443985 
0.639801561832428 0.6683715581893921 -0.3793854415416718 0.1000233069062233 
0 0 0 1 

-0.7809374332427979 0.6186248660087585 -0.08625615388154984 0.08619485795497894 
0.1452903151512146 0.3142213821411133 0.9381661415100098 -0.3249283730983734 
0.6074764132499695 0.7201167941093445 -0.3352674543857574 0.08700862526893616 
0 0 0 1 

-0.7827652096748352 0.6163478493690491 -0.08598886430263519 0.08601789176464081 
0.1411042958498001 0.3103582262992859 0.9400892853736877 -0.3260656595230103 
0.6061095595359802 0.723735511302948 -0.3299069106578827 0.08548040688037872 
0 0 0 1 

