1.000000000000000000e+00 0.000000000000000000e+00 0.000000000000000000e+00 -4.255350477121360719e-01
0.000000000000000000e+00 -1.000000000000000000e+00 0.000000000000000000e+00 3.076616963927396031e-01
0.000000000000000000e+00 0.000000000000000000e+00 -1.000000000000000000e+00 -5.117628744684824760e+00
0.000000000000000000e+00 0.000000000000000000e+00 0.000000000000000000e+00 1.000000000000000000e+00
9.907900691032409668e-01 -4.936614260077476501e-02 1.260855197906494141e-01 2.842884026857129820e-01
-5.239890888333320618e-02 -9.984082579612731934e-01 2.084876596927642822e-02 3.731486857250586597e-01
1.248556226491928101e-01 -2.726354449987411499e-02 -9.917998909950256348e-01 -5.078146856796402098e+00
0.000000000000000000e+00 0.000000000000000000e+00 0.000000000000000000e+00 1.000000000000000000e+00
9.684610962867736816e-01 -5.878900364041328430e-02 2.421296536922454834e-01 9.120036847720631723e-01
-6.602258235216140747e-02 -9.975785017013549805e-01 2.186273597180843353e-02 3.850460091571435983e-01
2.402580827474594116e-01 -3.715928643941879272e-02 -9.699974656105041504e-01 -4.936368641812975966e+00
0.000000000000000000e+00 0.000000000000000000e+00 0.000000000000000000e+00 1.000000000000000000e+00
9.986356496810913086e-01 -4.416356235742568970e-02 2.786716632544994354e-02 -2.317435947967764476e-01
-4.398651793599128723e-02 -9.990077018737792969e-01 -6.934073287993669510e-03 2.413055497820815742e-01
2.814576216042041779e-02 5.698883906006813049e-03 -9.995879530906677246e-01 -4.952051716239347812e+00
0.000000000000000000e+00 0.000000000000000000e+00 0.000000000000000000e+00 1.000000000000000000e+00
9.916399717330932617e-01 -4.628276079893112183e-02 1.204509809613227844e-01 2.780106293393792560e-01
-4.222209751605987549e-02 -9.984577298164367676e-01 -3.604999929666519165e-02 1.274103070270861671e-01
1.219336912035942078e-01 3.066290356218814850e-02 -9.920643568038940430e-01 -4.914218610655503916e+00
0.000000000000000000e+00 0.000000000000000000e+00 0.000000000000000000e+00 1.000000000000000000e+00
-2.985921204090118408e-01 -7.866699993610382080e-02 9.511332511901855469e-01 5.138575576287618851e+00
-4.202011227607727051e-02 -9.945466518402099609e-01 -9.544922411441802979e-02 -1.235082688907286896e-01
9.534552693367004395e-01 -6.846711039543151855e-02 2.936583757400512695e-01 1.546668875402675392e+00
0.000000000000000000e+00 0.000000000000000000e+00 0.000000000000000000e+00 1.000000000000000000e+00
-3.350986540317535400e-01 -9.503389894962310791e-02 9.373784661293029785e-01 5.005251586815398390e+00
-2.201300114393234253e-02 -9.938386678695678711e-01 -1.086273416876792908e-01 -1.246856552075951280e-01
9.419254064559936523e-01 -5.703539401292800903e-02 3.309422135353088379e-01 1.806336910053020439e+00
0.000000000000000000e+00 0.000000000000000000e+00 0.000000000000000000e+00 1.000000000000000000e+00
-3.525324761867523193e-01 -9.164927154779434204e-02 9.313006401062011719e-01 4.882406392605997958e+00
-2.250985801219940186e-02 -9.940737485885620117e-01 -1.063476577401161194e-01 -6.043599043875187010e-02
9.355283379554748535e-01 -5.845448002219200134e-02 3.483804762363433838e-01 1.972380795870660508e+00
0.000000000000000000e+00 0.000000000000000000e+00 0.000000000000000000e+00 1.000000000000000000e+00
-3.261345028877258301e-01 -8.291242271661758423e-02 9.416802525520324707e-01 4.824295050360638548e+00
-3.392347320914268494e-02 -9.944782853126525879e-01 -9.930993616580963135e-02 -6.336692884902710675e-03
9.447140097618103027e-01 -6.433347612619400024e-02 3.215210735797882080e-01 1.926663891866546185e+00
0.000000000000000000e+00 0.000000000000000000e+00 0.000000000000000000e+00 1.000000000000000000e+00
-2.913447022438049316e-01 -8.188635110855102539e-02 9.531065821647644043e-01 4.804405696168072559e+00
-5.399628356099128723e-02 -9.933336973190307617e-01 -1.018480658531188965e-01 1.250086931806889019e-02
9.550927877426147461e-01 -8.113711327314376831e-02 2.849808037281036377e-01 1.842956742015624760e+00
0.000000000000000000e+00 0.000000000000000000e+00 0.000000000000000000e+00 1.000000000000000000e+00
-2.621457874774932861e-01 -6.418833881616592407e-02 9.628910422325134277e-01 4.766979329901243290e+00
-7.412250339984893799e-02 -9.934981465339660645e-01 -8.640842884778976440e-02 1.203736300386199776e-01
9.621776342391967773e-01 -9.402361512184143066e-02 2.556836605072021484e-01 1.797811852377828146e+00
0.000000000000000000e+00 0.000000000000000000e+00 0.000000000000000000e+00 1.000000000000000000e+00
-2.638803720474243164e-01 -4.461169987916946411e-02 9.635230302810668945e-01 4.701393507875125444e+00
-1.055188775062561035e-01 -9.915995001792907715e-01 -7.481019943952560425e-02 2.200348691870513684e-01
9.587666392326354980e-01 -1.214108318090438843e-01 2.569563090801239014e-01 1.903374792212011446e+00
0.000000000000000000e+00 0.000000000000000000e+00 0.000000000000000000e+00 1.000000000000000000e+00
-2.547843754291534424e-01 -6.089366599917411804e-02 9.650785923004150391e-01 4.699644727221388152e+00
-1.075029745697975159e-01 -9.900450706481933594e-01 -9.085019677877426147e-02 1.907458437818236874e-01
9.610031247138977051e-01 -1.268960237503051758e-01 2.457019090652465820e-01 1.921152276506870926e+00
0.000000000000000000e+00 0.000000000000000000e+00 0.000000000000000000e+00 1.000000000000000000e+00
-2.382172495126724243e-01 -5.408613011240959167e-02 9.697047472000122070e-01 4.709619959368802178e+00
-1.344457417726516724e-01 -9.869984388351440430e-01 -8.807852864265441895e-02 2.510150373086544318e-01
9.618614315986633301e-01 -1.513545811176300049e-01 2.278482615947723389e-01 1.918845965374689655e+00
0.000000000000000000e+00 0.000000000000000000e+00 0.000000000000000000e+00 1.000000000000000000e+00
-2.250468581914901733e-01 -5.961560085415840149e-02 9.725225567817687988e-01 4.726647059226126935e+00
-1.502200365066528320e-01 -9.840692877769470215e-01 -9.508513659238815308e-02 2.467789217254863499e-01
9.626981616020202637e-01 -1.674909740686416626e-01 2.125061601400375366e-01 1.931473534687881966e+00
0.000000000000000000e+00 0.000000000000000000e+00 0.000000000000000000e+00 1.000000000000000000e+00
-2.080896347761154175e-01 -6.117594242095947266e-02 9.761946797370910645e-01 4.737125854488946963e+00
-1.697430461645126343e-01 -9.806398749351501465e-01 -9.763756394386291504e-02 2.707679602217754611e-01
9.632683396339416504e-01 -1.860195547342300415e-01 1.936767995357513428e-01 1.952287278381895863e+00
0.000000000000000000e+00 0.000000000000000000e+00 0.000000000000000000e+00 1.000000000000000000e+00
-1.891952604055404663e-01 -6.044808402657508850e-02 9.800772070884704590e-01 4.757240998604811644e+00
-1.911187618970870972e-01 -9.767485857009887695e-01 -9.713654965162277222e-02 3.063983987957428767e-01
9.631611108779907227e-01 -2.056889384984970093e-01 1.732434034347534180e-01 1.981036803764989029e+00
0.000000000000000000e+00 0.000000000000000000e+00 0.000000000000000000e+00 1.000000000000000000e+00
-1.724199354648590088e-01 -4.688268154859542847e-02 9.839069843292236328e-01 4.753664073528162781e+00
-2.180377990007400513e-01 -9.722720384597778320e-01 -8.453720808029174805e-02 3.811599870007419955e-01
9.605889320373535156e-01 -2.291048616170883179e-01 1.574169248342514038e-01 2.025274168702286826e+00
0.000000000000000000e+00 0.000000000000000000e+00 0.000000000000000000e+00 1.000000000000000000e+00
-8.689811825752258301e-02 -7.219021022319793701e-02 9.935981631278991699e-01 4.896913295973218894e+00
-2.372025996446609497e-01 -9.671874046325683594e-01 -9.101655334234237671e-02 3.485174207279110314e-01
9.675663113594055176e-01 -2.435932606458663940e-01 6.692283600568771362e-02 1.830499209577886477e+00
0.000000000000000000e+00 0.000000000000000000e+00 0.000000000000000000e+00 1.000000000000000000e+00
-5.000604689121246338e-02 -1.258930265903472900e-01 9.907819032669067383e-01 5.091257706649852999e+00
-2.445872277021408081e-01 -9.602723717689514160e-01 -1.343610137701034546e-01 1.316049178390943097e-01
9.683367013931274414e-01 -2.490517348051071167e-01 1.722761802375316620e-02 1.930177325927856069e+00
0.000000000000000000e+00 0.000000000000000000e+00 0.000000000000000000e+00 1.000000000000000000e+00
-2.018728666007518768e-02 -1.367859989404678345e-01 9.903944730758666992e-01 5.237953697590112867e+00
-2.761656343936920166e-01 -9.512934088706970215e-01 -1.370148211717605591e-01 1.446369819627038589e-01
9.608977437019348145e-01 -2.762789726257324219e-01 -1.857163384556770325e-02 1.803952425608203347e+00
0.000000000000000000e+00 0.000000000000000000e+00 0.000000000000000000e+00 1.000000000000000000e+00
-7.990553230047225952e-02 -1.725884228944778442e-01 9.817476868629455566e-01 5.065588685967228777e+00
-2.013107240200042725e-01 -9.618085026741027832e-01 -1.854680478572845459e-01 -1.276446713382836662e-01
9.762625098228454590e-01 -2.124563306570053101e-01 4.210986196994781494e-02 1.945920915228222192e+00
0.000000000000000000e+00 0.000000000000000000e+00 0.000000000000000000e+00 1.000000000000000000e+00
-6.303868442773818970e-02 -1.941475272178649902e-01 9.789447188377380371e-01 5.031596786811380895e+00
-1.681509613990783691e-01 -9.648063182830810547e-01 -2.021716386079788208e-01 -2.373359036348594298e-01
9.837433695793151855e-01 -1.773551255464553833e-01 2.817420847713947296e-02 1.802809388922682166e+00
0.000000000000000000e+00 0.000000000000000000e+00 0.000000000000000000e+00 1.000000000000000000e+00
-4.919156059622764587e-02 -2.600714564323425293e-01 9.643362760543823242e-01 4.775042292030422963e+00
-6.665619462728500366e-02 -9.624967575073242188e-01 -2.629755735397338867e-01 -6.400983021756608826e-01
9.965624809265136719e-01 -7.721533626317977905e-02 3.001182526350021362e-02 1.559511222916193374e+00
0.000000000000000000e+00 0.000000000000000000e+00 0.000000000000000000e+00 1.000000000000000000e+00
-7.125448435544967651e-02 -3.135466575622558594e-01 9.468958377838134766e-01 4.483026477907370300e+00
-3.061397932469844818e-02 -9.481737017631530762e-01 -3.162735700607299805e-01 -1.029467271030745756e+00
9.969886541366577148e-01 -5.152415484189987183e-02 5.796273052692413330e-02 1.547497135538712154e+00
0.000000000000000000e+00 0.000000000000000000e+00 0.000000000000000000e+00 1.000000000000000000e+00
-4.805753752589225769e-02 -3.868991434574127197e-01 9.208686351776123047e-01 4.254761595467145163e+00
3.556894080247730017e-05 -9.219347238540649414e-01 -3.873449563980102539e-01 -1.407851500594529348e+00
9.988443851470947266e-01 -1.858216151595115662e-02 4.431964084506034851e-02 1.408093484528956996e+00
0.000000000000000000e+00 0.000000000000000000e+00 0.000000000000000000e+00 1.000000000000000000e+00
3.511944785714149475e-02 -4.381701052188873291e-01 8.982056975364685059e-01 4.117840839975982270e+00
5.380615219473838806e-02 -8.966275453567504883e-01 -4.395039379596710205e-01 -1.657921082591610862e+00
9.979335665702819824e-01 6.376408040523529053e-02 -7.912812754511833191e-03 1.095768184260276668e+00
0.000000000000000000e+00 0.000000000000000000e+00 0.000000000000000000e+00 1.000000000000000000e+00
3.009397089481353760e-01 -4.606449902057647705e-01 8.350097537040710449e-01 3.892696144120812551e+00
1.214333176612854004e-01 -8.499617576599121094e-01 -5.126581788063049316e-01 -2.022030944631852289e+00
9.458801746368408203e-01 2.556773424148559570e-01 -1.998497247695922852e-01 1.364085879994923478e-01
0.000000000000000000e+00 0.000000000000000000e+00 0.000000000000000000e+00 1.000000000000000000e+00
4.177812039852142334e-01 -4.637282192707061768e-01 7.812906503677368164e-01 3.660039270694527058e+00
1.411153823137283325e-01 -8.163775205612182617e-01 -5.600125789642333984e-01 -2.269042342988545347e+00
8.975216746330261230e-01 3.442147672176361084e-01 -2.756280601024627686e-01 -2.529160487501558863e-01
0.000000000000000000e+00 0.000000000000000000e+00 0.000000000000000000e+00 1.000000000000000000e+00
4.533323347568511963e-01 -5.018172860145568848e-01 7.366606593132019043e-01 3.400372922524276920e+00
1.599738746881484985e-01 -7.672373056411743164e-01 -6.210923790931701660e-01 -2.542221166498272122e+00
8.768683075904846191e-01 3.994076251983642578e-01 -2.675357162952423096e-01 -2.600612928947336200e-01
0.000000000000000000e+00 0.000000000000000000e+00 0.000000000000000000e+00 1.000000000000000000e+00
4.827906787395477295e-01 -5.141797065734863281e-01 7.088951468467712402e-01 3.204561075755624877e+00
1.597642153501510620e-01 -7.441864609718322754e-01 -6.485843062400817871e-01 -2.669727791690076568e+00
8.610391616821289062e-01 4.263865053653717041e-01 -2.771387100219726562e-01 -3.317507095950273377e-01
0.000000000000000000e+00 0.000000000000000000e+00 0.000000000000000000e+00 1.000000000000000000e+00
4.954269528388977051e-01 -5.225420594215393066e-01 6.939032673835754395e-01 3.057800403343488238e+00
1.780728697776794434e-01 -7.207689881324768066e-01 -6.699116826057434082e-01 -2.743274791811409319e+00
8.502013683319091797e-01 4.554578959941864014e-01 -2.640378475189208984e-01 -3.116202631524191968e-01
0.000000000000000000e+00 0.000000000000000000e+00 0.000000000000000000e+00 1.000000000000000000e+00
4.830559790134429932e-01 -5.653138756752014160e-01 6.686381697654724121e-01 2.859827877959088660e+00
1.790620982646942139e-01 -6.837238669395446777e-01 -7.074308395385742188e-01 -2.888802349660013036e+00
8.570843935012817383e-01 4.614565670490264893e-01 -2.290504425764083862e-01 -2.151112537108469669e-01
0.000000000000000000e+00 0.000000000000000000e+00 0.000000000000000000e+00 1.000000000000000000e+00
4.762749075889587402e-01 -6.198073029518127441e-01 6.236991882324218750e-01 2.539375231703486779e+00
1.433275640010833740e-01 -6.451063156127929688e-01 -7.505297064781188965e-01 -3.033104134093732362e+00
8.675362467765808105e-01 4.468519687652587891e-01 -2.184125930070877075e-01 -2.728566421761942640e-01
0.000000000000000000e+00 0.000000000000000000e+00 0.000000000000000000e+00 1.000000000000000000e+00
4.624337852001190186e-01 -6.448811888694763184e-01 6.085087656974792480e-01 2.424541809992149410e+00
1.365211457014083862e-01 -6.263272762298583984e-01 -7.675128579139709473e-01 -3.076799642896998144e+00
8.760801553726196289e-01 4.379982650279998779e-01 -2.015949636697769165e-01 -2.657338182964080753e-01
0.000000000000000000e+00 0.000000000000000000e+00 0.000000000000000000e+00 1.000000000000000000e+00
4.567457735538482666e-01 -6.970697045326232910e-01 5.526997447013854980e-01 2.118986735257524234e+00
1.206884309649467468e-01 -5.669937729835510254e-01 -8.148329257965087891e-01 -3.214181303477635865e+00
8.813724517822265625e-01 4.388759434223175049e-01 -1.748437583446502686e-01 -2.923730362560004736e-01
0.000000000000000000e+00 0.000000000000000000e+00 0.000000000000000000e+00 1.000000000000000000e+00
3.817080855369567871e-01 -7.712567448616027832e-01 5.093748569488525391e-01 1.910376687071957180e+00
9.871104359626770020e-02 -5.139341950416564941e-01 -8.521312475204467773e-01 -3.287377118920375541e+00
9.189972281455993652e-01 3.755462765693664551e-01 -1.200413331389427185e-01 -2.033844383765957275e-01
0.000000000000000000e+00 0.000000000000000000e+00 0.000000000000000000e+00 1.000000000000000000e+00
4.931454956531524658e-01 -7.589958310127258301e-01 4.251268506050109863e-01 1.523941598353792726e+00
2.098360843956470490e-02 -4.781612455844879150e-01 -8.780212402343750000e-01 -3.287113631206719955e+00
8.696936964988708496e-01 4.419128894805908203e-01 -2.198766320943832397e-01 -6.455582274577337243e-01
0.000000000000000000e+00 0.000000000000000000e+00 0.000000000000000000e+00 1.000000000000000000e+00
5.917342305183410645e-01 -7.298567295074462891e-01 3.422856926918029785e-01 1.256713371051981998e+00
-3.984972834587097168e-02 -4.505663812160491943e-01 -8.918531537055969238e-01 -3.229201095203139804e+00
8.051475286483764648e-01 5.141000151634216309e-01 -2.957001328468322754e-01 -9.202890094736480009e-01
0.000000000000000000e+00 0.000000000000000000e+00 0.000000000000000000e+00 1.000000000000000000e+00
5.889636874198913574e-01 -7.739599943161010742e-01 2.326098084449768066e-01 9.295985331931121420e-01
-1.146014258265495300e-01 -3.649021089076995850e-01 -9.239658117294311523e-01 -3.378251015537085511e+00
7.999926805496215820e-01 5.175248980522155762e-01 -3.036110401153564453e-01 -8.896390194329845125e-01
0.000000000000000000e+00 0.000000000000000000e+00 0.000000000000000000e+00 1.000000000000000000e+00
5.733076333999633789e-01 -8.125376105308532715e-01 1.053604781627655029e-01 4.718541058254615006e-01
-1.932514905929565430e-01 -2.590628564357757568e-01 -9.463296532630920410e-01 -3.585731717287313991e+00
7.962239980697631836e-01 5.221773386001586914e-01 -3.055468797683715820e-01 -8.477006740815753449e-01
0.000000000000000000e+00 0.000000000000000000e+00 0.000000000000000000e+00 1.000000000000000000e+00
5.842119455337524414e-01 -8.115820288658142090e-01 -5.613344255834817886e-03 6.769422651667122807e-03
-2.028604000806808472e-01 -1.393239647150039673e-01 -9.692450165748596191e-01 -3.790169612127431087e+00
7.858399748802185059e-01 5.673828721046447754e-01 -2.460325360298156738e-01 -6.188107523567530910e-01
0.000000000000000000e+00 0.000000000000000000e+00 0.000000000000000000e+00 1.000000000000000000e+00
5.892120003700256348e-01 -7.979305982589721680e-01 -1.270322501659393311e-01 -5.704671292801599680e-01
-2.471830993890762329e-01 -2.833024412393569946e-02 -9.685542583465576172e-01 -3.869708378411938821e+00
7.692401409149169922e-01 6.020839214324951172e-01 -2.139275372028350830e-01 -5.128132462839893879e-01
0.000000000000000000e+00 0.000000000000000000e+00 0.000000000000000000e+00 1.000000000000000000e+00
6.143094301223754883e-01 -7.525761723518371582e-01 -2.371790260076522827e-01 -1.138183104257225020e+00
-2.443778663873672485e-01 1.043465062975883484e-01 -9.640490412712097168e-01 -3.942885344959500049e+00
7.502689957618713379e-01 6.501857638359069824e-01 -1.198119446635246277e-01 -1.755860753664578444e-01
0.000000000000000000e+00 0.000000000000000000e+00 0.000000000000000000e+00 1.000000000000000000e+00
5.806983113288879395e-01 -8.095151782035827637e-01 -8.645834028720855713e-02 -3.876100413637071918e-01
-3.068320453166961670e-01 -1.192533671855926514e-01 -9.442629814147949219e-01 -3.624778691720666135e+00
7.540847659111022949e-01 5.748597979545593262e-01 -3.176354169845581055e-01 -1.106430678582645655e+00
0.000000000000000000e+00 0.000000000000000000e+00 0.000000000000000000e+00 1.000000000000000000e+00
5.633375048637390137e-01 -8.262186646461486816e-01 -3.715764963999390602e-03 -8.046404187061038590e-03
-3.831807672977447510e-01 -2.572729885578155518e-01 -8.871206641197204590e-01 -3.262825738517136642e+00
7.319995760917663574e-01 5.011723041534423828e-01 -4.615226686000823975e-01 -1.643033526323564031e+00
0.000000000000000000e+00 0.000000000000000000e+00 0.000000000000000000e+00 1.000000000000000000e+00
5.441681742668151855e-01 -8.299196958541870117e-01 1.229396834969520569e-01 5.134566928309111100e-01
-4.491391479969024658e-01 -4.119404256343841553e-01 -7.928294539451599121e-01 -2.722075538608635270e+00
7.086288332939147949e-01 3.762156069278717041e-01 -5.969144105911254883e-01 -2.097959746247864743e+00
0.000000000000000000e+00 0.000000000000000000e+00 0.000000000000000000e+00 1.000000000000000000e+00
5.492569804191589355e-01 -8.099608421325683594e-01 2.056218236684799194e-01 8.228904733744670796e-01
-5.135285258293151855e-01 -5.212708115577697754e-01 -6.815901994705200195e-01 -2.149746296536583223e+00
6.592460274696350098e-01 2.687755227088928223e-01 -7.022494673728942871e-01 -2.400653558694362921e+00
0.000000000000000000e+00 0.000000000000000000e+00 0.000000000000000000e+00 1.000000000000000000e+00
5.663472414016723633e-01 -7.914571166038513184e-01 2.298832237720489502e-01 8.937198596298768782e-01
-5.710132718086242676e-01 -5.779467821121215820e-01 -5.830279588699340820e-01 -1.709788281887823835e+00
5.943019986152648926e-01 1.989298611879348755e-01 -7.792509794235229492e-01 -2.612719303799166060e+00
0.000000000000000000e+00 0.000000000000000000e+00 0.000000000000000000e+00 1.000000000000000000e+00
5.764865279197692871e-01 -7.903093695640563965e-01 2.075441479682922363e-01 7.524400491168607985e-01
-6.604847908020019531e-01 -6.002438068389892578e-01 -4.510733187198638916e-01 -1.229556824957848127e+00
4.810644388198852539e-01 1.229578033089637756e-01 -8.680198192596435547e-01 -2.862340778114552009e+00
0.000000000000000000e+00 0.000000000000000000e+00 0.000000000000000000e+00 1.000000000000000000e+00
5.727729201316833496e-01 -7.870485186576843262e-01 2.290972918272018433e-01 7.668928859163317568e-01
-7.078887224197387695e-01 -6.158436536788940430e-01 -3.458762764930725098e-01 -8.259008895808648276e-01
4.133095145225524902e-01 3.593316301703453064e-02 -9.098815321922302246e-01 -2.953033130109277149e+00
0.000000000000000000e+00 0.000000000000000000e+00 0.000000000000000000e+00 1.000000000000000000e+00
5.673717856407165527e-01 -7.774447202682495117e-01 2.714194953441619873e-01 8.542369796943394267e-01
-7.499931454658508301e-01 -6.239661574363708496e-01 -2.194910198450088501e-01 -3.332340228638077106e-01
3.399987220764160156e-01 -7.902988046407699585e-02 -9.370995163917541504e-01 -2.981709442415307887e+00
0.000000000000000000e+00 0.000000000000000000e+00 0.000000000000000000e+00 1.000000000000000000e+00
5.577828288078308105e-01 -7.804360985755920410e-01 2.824852764606475830e-01 8.706549626232571448e-01
-7.798300981521606445e-01 -6.093091964721679688e-01 -1.435509473085403442e-01 -5.843561423614537786e-02
2.841531932353973389e-01 -1.402203291654586792e-01 -9.484697580337524414e-01 -2.992439820826408248e+00
0.000000000000000000e+00 0.000000000000000000e+00 0.000000000000000000e+00 1.000000000000000000e+00
5.413739681243896484e-01 -7.891331911087036133e-01 2.901425659656524658e-01 8.541016644678985914e-01
-8.225730657577514648e-01 -5.685431361198425293e-01 -1.149989757686853409e-02 4.057290010414441594e-01
1.740335226058959961e-01 -2.324377894401550293e-01 -9.569142460823059082e-01 -2.993963803603961971e+00
0.000000000000000000e+00 0.000000000000000000e+00 0.000000000000000000e+00 1.000000000000000000e+00
5.294621586799621582e-01 -7.960802912712097168e-01 2.931309044361114502e-01 8.295732003530085219e-01
-8.466699123382568359e-01 -5.175049304962158203e-01 1.238496899604797363e-01 8.791913980927247296e-01
5.310238525271415710e-02 -3.137589693069458008e-01 -9.480167627334594727e-01 -2.934471730184406546e+00
0.000000000000000000e+00 0.000000000000000000e+00 0.000000000000000000e+00 1.000000000000000000e+00
5.432062745094299316e-01 -7.773154377937316895e-01 3.173443675041198730e-01 8.641422725201699517e-01
-8.387421965599060059e-01 -4.853229820728302002e-01 2.469272613525390625e-01 1.298495884656488908e+00
-3.792588412761688232e-02 -4.003026187419891357e-01 -9.155980944633483887e-01 -2.779635794258868309e+00
0.000000000000000000e+00 0.000000000000000000e+00 0.000000000000000000e+00 1.000000000000000000e+00
5.122897624969482422e-01 -7.923043966293334961e-01 3.313802778720855713e-01 8.929221545449719244e-01
-8.420775532722473145e-01 -3.876055181026458740e-01 3.750560581684112549e-01 1.736400262573172926e+00
-1.687137931585311890e-01 -4.711853861808776855e-01 -8.657482862472534180e-01 -2.532359717731981874e+00
0.000000000000000000e+00 0.000000000000000000e+00 0.000000000000000000e+00 1.000000000000000000e+00
4.959595203399658203e-01 -8.011196851730346680e-01 3.350094258785247803e-01 9.087674286745915930e-01
-8.233931064605712891e-01 -3.113535642623901367e-01 4.744287729263305664e-01 2.075648035053861307e+00
-2.757678925991058350e-01 -5.111418962478637695e-01 -8.140552639961242676e-01 -2.296621545967536093e+00
0.000000000000000000e+00 0.000000000000000000e+00 0.000000000000000000e+00 1.000000000000000000e+00
4.795609414577484131e-01 -8.069082498550415039e-01 3.448482751846313477e-01 9.844259018747846257e-01
-8.034353256225585938e-01 -2.457258701324462891e-01 5.423195362091064453e-01 2.300920109758554766e+00
-3.528639674186706543e-01 -5.371385812759399414e-01 -7.661391496658325195e-01 -2.083997476746596966e+00
0.000000000000000000e+00 0.000000000000000000e+00 0.000000000000000000e+00 1.000000000000000000e+00
4.496067166328430176e-01 -8.184317350387573242e-01 3.578032851219177246e-01 1.101414248328604906e+00
-7.867997884750366211e-01 -1.732454001903533936e-01 5.923951268196105957e-01 2.445982199100956045e+00
-4.228472709655761719e-01 -5.478643774986267090e-01 -7.218343019485473633e-01 -1.847788677830952464e+00
0.000000000000000000e+00 0.000000000000000000e+00 0.000000000000000000e+00 1.000000000000000000e+00
4.209305644035339355e-01 -8.342537879943847656e-01 3.561432361602783203e-01 1.183821221231041942e+00
-7.765645980834960938e-01 -1.285146027803421021e-01 6.167911291122436523e-01 2.482611554715861146e+00
-4.687907695770263672e-01 -5.361944437026977539e-01 -7.019477486610412598e-01 -1.687583485306693776e+00
0.000000000000000000e+00 0.000000000000000000e+00 0.000000000000000000e+00 1.000000000000000000e+00
3.035505414009094238e-01 -9.097319841384887695e-01 2.832750678062438965e-01 1.081371523652111311e+00
-7.715348005294799805e-01 -6.023023277521133423e-02 6.333295106887817383e-01 2.460445650804553797e+00
-5.590984225273132324e-01 -4.108040630817413330e-01 -7.201728820800781250e-01 -1.659086435914283841e+00
0.000000000000000000e+00 0.000000000000000000e+00 0.000000000000000000e+00 1.000000000000000000e+00
1.160389930009841919e-01 -9.666382670402526855e-01 2.283544242382049561e-01 1.059332006543213023e+00
-7.844892144203186035e-01 5.181444436311721802e-02 6.179742813110351562e-01 2.243900416158176370e+00
-6.091895103454589844e-01 -2.508507072925567627e-01 -7.523045539855957031e-01 -1.732057056661994165e+00
0.000000000000000000e+00 0.000000000000000000e+00 0.000000000000000000e+00 1.000000000000000000e+00
-4.885854944586753845e-02 -9.749564528465270996e-01 2.169630080461502075e-01 1.046468627630864123e+00
-7.911369204521179199e-01 1.703715622425079346e-01 5.874317884445190430e-01 2.016957734112381218e+00
-6.096846461296081543e-01 -1.429464221000671387e-01 -7.796480059623718262e-01 -1.830828838768002731e+00
0.000000000000000000e+00 0.000000000000000000e+00 0.000000000000000000e+00 1.000000000000000000e+00
-1.530900597572326660e-01 -9.543273448944091797e-01 2.565591335296630859e-01 1.148444721917251776e+00
-7.538360357284545898e-01 2.806474268436431885e-01 5.941112041473388672e-01 2.071705838229591645e+00
-6.389793157577514648e-01 -1.024509295821189880e-01 -7.623708248138427734e-01 -1.743148937041679725e+00
0.000000000000000000e+00 0.000000000000000000e+00 0.000000000000000000e+00 1.000000000000000000e+00
-1.886827647686004639e-01 -9.547016620635986328e-01 2.300939857959747314e-01 1.144097769870197290e+00
-7.089945673942565918e-01 2.945514023303985596e-01 6.407541036605834961e-01 2.269209125328753185e+00
-6.795036196708679199e-01 -4.223600029945373535e-02 -7.324553728103637695e-01 -1.593444265612052879e+00
0.000000000000000000e+00 0.000000000000000000e+00 0.000000000000000000e+00 1.000000000000000000e+00
-2.720790505409240723e-01 -9.365419149398803711e-01 2.210476547479629517e-01 1.249001593601394955e+00
-6.937728524208068848e-01 3.500989973545074463e-01 6.293725371360778809e-01 2.194279608348418620e+00
-6.668223738670349121e-01 1.788226887583732605e-02 -7.450020313262939453e-01 -1.508667688971518706e+00
0.000000000000000000e+00 0.000000000000000000e+00 0.000000000000000000e+00 1.000000000000000000e+00
2.415687143802642822e-01 -9.114537239074707031e-01 3.330110609531402588e-01 9.940692942623426953e-01
-7.328194379806518555e-01 5.360439047217369080e-02 6.783083081245422363e-01 2.456594722314833668e+00
-6.360976099967956543e-01 -4.078951478004455566e-01 -6.549820303916931152e-01 -1.355165461186940812e+00
0.000000000000000000e+00 0.000000000000000000e+00 0.000000000000000000e+00 1.000000000000000000e+00
5.481898188591003418e-01 -7.606195807456970215e-01 3.477723300457000732e-01 8.413804459070814978e-01
-7.641891837120056152e-01 -2.865618169307708740e-01 5.778383016586303711e-01 2.337017132891728632e+00
-3.398568928241729736e-01 -5.825289487838745117e-01 -7.383476495742797852e-01 -2.117134628108446215e+00
0.000000000000000000e+00 0.000000000000000000e+00 0.000000000000000000e+00 1.000000000000000000e+00
6.050491333007812500e-01 -7.100646495819091797e-01 3.601717352867126465e-01 8.618606633611438639e-01
-7.684185504913330078e-01 -4.023498892784118652e-01 4.976418018341064453e-01 2.095777266238754155e+00
-2.084428668022155762e-01 -5.778603553771972656e-01 -7.890684008598327637e-01 -2.499761843181667054e+00
0.000000000000000000e+00 0.000000000000000000e+00 0.000000000000000000e+00 1.000000000000000000e+00
6.093930006027221680e-01 -7.184589505195617676e-01 3.353458642959594727e-01 7.764456051976090789e-01
-7.718496322631835938e-01 -4.408228695392608643e-01 4.581737518310546875e-01 1.980465677818146419e+00
-1.813510060310363770e-01 -5.380442142486572266e-01 -8.231766819953918457e-01 -2.704717785025064103e+00
0.000000000000000000e+00 0.000000000000000000e+00 0.000000000000000000e+00 1.000000000000000000e+00
6.368471384048461914e-01 -7.222931981086730957e-01 2.696624696254730225e-01 5.219765422587514525e-01
-7.568297982215881348e-01 -5.189402699470520020e-01 3.973781168460845947e-01 1.753476964786230718e+00
-1.470849514007568359e-01 -4.571577906608581543e-01 -8.771390318870544434e-01 -2.982229473512817197e+00
0.000000000000000000e+00 0.000000000000000000e+00 0.000000000000000000e+00 1.000000000000000000e+00
6.531019806861877441e-01 -7.316003441810607910e-01 1.954962015151977539e-01 2.357370216655678419e-01
-7.402779459953308105e-01 -5.624234080314636230e-01 3.683320879936218262e-01 1.662307438129349668e+00
-1.595202833414077759e-01 -3.852796852588653564e-01 -9.089074730873107910e-01 -3.158320614098396817e+00
0.000000000000000000e+00 0.000000000000000000e+00 0.000000000000000000e+00 1.000000000000000000e+00
6.672290563583374023e-01 -7.342332005500793457e-01 1.253259629011154175e-01 -5.400600011719004778e-02
-7.262267470359802246e-01 -6.038778424263000488e-01 3.285214900970458984e-01 1.516414211714279148e+00
-1.655299663543701172e-01 -3.102139234542846680e-01 -9.361447691917419434e-01 -3.315977535199206017e+00
0.000000000000000000e+00 0.000000000000000000e+00 0.000000000000000000e+00 1.000000000000000000e+00
6.814283132553100586e-01 -7.277974486351013184e-01 7.723473012447357178e-02 -2.700053174366599529e-01
-7.162228822708129883e-01 -6.414090394973754883e-01 2.749885618686676025e-01 1.305623346356536318e+00
-1.505971997976303101e-01 -2.427023798227310181e-01 -9.583401679992675781e-01 -3.455474835456585847e+00
0.000000000000000000e+00 0.000000000000000000e+00 0.000000000000000000e+00 1.000000000000000000e+00
7.215934395790100098e-01 -6.923162937164306641e-01 7.974652689881622791e-04 -6.413728535610434545e-01
-6.776122450828552246e-01 -7.060303688049316406e-01 2.058219015598297119e-01 1.029408065038232012e+00
-1.419310271739959717e-01 -1.490600854158401489e-01 -9.785892367362976074e-01 -3.593608666159565423e+00
0.000000000000000000e+00 0.000000000000000000e+00 0.000000000000000000e+00 1.000000000000000000e+00
7.548548579216003418e-01 -6.548348069190979004e-01 -3.720687702298164368e-02 -8.475232201305015201e-01
-6.441906690597534180e-01 -7.508626580238342285e-01 1.456837952136993408e-01 7.767867890551558574e-01
-1.233361661434173584e-01 -8.600176870822906494e-02 -9.886313080787658691e-01 -3.677483868791711519e+00
0.000000000000000000e+00 0.000000000000000000e+00 0.000000000000000000e+00 1.000000000000000000e+00
7.828902006149291992e-01 -6.131071448326110840e-01 -1.057458445429801941e-01 -1.183387615926613012e+00
-6.102192401885986328e-01 -7.898318767547607422e-01 6.162689626216888428e-02 3.992158149147996271e-01
-1.213054135441780090e-01 1.628120057284832001e-02 -9.924815893173217773e-01 -3.728588183856744731e+00
0.000000000000000000e+00 0.000000000000000000e+00 0.000000000000000000e+00 1.000000000000000000e+00
8.084465265274047852e-01 -5.704193115234375000e-01 -1.450378447771072388e-01 -1.401597604836115618e+00
-5.785012841224670410e-01 -8.154980540275573730e-01 -1.731612905859947205e-02 4.589743518762757352e-02
-1.084005907177925110e-01 9.790369868278503418e-02 -9.892745018005371094e-01 -3.768569666672114682e+00
0.000000000000000000e+00 0.000000000000000000e+00 0.000000000000000000e+00 1.000000000000000000e+00
8.381891250610351562e-01 -5.189331173896789551e-01 -1.677715480327606201e-01 -1.551333029726297275e+00
-5.385151505470275879e-01 -8.361592292785644531e-01 -1.041085869073867798e-01 -3.577110741369801672e-01
-8.625833690166473389e-02 1.776102036237716675e-01 -9.803133606910705566e-01 -3.775858832051852687e+00
0.000000000000000000e+00 0.000000000000000000e+00 0.000000000000000000e+00 1.000000000000000000e+00
8.525775671005249023e-01 -4.990754127502441406e-01 -1.550325602293014526e-01 -1.553532695793651719e+00
-5.220383405685424805e-01 -8.270816802978515625e-01 -2.083556056022644043e-01 -8.290731586394401997e-01
-2.423932403326034546e-02 2.585723102092742920e-01 -9.656874537467956543e-01 -3.772866421135166792e+00
0.000000000000000000e+00 0.000000000000000000e+00 0.000000000000000000e+00 1.000000000000000000e+00
8.602367639541625977e-01 -4.954626560211181641e-01 -1.204549670219421387e-01 -1.450355728474957751e+00
-5.082720518112182617e-01 -8.143950700759887695e-01 -2.800366580486297607e-01 -1.194352148204318675e+00
4.064986482262611389e-02 3.021214902400970459e-01 -9.524023532867431641e-01 -3.776515170422917400e+00
0.000000000000000000e+00 0.000000000000000000e+00 0.000000000000000000e+00 1.000000000000000000e+00
8.616341352462768555e-01 -5.030332803726196289e-01 -6.740111857652664185e-02 -1.273454085396694024e+00
-4.903748333454132080e-01 -7.909018993377685547e-01 -3.660685718059539795e-01 -1.595276283441639187e+00
1.308371424674987793e-01 3.484693169593811035e-01 -9.281438589096069336e-01 -3.753161190887083443e+00
0.000000000000000000e+00 0.000000000000000000e+00 0.000000000000000000e+00 1.000000000000000000e+00
8.723106384277343750e-01 -4.883495271205902100e-01 -2.425741031765937805e-02 -1.131498591593877112e+00
-4.462997615337371826e-01 -7.749727368354797363e-01 -4.474740922451019287e-01 -2.010055745501265978e+00
1.997252255678176880e-01 4.011628329753875732e-01 -8.939675092697143555e-01 -3.691054279682684847e+00
0.000000000000000000e+00 0.000000000000000000e+00 0.000000000000000000e+00 1.000000000000000000e+00
8.831601142883300781e-01 -4.682219028472900391e-01 2.821954526007175446e-02 -9.393777553200609587e-01
-3.797584176063537598e-01 -7.490214109420776367e-01 -5.429086685180664062e-01 -2.496727076276112456e+00
2.753389477729797363e-01 4.687590301036834717e-01 -8.393173813819885254e-01 -3.615542827864886011e+00
0.000000000000000000e+00 0.000000000000000000e+00 0.000000000000000000e+00 1.000000000000000000e+00
9.178734421730041504e-01 -3.946859240531921387e-01 4.160382971167564392e-02 -8.892437615378852023e-01
-2.891145944595336914e-01 -7.367854714393615723e-01 -6.111950278282165527e-01 -2.845598896225622898e+00
2.718833684921264648e-01 5.489717721939086914e-01 -7.903854250907897949e-01 -3.530837083388338904e+00
0.000000000000000000e+00 0.000000000000000000e+00 0.000000000000000000e+00 1.000000000000000000e+00
9.331557154655456543e-01 -3.425851464271545410e-01 1.088808700442314148e-01 -5.980493128234226630e-01
-1.843558400869369507e-01 -7.161161899566650391e-01 -6.731945276260375977e-01 -3.180537414449614353e+00
3.085977137088775635e-01 6.081224083900451660e-01 -7.314054965972900391e-01 -3.422955927856598635e+00
0.000000000000000000e+00 0.000000000000000000e+00 0.000000000000000000e+00 1.000000000000000000e+00
9.101669192314147949e-01 -3.630044758319854736e-01 1.995587050914764404e-01 -1.568341791711027888e-01
-1.163329482078552246e-01 -6.863477826118469238e-01 -7.179088592529296875e-01 -3.405444217406686569e+00
3.975709974765777588e-01 6.302017569541931152e-01 -6.669204831123352051e-01 -3.290617437988089478e+00
0.000000000000000000e+00 0.000000000000000000e+00 0.000000000000000000e+00 1.000000000000000000e+00
8.588368892669677734e-01 -4.241342246532440186e-01 2.872442901134490967e-01 3.162194727679036865e-01
-7.184650748968124390e-02 -6.549453735351562500e-01 -7.522528767585754395e-01 -3.585938063087164895e+00
5.071854591369628906e-01 6.254249811172485352e-01 -5.929639935493469238e-01 -3.058643092976695677e+00
0.000000000000000000e+00 0.000000000000000000e+00 0.000000000000000000e+00 1.000000000000000000e+00
9.425007700920104980e-01 -2.483052611351013184e-01 2.236877530813217163e-01 -1.126453036366817373e-01
-1.809629052877426147e-02 -7.062521576881408691e-01 -7.077286243438720703e-01 -3.337414388108871144e+00
3.337129056453704834e-01 6.629874110221862793e-01 -6.701371073722839355e-01 -3.143262727763689313e+00
0.000000000000000000e+00 0.000000000000000000e+00 0.000000000000000000e+00 1.000000000000000000e+00
9.167366623878479004e-01 -2.722814381122589111e-01 2.923305332660675049e-01 1.687486682299094709e-01
-1.946194446645677090e-03 -7.347898483276367188e-01 -6.782916188240051270e-01 -3.151460513518680617e+00
3.994877040386199951e-01 6.212459206581115723e-01 -6.741385459899902344e-01 -3.229832727178121310e+00
0.000000000000000000e+00 0.000000000000000000e+00 0.000000000000000000e+00 1.000000000000000000e+00
9.016483426094055176e-01 -3.305729329586029053e-01 2.788406014442443848e-01 8.003656628195177092e-02
-4.172842204570770264e-02 -7.082548141479492188e-01 -7.047225832939147949e-01 -3.249615639138211165e+00
4.304521679878234863e-01 6.237760186195373535e-01 -6.523910164833068848e-01 -3.129737157402299186e+00
0.000000000000000000e+00 0.000000000000000000e+00 0.000000000000000000e+00 1.000000000000000000e+00
8.139934539794921875e-01 -4.253244400024414062e-01 3.956179618835449219e-01 6.918611880831861960e-01
3.651503846049308777e-02 -6.422597765922546387e-01 -7.656164765357971191e-01 -3.626827864240725230e+00
5.797250866889953613e-01 6.376529335975646973e-01 -5.072644948959350586e-01 -2.567335926035003268e+00
0.000000000000000000e+00 0.000000000000000000e+00 0.000000000000000000e+00 1.000000000000000000e+00
6.997703909873962402e-01 -5.346763730049133301e-01 4.737534821033477783e-01 1.197823767845164866e+00
7.895123958587646484e-02 -6.012318730354309082e-01 -7.951649427413940430e-01 -3.798890896721904831e+00
7.099917531013488770e-01 5.938361883163452148e-01 -3.785108327865600586e-01 -2.053728333593254796e+00
0.000000000000000000e+00 0.000000000000000000e+00 0.000000000000000000e+00 1.000000000000000000e+00
5.869145393371582031e-01 -6.074306964874267578e-01 5.353121161460876465e-01 1.625311750262540933e+00
1.306803524494171143e-01 -5.814266204833984375e-01 -8.030353784561157227e-01 -3.875059083729614606e+00
7.990329861640930176e-01 5.412676334381103516e-01 -2.618685662746429443e-01 -1.520243589138450924e+00
0.000000000000000000e+00 0.000000000000000000e+00 0.000000000000000000e+00 1.000000000000000000e+00
4.309053421020507812e-01 -6.630632877349853516e-01 6.121006608009338379e-01 2.156163700879726086e+00
2.586008310317993164e-01 -5.591220855712890625e-01 -7.877228856086730957e-01 -3.883077205329211523e+00
8.645496964454650879e-01 4.977239966392517090e-01 -6.946002691984176636e-02 -6.108135629512759790e-01
0.000000000000000000e+00 0.000000000000000000e+00 0.000000000000000000e+00 1.000000000000000000e+00
3.832728564739227295e-01 -6.648831963539123535e-01 6.411179900169372559e-01 2.353552902560700932e+00
3.330454826354980469e-01 -5.479447841644287109e-01 -7.673570513725280762e-01 -3.831862177806181435e+00
8.615001440048217773e-01 5.076285600662231445e-01 1.142386533319950104e-02 -1.707735308073116409e-01
0.000000000000000000e+00 0.000000000000000000e+00 0.000000000000000000e+00 1.000000000000000000e+00
3.284825980663299561e-01 -6.790004968643188477e-01 6.565496325492858887e-01 2.497298743791359854e+00
3.817879259586334229e-01 -5.403487086296081543e-01 -7.498407959938049316e-01 -3.765991836667576642e+00
8.639079332351684570e-01 4.969722926616668701e-01 8.173897862434387207e-02 2.103392003394783383e-01
0.000000000000000000e+00 0.000000000000000000e+00 0.000000000000000000e+00 1.000000000000000000e+00
5.813753008842468262e-01 -4.010759890079498291e-01 7.079129219055175781e-01 2.783094025686594808e+00
