1.000000000000000000e+00 0.000000000000000000e+00 0.000000000000000000e+00 -4.146692231928954531e-01
0.000000000000000000e+00 -1.000000000000000000e+00 0.000000000000000000e+00 -7.693198940031911737e-02
0.000000000000000000e+00 0.000000000000000000e+00 -1.000000000000000000e+00 -3.421550398492883005e+00
0.000000000000000000e+00 0.000000000000000000e+00 0.000000000000000000e+00 1.000000000000000000e+00
9.898251295089721680e-01 -1.417725980281829834e-01 -1.210659649223089218e-02 -4.928888590435774320e-01
-1.408882886171340942e-01 -9.884374737739562988e-01 5.605410784482955933e-02 2.653460692869633597e-01
-1.991355419158935547e-02 -5.377810075879096985e-02 -9.983544349670410156e-01 -3.434107124819528067e+00
0.000000000000000000e+00 0.000000000000000000e+00 0.000000000000000000e+00 1.000000000000000000e+00
9.708238244056701660e-01 -2.374626547098159790e-01 -3.335177153348922729e-02 -5.706993792535726140e-01
-2.332482486963272095e-01 -9.674209356307983398e-01 9.844593703746795654e-02 5.407812677582440886e-01
-5.564248934388160706e-02 -8.779439330101013184e-02 -9.945833086967468262e-01 -3.409685140075846999e+00
0.000000000000000000e+00 0.000000000000000000e+00 0.000000000000000000e+00 1.000000000000000000e+00
9.410922527313232422e-01 -3.369312882423400879e-01 -2.868561074137687683e-02 -5.397726928041228778e-01
-3.299372494220733643e-01 -9.335078597068786621e-01 1.403720229864120483e-01 7.941754741921661642e-01
-7.407403737306594849e-02 -1.226385384798049927e-01 -9.896832108497619629e-01 -3.378254373175592296e+00
0.000000000000000000e+00 0.000000000000000000e+00 0.000000000000000000e+00 1.000000000000000000e+00
8.961837887763977051e-01 -4.436801671981811523e-01 -1.514664618298411369e-03 -3.858121577617822928e-01
-4.374052882194519043e-01 -8.840712308883666992e-01 1.646045297384262085e-01 9.555692892628074864e-01
-7.437088340520858765e-02 -1.468534171581268311e-01 -9.863585233688354492e-01 -3.365016864634850169e+00
0.000000000000000000e+00 0.000000000000000000e+00 0.000000000000000000e+00 1.000000000000000000e+00
8.304364681243896484e-01 -5.570936799049377441e-01 4.649462644010782242e-03 -2.914236642576650271e-01
-5.479483604431152344e-01 -8.152393698692321777e-01 1.874481588602066040e-01 1.110723778428732045e+00
-1.006358042359352112e-01 -1.582114249467849731e-01 -9.822635054588317871e-01 -3.345700229447113649e+00
0.000000000000000000e+00 0.000000000000000000e+00 0.000000000000000000e+00 1.000000000000000000e+00
7.524073719978332520e-01 -6.572401523590087891e-01 4.379791393876075745e-02 -7.207377134203116209e-02
-6.539375782012939453e-01 -7.373374700546264648e-01 1.694069355726242065e-01 1.094703594131609448e+00
-7.904729247093200684e-02 -1.561041176319122314e-01 -9.845725297927856445e-01 -3.382531064279542310e+00
0.000000000000000000e+00 0.000000000000000000e+00 0.000000000000000000e+00 1.000000000000000000e+00
6.951358914375305176e-01 -7.149589061737060547e-01 7.496500760316848755e-02 8.188972596469035192e-02
-7.183489203453063965e-01 -6.868357658386230469e-01 1.105951815843582153e-01 8.750799772153045053e-01
-2.758239768445491791e-02 -1.307297348976135254e-01 -9.910342693328857422e-01 -3.465672324663326087e+00
0.000000000000000000e+00 0.000000000000000000e+00 0.000000000000000000e+00 1.000000000000000000e+00
5.861970782279968262e-01 -8.097158074378967285e-01 2.706962265074253082e-02 -4.730986588569413565e-02
-8.090329766273498535e-01 -5.832808017730712891e-01 7.244766503572463989e-02 7.360230574640035384e-01
-4.287285357713699341e-02 -6.436884403228759766e-02 -9.970048666000366211e-01 -3.548576431546705656e+00
0.000000000000000000e+00 0.000000000000000000e+00 0.000000000000000000e+00 1.000000000000000000e+00
4.983024895191192627e-01 -8.656443357467651367e-01 4.852278530597686768e-02 8.579511069332501627e-02
-8.666793107986450195e-01 -4.958058297634124756e-01 5.516816303133964539e-02 6.814259612177394621e-01
-2.369812130928039551e-02 -6.954412907361984253e-02 -9.972973465919494629e-01 -3.594488039365549614e+00
0.000000000000000000e+00 0.000000000000000000e+00 0.000000000000000000e+00 1.000000000000000000e+00
4.083283543586730957e-01 -9.109992980957031250e-01 5.786236748099327087e-02 1.724000983443482460e-01
-9.125830531120300293e-01 -4.088839888572692871e-01 2.426905557513237000e-03 4.575000161457511982e-01
2.144808508455753326e-02 -5.379519611597061157e-02 -9.983215928077697754e-01 -3.642507486799179794e+00
0.000000000000000000e+00 0.000000000000000000e+00 0.000000000000000000e+00 1.000000000000000000e+00
2.918479442596435547e-01 -9.547381401062011719e-01 5.744543671607971191e-02 2.343301131016861105e-01
-9.553497433662414551e-01 -2.938805818557739258e-01 -3.067423403263092041e-02 3.142704184718187466e-01
4.616794362664222717e-02 -4.592826962471008301e-02 -9.978771805763244629e-01 -3.670707037256424776e+00
0.000000000000000000e+00 0.000000000000000000e+00 0.000000000000000000e+00 1.000000000000000000e+00
1.767878681421279907e-01 -9.816858768463134766e-01 7.098314911127090454e-02 3.426541754408862772e-01
-9.819230437278747559e-01 -1.808658689260482788e-01 -5.580692738294601440e-02 2.026891148505379214e-01
6.762330979108810425e-02 -5.983402952551841736e-02 -9.959152340888977051e-01 -3.678617554234303810e+00
0.000000000000000000e+00 0.000000000000000000e+00 0.000000000000000000e+00 1.000000000000000000e+00
9.599155187606811523e-02 -9.915807247161865234e-01 8.690606802701950073e-02 4.404576965858197912e-01
-9.908184409141540527e-01 -1.035374179482460022e-01 -8.693918585777282715e-02 6.755939286558602930e-02
9.520529210567474365e-02 -7.776273041963577271e-02 -9.924158453941345215e-01 -3.670367852598869440e+00
0.000000000000000000e+00 0.000000000000000000e+00 0.000000000000000000e+00 1.000000000000000000e+00
1.853629946708679199e-02 -9.961460232734680176e-01 8.572670817375183105e-02 4.880778954121194890e-01
-9.973822832107543945e-01 -2.441668324172496796e-02 -6.806294620037078857e-02 1.633688792073144935e-01
6.989379972219467163e-02 -8.424068242311477661e-02 -9.939911365509033203e-01 -3.603728408384940796e+00
0.000000000000000000e+00 0.000000000000000000e+00 0.000000000000000000e+00 1.000000000000000000e+00
-9.171184152364730835e-02 -8.932552933692932129e-01 4.400952756404876709e-01 1.915379559036368251e+00
-9.906911849975585938e-01 3.719991445541381836e-02 -1.309470981359481812e-01 -7.968834274470705525e-02
1.005976498126983643e-01 -4.480080008506774902e-01 -8.883517384529113770e-01 -3.132959406890292620e+00
0.000000000000000000e+00 0.000000000000000000e+00 0.000000000000000000e+00 1.000000000000000000e+00
-1.646693944931030273e-01 -8.709613680839538574e-01 4.629361629486083984e-01 2.020324464063437908e+00
-9.774736166000366211e-01 8.127791434526443481e-02 -1.947785466909408569e-01 -3.419614963603506141e-01
1.320180892944335938e-01 -4.845822155475616455e-01 -8.647263050079345703e-01 -3.057252288284447506e+00
0.000000000000000000e+00 0.000000000000000000e+00 0.000000000000000000e+00 1.000000000000000000e+00
-1.349743306636810303e-01 -8.135396838188171387e-01 5.656281709671020508e-01 2.324174801207674612e+00
-9.907932877540588379e-01 1.168874800205230713e-01 -6.831178069114685059e-02 1.329781794890203539e-01
-1.054051890969276428e-02 -5.696408152580261230e-01 -8.218260407447814941e-01 -2.818480939109472505e+00
0.000000000000000000e+00 0.000000000000000000e+00 0.000000000000000000e+00 1.000000000000000000e+00
-8.870982378721237183e-02 -7.305791974067687988e-01 6.770408749580383301e-01 2.614914479357897115e+00
-9.942352771759033203e-01 2.385159954428672791e-02 -1.045327708125114441e-01 3.926165680895051663e-02
6.022095680236816406e-02 -6.824111938476562500e-01 -7.284837365150451660e-01 -2.589869101117884043e+00
0.000000000000000000e+00 0.000000000000000000e+00 0.000000000000000000e+00 1.000000000000000000e+00
-6.339426338672637939e-02 -5.547072291374206543e-01 8.296270966529846191e-01 3.129377806852563726e+00
-9.853522181510925293e-01 -9.707963466644287109e-02 -1.402032226324081421e-01 -8.950581876431287776e-02
1.583116799592971802e-01 -8.263629078865051270e-01 -5.404276847839355469e-01 -1.906605048063200414e+00
0.000000000000000000e+00 0.000000000000000000e+00 0.000000000000000000e+00 1.000000000000000000e+00
-1.223977953195571899e-01 -4.200302362442016602e-01 8.992181420326232910e-01 3.361950590880703693e+00
-9.853646159172058105e-01 -5.687678977847099304e-02 -1.606913357973098755e-01 -2.100835112316659925e-01
1.186397746205329895e-01 -9.057260155677795410e-01 -4.069215357303619385e-01 -1.367767132054947599e+00
0.000000000000000000e+00 0.000000000000000000e+00 0.000000000000000000e+00 1.000000000000000000e+00
-1.968912482261657715e-01 -3.106038570404052734e-01 9.299240708351135254e-01 3.491334715644216047e+00
-9.741409420967102051e-01 -4.524178057909011841e-02 -2.213644981384277344e-01 -4.381229751136304085e-01
1.108280420303344727e-01 -9.494618773460388184e-01 -2.936643064022064209e-01 -9.545666257336872240e-01
0.000000000000000000e+00 0.000000000000000000e+00 0.000000000000000000e+00 1.000000000000000000e+00
-2.752239406108856201e-01 -1.944238245487213135e-01 9.415153264999389648e-01 3.572102372824824901e+00
-9.590978026390075684e-01 -1.191071420907974243e-02 -2.828233242034912109e-01 -6.714811146744502635e-01
6.620167195796966553e-02 -9.808453321456909180e-01 -1.831935346126556396e-01 -5.224732065217430055e-01
0.000000000000000000e+00 0.000000000000000000e+00 0.000000000000000000e+00 1.000000000000000000e+00
-1.726817041635513306e-01 8.378416299819946289e-01 5.178828239440917969e-01 1.943135308429992936e+00
-9.517233371734619141e-01 -6.460687145590782166e-03 -3.068884313106536865e-01 -7.376528442723017109e-01
-2.537779211997985840e-01 -5.458754301071166992e-01 7.985089421272277832e-01 3.248401451977106280e+00
0.000000000000000000e+00 0.000000000000000000e+00 0.000000000000000000e+00 1.000000000000000000e+00
-1.780691891908645630e-01 8.530719876289367676e-01 4.904695153236389160e-01 1.834762018642716486e+00
-9.698833227157592773e-01 -6.797681003808975220e-02 -2.338923960924148560e-01 -4.728007284752725470e-01
-1.661863476037979126e-01 -5.173472762107849121e-01 8.394843339920043945e-01 3.341741691677700743e+00
0.000000000000000000e+00 0.000000000000000000e+00 0.000000000000000000e+00 1.000000000000000000e+00
-9.140927344560623169e-02 8.525494337081909180e-01 5.145903825759887695e-01 1.838183854105673642e+00
-9.907011985778808594e-01 -2.556392177939414978e-02 -1.336310803890228271e-01 -7.520000054370520881e-02
-1.007722616195678711e-01 -5.220204591751098633e-01 8.469582200050354004e-01 3.318297965123187865e+00
0.000000000000000000e+00 0.000000000000000000e+00 0.000000000000000000e+00 1.000000000000000000e+00
1.908159255981445312e-02 8.575298786163330078e-01 5.140798687934875488e-01 1.726246540165153887e+00
-9.995608925819396973e-01 2.801695093512535095e-02 -9.633574634790420532e-03 4.085450963924843193e-01
-2.266410738229751587e-02 -5.136703848838806152e-01 8.576880097389221191e-01 3.293861158285731783e+00
0.000000000000000000e+00 0.000000000000000000e+00 0.000000000000000000e+00 1.000000000000000000e+00
4.805333539843559265e-02 8.620532155036926270e-01 5.045340061187744141e-01 1.658002001075304710e+00
-9.937396645545959473e-01 -9.742683731019496918e-03 1.112932488322257996e-01 8.591120149462506683e-01
1.008562594652175903e-01 -5.067237019538879395e-01 8.561887741088867188e-01 3.191110957236968471e+00
0.000000000000000000e+00 0.000000000000000000e+00 0.000000000000000000e+00 1.000000000000000000e+00
2.272109501063823700e-02 8.715003132820129395e-01 4.898683130741119385e-01 1.649263515045141792e+00
-9.803547859191894531e-01 -7.660607993602752686e-02 1.817570179700851440e-01 1.024042019656824731e+00
1.959283202886581421e-01 -4.843745529651641846e-01 8.526392579078674316e-01 3.137883784390388175e+00
0.000000000000000000e+00 0.000000000000000000e+00 0.000000000000000000e+00 1.000000000000000000e+00
-4.213639721274375916e-02 8.674293756484985352e-01 4.957720339298248291e-01 1.757903257820518039e+00
-9.939032793045043945e-01 -8.699528872966766357e-02 6.773787736892700195e-02 6.030032971523218155e-01
1.018876507878303528e-01 -4.898955821990966797e-01 8.658069372177124023e-01 3.364297471405117701e+00
0.000000000000000000e+00 0.000000000000000000e+00 0.000000000000000000e+00 1.000000000000000000e+00
-5.548147112131118774e-02 8.526936173439025879e-01 5.194574594497680664e-01 1.835891255368479413e+00
-9.934427738189697266e-01 4.946577828377485275e-03 -1.142266541719436646e-01 -6.606221743279443170e-02
-9.996994584798812866e-02 -5.223880410194396973e-01 8.468270897865295410e-01 3.506590261047474844e+00
0.000000000000000000e+00 0.000000000000000000e+00 0.000000000000000000e+00 1.000000000000000000e+00
1.207344010472297668e-01 8.377664685249328613e-01 5.325132012367248535e-01 1.723969108221589996e+00
-9.876276254653930664e-01 1.554512083530426025e-01 -2.064082026481628418e-02 2.775836035476572095e-01
-1.000721082091331482e-01 -5.234328508377075195e-01 8.461697101593017578e-01 3.532934981583678358e+00
0.000000000000000000e+00 0.000000000000000000e+00 0.000000000000000000e+00 1.000000000000000000e+00
2.128158360719680786e-01 7.847992181777954102e-01 5.820646882057189941e-01 1.752644172129137035e+00
-9.493757486343383789e-01 3.069649040699005127e-01 -6.676825881004333496e-02 9.459564594262215298e-02
-2.310729473829269409e-01 -5.383888483047485352e-01 8.103963732719421387e-01 3.465606827058982375e+00
0.000000000000000000e+00 0.000000000000000000e+00 0.000000000000000000e+00 1.000000000000000000e+00
3.296674787998199463e-01 7.207702398300170898e-01 6.097610592842102051e-01 1.669872257640241608e+00
-9.129830598831176758e-01 4.078347384929656982e-01 1.152163557708263397e-02 3.603832017436764956e-01
-2.403774261474609375e-01 -5.604999661445617676e-01 7.925010323524475098e-01 3.340852710751039290e+00
0.000000000000000000e+00 0.000000000000000000e+00 0.000000000000000000e+00 1.000000000000000000e+00
3.527939021587371826e-01 7.202346324920654297e-01 5.973260998725891113e-01 1.593582596279042640e+00
-9.233679175376892090e-01 3.712809681892395020e-01 9.768382459878921509e-02 6.926654170475889938e-01
-1.514205038547515869e-01 -5.860140919685363770e-01 7.960270643234252930e-01 3.253788766014635847e+00
0.000000000000000000e+00 0.000000000000000000e+00 0.000000000000000000e+00 1.000000000000000000e+00
3.680191636085510254e-01 7.085765004158020020e-01 6.020635962486267090e-01 1.604438056470155693e+00
-9.268900156021118164e-01 3.309182822704315186e-01 1.771110445261001587e-01 9.848599009368473878e-01
-7.373715192079544067e-02 -6.232270002365112305e-01 7.785567641258239746e-01 3.112974738751254300e+00
0.000000000000000000e+00 0.000000000000000000e+00 0.000000000000000000e+00 1.000000000000000000e+00
5.299283862113952637e-01 6.051112413406372070e-01 5.941522121429443359e-01 1.511955257659468144e+00
-8.448080420494079590e-01 4.378136992454528809e-01 3.076010346412658691e-01 1.394626421125253257e+00
-7.399495691061019897e-02 -6.649509668350219727e-01 7.432125806808471680e-01 2.971992842658371714e+00
0.000000000000000000e+00 0.000000000000000000e+00 0.000000000000000000e+00 1.000000000000000000e+00
6.776849031448364258e-01 4.104309678077697754e-01 6.101555824279785156e-01 1.521395207895042567e+00
-7.140111327171325684e-01 5.657162070274353027e-01 4.124962091445922852e-01 1.740897935354183801e+00
-1.758738458156585693e-01 -7.152001857757568359e-01 6.764298081398010254e-01 2.903555099299660824e+00
0.000000000000000000e+00 0.000000000000000000e+00 0.000000000000000000e+00 1.000000000000000000e+00
6.989766955375671387e-01 3.337317407131195068e-01 6.324986815452575684e-01 1.561402279543570470e+00
-6.551722288131713867e-01 6.533659100532531738e-01 3.792913258075714111e-01 1.606969115349272892e+00
-2.866716682910919189e-01 -6.795116662979125977e-01 6.753394007682800293e-01 3.022733350749258197e+00
0.000000000000000000e+00 0.000000000000000000e+00 0.000000000000000000e+00 1.000000000000000000e+00
7.464159131050109863e-01 2.506965994834899902e-01 6.164526939392089844e-01 1.555399159214656324e+00
-5.769256353378295898e-01 7.054767012596130371e-01 4.116550385951995850e-01 1.637816305394608207e+00
-3.316924571990966797e-01 -6.629131436347961426e-01 6.712122559547424316e-01 3.000166540626473477e+00
0.000000000000000000e+00 0.000000000000000000e+00 0.000000000000000000e+00 1.000000000000000000e+00
7.359088063240051270e-01 2.400766462087631226e-01 6.330888271331787109e-01 1.700538480261576391e+00
-5.484641790390014648e-01 7.596421837806701660e-01 3.494727313518524170e-01 1.327467255704587901e+00
-3.970204591751098633e-01 -6.044066548347473145e-01 6.907007098197937012e-01 3.118326893403549960e+00
0.000000000000000000e+00 0.000000000000000000e+00 0.000000000000000000e+00 1.000000000000000000e+00
7.187919020652770996e-01 3.337948024272918701e-01 6.098520755767822266e-01 1.715249925383320440e+00
-5.943821668624877930e-01 7.500656247138977051e-01 2.900197207927703857e-01 1.062253291234521502e+00
-3.606220781803131104e-01 -5.709487199783325195e-01 7.375429272651672363e-01 3.263475176646706277e+00
0.000000000000000000e+00 0.000000000000000000e+00 0.000000000000000000e+00 1.000000000000000000e+00
8.078457713127136230e-01 1.705722808837890625e-01 5.641718506813049316e-01 1.590047871613494479e+00
-5.290389657020568848e-01 6.318012475967407227e-01 5.665191411972045898e-01 2.069020829854855137e+00
-2.598124146461486816e-01 -7.561290264129638672e-01 6.006378531455993652e-01 2.816631964454122894e+00
0.000000000000000000e+00 0.000000000000000000e+00 0.000000000000000000e+00 1.000000000000000000e+00
8.478043079376220703e-01 1.057905405759811401e-01 5.196498632431030273e-01 1.405934716734124956e+00
-4.797513484954833984e-01 5.705640912055969238e-01 6.665546894073486328e-01 2.451227993392158577e+00
-2.259784042835235596e-01 -8.144106864929199219e-01 5.344799757003784180e-01 2.546119273809323236e+00
0.000000000000000000e+00 0.000000000000000000e+00 0.000000000000000000e+00 1.000000000000000000e+00
8.780626654624938965e-01 4.302820563316345215e-02 4.766071736812591553e-01 1.231517710257736375e+00
-4.306149184703826904e-01 5.054934620857238770e-01 7.476941347122192383e-01 2.762931282638449559e+00
-2.087500542402267456e-01 -8.617566227912902832e-01 4.623838067054748535e-01 2.262059706503704692e+00
0.000000000000000000e+00 0.000000000000000000e+00 0.000000000000000000e+00 1.000000000000000000e+00
9.076136350631713867e-01 -4.521906748414039612e-02 4.173640310764312744e-01 9.964565379746266327e-01
-3.640945255756378174e-01 4.101164340972900391e-01 8.362056016921997070e-01 3.099888662078968071e+00
-2.089803665876388550e-01 -9.109117984771728516e-01 3.557633161544799805e-01 1.851815690840828976e+00
0.000000000000000000e+00 0.000000000000000000e+00 0.000000000000000000e+00 1.000000000000000000e+00
9.568766951560974121e-01 2.268907725811004639e-01 1.814051568508148193e-01 5.324466710235492561e-02
-2.443524748086929321e-01 2.909502387046813965e-01 9.250079989433288574e-01 3.369940661367241130e+00
1.570959836244583130e-01 -9.294452667236328125e-01 3.338446915149688721e-01 1.505705496144150057e+00
0.000000000000000000e+00 0.000000000000000000e+00 0.000000000000000000e+00 1.000000000000000000e+00
9.810540080070495605e-01 8.913857489824295044e-02 1.720086485147476196e-01 2.794933680200892973e-02
-1.877802908420562744e-01 2.191128730773925781e-01 9.574592709541320801e-01 3.459221370872686219e+00
4.765724390745162964e-02 -9.716190695762634277e-01 2.317000627517700195e-01 1.166488005927793559e+00
0.000000000000000000e+00 0.000000000000000000e+00 0.000000000000000000e+00 1.000000000000000000e+00
9.705308079719543457e-01 2.114702612161636353e-01 1.155445501208305359e-01 -1.928388808908323981e-01
-1.409721076488494873e-01 1.093637123703956604e-01 9.839543700218200684e-01 3.528015878581569176e+00
1.954407095909118652e-01 -9.712469577789306641e-01 1.359522491693496704e-01 6.876545358824202037e-01
0.000000000000000000e+00 0.000000000000000000e+00 0.000000000000000000e+00 1.000000000000000000e+00
9.701567292213439941e-01 2.083547562360763550e-01 1.240337193012237549e-01 -1.724040393727006015e-01
-1.364990472793579102e-01 4.649806395173072815e-02 9.895484447479248047e-01 3.533785120058703821e+00
2.004098147153854370e-01 -9.769473671913146973e-01 7.355058193206787109e-02 4.335935937535022044e-01
0.000000000000000000e+00 0.000000000000000000e+00 0.000000000000000000e+00 1.000000000000000000e+00
9.846821427345275879e-01 1.451087445020675659e-01 9.666919708251953125e-02 -2.700711024624414258e-01
-9.211678057909011841e-02 -3.778665140271186829e-02 9.950307011604309082e-01 3.512242757905689405e+00
1.480404436588287354e-01 -9.886938929557800293e-01 -2.384082414209842682e-02 5.972998715909207806e-02
0.000000000000000000e+00 0.000000000000000000e+00 0.000000000000000000e+00 1.000000000000000000e+00
8.643860220909118652e-01 4.913653433322906494e-01 1.067578271031379700e-01 -1.800422865524228255e-01
-5.208904668688774109e-02 -1.236701235175132751e-01 9.909552335739135742e-01 3.446088306388081612e+00
5.001239776611328125e-01 -8.621284961700439453e-01 -8.130399882793426514e-02 -4.249479658786921576e-01
0.000000000000000000e+00 0.000000000000000000e+00 0.000000000000000000e+00 1.000000000000000000e+00
9.740710258483886719e-01 1.303151100873947144e-01 1.849411875009536743e-01 1.395012665695933868e-03
-1.621036529541015625e-01 -1.682299375534057617e-01 9.723275303840637207e-01 3.474101029523787076e+00
1.578216701745986938e-01 -9.770959019660949707e-01 -1.427434086799621582e-01 -3.196600414081777752e-01
0.000000000000000000e+00 0.000000000000000000e+00 0.000000000000000000e+00 1.000000000000000000e+00
9.633072018623352051e-01 -1.329949498176574707e-01 2.331342846155166626e-01 2.174227790958832840e-01
-2.549032866954803467e-01 -1.813329905271530151e-01 9.498116374015808105e-01 3.503644220016753241e+00
-8.404521644115447998e-02 -9.743873476982116699e-01 -2.085802257061004639e-01 -3.594366381159966317e-01
0.000000000000000000e+00 0.000000000000000000e+00 0.000000000000000000e+00 1.000000000000000000e+00
6.655893325805664062e-01 -7.423004508018493652e-01 7.733646035194396973e-02 6.260988210056532555e-02
-3.757207095623016357e-01 -2.437405139207839966e-01 8.941054940223693848e-01 3.487729083000514763e+00
-6.448450088500976562e-01 -6.241638064384460449e-01 -4.411287009716033936e-01 -8.534516807981777919e-01
0.000000000000000000e+00 0.000000000000000000e+00 0.000000000000000000e+00 1.000000000000000000e+00
9.214128851890563965e-01 -2.110706120729446411e-01 3.262630105018615723e-01 6.172028058844923892e-01
-3.828124105930328369e-01 -3.488700091838836670e-01 8.554205298423767090e-01 3.406790454691707826e+00
-6.673078238964080811e-02 -9.130930304527282715e-01 -4.022537469863891602e-01 -1.020957455177025075e+00
0.000000000000000000e+00 0.000000000000000000e+00 0.000000000000000000e+00 1.000000000000000000e+00
8.828613162040710449e-01 -1.650299578905105591e-01 4.396827220916748047e-01 1.053538058427525570e+00
-4.660218060016632080e-01 -4.237425923347473145e-01 7.767017483711242676e-01 3.245216189246848959e+00
5.813315883278846741e-02 -8.906217813491821289e-01 -4.510135650634765625e-01 -1.322984933311794009e+00
0.000000000000000000e+00 0.000000000000000000e+00 0.000000000000000000e+00 1.000000000000000000e+00
8.724052906036376953e-01 -1.483210176229476929e-01 4.657356441020965576e-01 1.154368798332390478e+00
-4.718664288520812988e-01 -5.040801763534545898e-01 7.233566641807556152e-01 3.057501954979798153e+00
1.274789869785308838e-01 -8.508253693580627441e-01 -5.097500085830688477e-01 -1.619010066692323058e+00
0.000000000000000000e+00 0.000000000000000000e+00 0.000000000000000000e+00 1.000000000000000000e+00
8.586363196372985840e-01 -1.316568851470947266e-01 4.953888356685638428e-01 1.269384712855013309e+00
-4.718379378318786621e-01 -5.806275606155395508e-01 6.635062694549560547e-01 2.868316197030731818e+00
2.002812027931213379e-01 -8.034538030624389648e-01 -5.606686472892761230e-01 -1.832181247018410009e+00
0.000000000000000000e+00 0.000000000000000000e+00 0.000000000000000000e+00 1.000000000000000000e+00
8.431640863418579102e-01 -9.606053680181503296e-02 5.290053486824035645e-01 1.363104897971045171e+00
-4.437811076641082764e-01 -6.798073649406433105e-01 5.838837623596191406e-01 2.590809891022988420e+00
3.035334944725036621e-01 -7.270723581314086914e-01 -6.158189773559570312e-01 -2.104931039723710651e+00
0.000000000000000000e+00 0.000000000000000000e+00 0.000000000000000000e+00 1.000000000000000000e+00
8.245466947555541992e-01 -1.091075763106346130e-01 5.551738739013671875e-01 1.479878006180712635e+00
-4.429530203342437744e-01 -7.349686026573181152e-01 5.134329795837402344e-01 2.350956356652491142e+00
3.520158231258392334e-01 -6.692655682563781738e-01 -6.543455123901367188e-01 -2.295379088542661705e+00
0.000000000000000000e+00 0.000000000000000000e+00 0.000000000000000000e+00 1.000000000000000000e+00
7.944802045822143555e-01 -1.490970700979232788e-01 5.887026786804199219e-01 1.644643502885373865e+00
-4.513701200485229492e-01 -7.935091257095336914e-01 4.081764221191406250e-01 1.993448488892408443e+00
4.062829613685607910e-01 -5.900111794471740723e-01 -6.977254748344421387e-01 -2.515186775181664114e+00
0.000000000000000000e+00 0.000000000000000000e+00 0.000000000000000000e+00 1.000000000000000000e+00
7.634764313697814941e-01 -2.107054442167282104e-01 6.104971766471862793e-01 1.773202760895299601e+00
-4.611873924732208252e-01 -8.396157622337341309e-01 2.869694828987121582e-01 1.573405518094727062e+00
4.521168768405914307e-01 -5.006480216979980469e-01 -7.382016181945800781e-01 -2.730081282434018153e+00
0.000000000000000000e+00 0.000000000000000000e+00 0.000000000000000000e+00 1.000000000000000000e+00
7.358862757682800293e-01 -2.771224081516265869e-01 6.177982091903686523e-01 1.848548806402781963e+00
-4.675389230251312256e-01 -8.679429888725280762e-01 1.675772070884704590e-01 1.151271942675021309e+00
4.897741377353668213e-01 -4.121625125408172607e-01 -7.682728171348571777e-01 -2.895738690014110883e+00
0.000000000000000000e+00 0.000000000000000000e+00 0.000000000000000000e+00 1.000000000000000000e+00
7.187569737434387207e-01 -3.540083765983581543e-01 5.983862876892089844e-01 1.809891751737297216e+00
-4.393694400787353516e-01 -8.982987999916076660e-01 -3.686014562845230103e-03 5.270968127677028159e-01
5.388347506523132324e-01 -2.602634131908416748e-01 -8.011991381645202637e-01 -3.082769729168077788e+00
0.000000000000000000e+00 0.000000000000000000e+00 0.000000000000000000e+00 1.000000000000000000e+00
7.094890475273132324e-01 -3.951849043369293213e-01 5.834844112396240234e-01 1.745210375051053475e+00
-3.706899583339691162e-01 -9.134495258331298828e-01 -1.679242700338363647e-01 -1.328459683560417326e-01
5.993447303771972656e-01 -9.715146571397781372e-02 -7.945736050605773926e-01 -3.075386258268859141e+00
0.000000000000000000e+00 0.000000000000000000e+00 0.000000000000000000e+00 1.000000000000000000e+00
7.069339156150817871e-01 -4.206969738006591797e-01 5.685585141181945801e-01 1.677464789001662737e+00
-2.993456125259399414e-01 -9.062853455543518066e-01 -2.983932495117187500e-01 -6.720475427115716327e-01
6.408093571662902832e-01 4.074877873063087463e-02 -7.666176557540893555e-01 -3.000763565407595923e+00
0.000000000000000000e+00 0.000000000000000000e+00 0.000000000000000000e+00 1.000000000000000000e+00
6.967728137969970703e-01 -4.492277503013610840e-01 5.591976642608642578e-01 1.640455744344075484e+00
-2.408862113952636719e-01 -8.808669447898864746e-01 -4.074889421463012695e-01 -1.111030348667731538e+00
6.756339073181152344e-01 1.492241621017456055e-01 -7.219768762588500977e-01 -2.857140234324016426e+00
0.000000000000000000e+00 0.000000000000000000e+00 0.000000000000000000e+00 1.000000000000000000e+00
6.903719902038574219e-01 -4.777398109436035156e-01 5.432780981063842773e-01 1.585239998032621500e+00
-1.627526730298995972e-01 -8.342609405517578125e-01 -5.268017053604125977e-01 -1.619383957403252028e+00
7.049099802970886230e-01 2.752691209316253662e-01 -6.537040472030639648e-01 -2.632108621378867142e+00
0.000000000000000000e+00 0.000000000000000000e+00 0.000000000000000000e+00 1.000000000000000000e+00
6.709273457527160645e-01 -5.115155577659606934e-01 5.368499755859375000e-01 1.571742585801029213e+00
-9.726426750421524048e-02 -7.784349322319030762e-01 -6.201440095901489258e-01 -2.026935350146928716e+00
7.351162433624267578e-01 3.638553023338317871e-01 -5.720255374908447266e-01 -2.357032794050414104e+00
0.000000000000000000e+00 0.000000000000000000e+00 0.000000000000000000e+00 1.000000000000000000e+00
6.873180866241455078e-01 -5.188338756561279297e-01 5.083354711532592773e-01 1.456234526060088852e+00
-3.334325924515724182e-02 -7.216424345970153809e-01 -6.914624571800231934e-01 -2.357196934899429941e+00
7.255906462669372559e-01 4.583050906658172607e-01 -5.132974982261657715e-01 -2.151828833828393073e+00
0.000000000000000000e+00 0.000000000000000000e+00 0.000000000000000000e+00 1.000000000000000000e+00
6.966071724891662598e-01 -5.281467437744140625e-01 4.855917692184448242e-01 1.366279497462832282e+00
1.750682853162288666e-02 -6.641129255294799805e-01 -7.474271655082702637e-01 -2.619188128072939659e+00
7.172390818595886230e-01 5.291642546653747559e-01 -4.533797204494476318e-01 -1.949082066524443269e+00
0.000000000000000000e+00 0.000000000000000000e+00 0.000000000000000000e+00 1.000000000000000000e+00
7.387974262237548828e-01 -5.119472146034240723e-01 4.382791519165039062e-01 1.165657546241539055e+00
6.098875403404235840e-02 -5.968776941299438477e-01 -8.000109791755676270e-01 -2.866588348724111057e+00
6.711621880531311035e-01 6.177760362625122070e-01 -4.097486138343811035e-01 -1.796638210845154182e+00
0.000000000000000000e+00 0.000000000000000000e+00 0.000000000000000000e+00 1.000000000000000000e+00
8.009696602821350098e-01 -4.712200760841369629e-01 3.693227171897888184e-01 8.644457141392292154e-01
1.007407233119010925e-01 -5.019972920417785645e-01 -8.589816093444824219e-01 -3.165988783087140046e+00
5.901684761047363281e-01 7.252243757247924805e-01 -3.546136021614074707e-01 -1.580742867563113885e+00
0.000000000000000000e+00 0.000000000000000000e+00 0.000000000000000000e+00 1.000000000000000000e+00
8.600570559501647949e-01 -4.172632694244384766e-01 2.935870289802551270e-01 5.541351415705496608e-01
1.233406662940979004e-01 -3.883231878280639648e-01 -9.132315516471862793e-01 -3.424723596728207031e+00
4.950645864009857178e-01 8.216425180435180664e-01 -2.825146317481994629e-01 -1.275240384012716888e+00
0.000000000000000000e+00 0.000000000000000000e+00 0.000000000000000000e+00 1.000000000000000000e+00
8.558079600334167480e-01 -4.327276945114135742e-01 2.834419310092926025e-01 5.110178431282004219e-01
1.600702553987503052e-01 -2.995122373104095459e-01 -9.405689835548400879e-01 -3.573322670222160546e+00
4.919045865535736084e-01 8.503168821334838867e-01 -1.870580613613128662e-01 -9.418687448163217679e-01
0.000000000000000000e+00 0.000000000000000000e+00 0.000000000000000000e+00 1.000000000000000000e+00
9.163695573806762695e-01 -3.101012408733367920e-01 2.531880736351013184e-01 3.455973520673623067e-01
1.937822550535202026e-01 -2.098193615674972534e-01 -9.583443999290466309e-01 -3.689210416853646368e+00
3.503075540065765381e-01 9.272608757019042969e-01 -1.321800053119659424e-01 -6.628911305639730855e-01
0.000000000000000000e+00 0.000000000000000000e+00 0.000000000000000000e+00 1.000000000000000000e+00
9.681868553161621094e-01 -1.208160743117332458e-01 2.191300243139266968e-01 1.689413153656575961e-01
2.060364037752151489e-01 -1.120421886444091797e-01 -9.721088409423828125e-01 -3.774334735504620397e+00
1.419981867074966431e-01 9.863314628601074219e-01 -8.358525484800338745e-02 -3.516963382353827106e-01
0.000000000000000000e+00 0.000000000000000000e+00 0.000000000000000000e+00 1.000000000000000000e+00
9.818174839019775391e-01 4.437566548585891724e-02 1.845682114362716675e-01 -1.122885018524462201e-02
1.858011782169342041e-01 -2.544712089002132416e-02 -9.822577238082885742e-01 -3.843978928356667435e+00
-3.889159113168716431e-02 9.986907839775085449e-01 -3.322948887944221497e-02 -7.981169972530909734e-03
0.000000000000000000e+00 0.000000000000000000e+00 0.000000000000000000e+00 1.000000000000000000e+00
9.841020107269287109e-01 -3.514117002487182617e-02 1.740930080413818359e-01 -4.852775510547627236e-02
1.761299818754196167e-01 6.706336885690689087e-02 -9.820797443389892578e-01 -3.890600273177448276e+00
2.283617481589317322e-02 9.971297979354858398e-01 7.218661904335021973e-02 4.122123356953299456e-01
0.000000000000000000e+00 0.000000000000000000e+00 0.000000000000000000e+00 1.000000000000000000e+00
9.823126196861267090e-01 3.294230625033378601e-02 1.843280345201492310e-01 1.404649762212608483e-02
1.796563118696212769e-01 1.116595566272735596e-01 -9.773718118667602539e-01 -3.900036087014759900e+00
-5.277887359261512756e-02 9.932003617286682129e-01 1.037662327289581299e-01 6.441072674581422852e-01
0.000000000000000000e+00 0.000000000000000000e+00 0.000000000000000000e+00 1.000000000000000000e+00
9.759860038757324219e-01 1.625213325023651123e-01 1.450454741716384888e-01 -1.042937501045966137e-01
1.352187991142272949e-01 7.003555446863174438e-02 -9.883375763893127441e-01 -3.912279825872847727e+00
-1.707842946052551270e-01 9.842163324356079102e-01 4.637777805328369141e-02 4.730098067626687386e-01
0.000000000000000000e+00 0.000000000000000000e+00 0.000000000000000000e+00 1.000000000000000000e+00
9.601935148239135742e-01 -2.695153951644897461e-01 7.341634482145309448e-02 -3.593700164289914678e-01
5.845402553677558899e-02 -6.313885003328323364e-02 -9.962912797927856445e-01 -3.867116216739872492e+00
2.731512784957885742e-01 9.609242081642150879e-01 -4.487127438187599182e-02 -1.871535822684286809e-01
0.000000000000000000e+00 0.000000000000000000e+00 0.000000000000000000e+00 1.000000000000000000e+00
8.589084148406982422e-01 -5.080984234809875488e-01 6.412690877914428711e-02 -3.124750230106326243e-01
-4.142642021179199219e-02 -1.937366873025894165e-01 -9.801785945892333984e-01 -3.713338372620808681e+00
5.104509592056274414e-01 8.392268419265747070e-01 -1.874507963657379150e-01 -8.827464288704804929e-01
0.000000000000000000e+00 0.000000000000000000e+00 0.000000000000000000e+00 1.000000000000000000e+00
7.816593647003173828e-01 -6.200832724571228027e-01 6.712023913860321045e-02 -2.071914934632725636e-01
-1.667912304401397705e-01 -3.115133047103881836e-01 -9.354889988899230957e-01 -3.422935638579082340e+00
6.009901762008666992e-01 7.200388312339782715e-01 -3.469218015670776367e-01 -1.542576320791634314e+00
0.000000000000000000e+00 0.000000000000000000e+00 0.000000000000000000e+00 1.000000000000000000e+00
9.450130462646484375e-01 -2.198132574558258057e-01 -2.421415150165557861e-01 -1.395571475688180740e+00
-3.131808340549468994e-01 -3.950737416744232178e-01 -8.636173009872436523e-01 -3.016939186882388935e+00
9.417080879211425781e-02 8.919634819030761719e-01 -4.421910047531127930e-01 -1.617288118565476829e+00
0.000000000000000000e+00 0.000000000000000000e+00 0.000000000000000000e+00 1.000000000000000000e+00
8.913447856903076172e-01 -3.500483334064483643e-01 -2.880461513996124268e-01 -1.470829795082504665e+00
-4.385576844215393066e-01 -5.049895048141479492e-01 -7.434062361717224121e-01 -2.453843707961404608e+00
1.147678196430206299e-01 7.889560461044311523e-01 -6.036361455917358398e-01 -2.207395312242553143e+00
0.000000000000000000e+00 0.000000000000000000e+00 0.000000000000000000e+00 1.000000000000000000e+00
8.120940327644348145e-01 -4.937877655029296875e-01 -3.109290897846221924e-01 -1.438748234855558694e+00
-5.741326808929443359e-01 -5.809161067008972168e-01 -5.769817233085632324e-01 -1.742283933189864520e+00
1.042829230427742004e-01 6.470779776573181152e-01 -7.552583217620849609e-01 -2.711719982895076431e+00
0.000000000000000000e+00 0.000000000000000000e+00 0.000000000000000000e+00 1.000000000000000000e+00
7.365638017654418945e-01 -5.793083310127258301e-01 -3.491065502166748047e-01 -1.453178060195572163e+00
-6.755430698394775391e-01 -6.046128869056701660e-01 -4.220008552074432373e-01 -1.113891098941323543e+00
3.339444100856781006e-02 5.466672182083129883e-01 -8.366837501525878906e-01 -2.940649634153195802e+00
0.000000000000000000e+00 0.000000000000000000e+00 0.000000000000000000e+00 1.000000000000000000e+00
6.609635949134826660e-01 -6.970698237419128418e-01 -2.778857946395874023e-01 -1.062555652917356097e+00
-7.500476241111755371e-01 -6.020420789718627930e-01 -2.738131284713745117e-01 -5.369616083801056483e-01
2.356814965605735779e-02 3.894081413745880127e-01 -9.207636713981628418e-01 -3.186652269241301294e+00
0.000000000000000000e+00 0.000000000000000000e+00 0.000000000000000000e+00 1.000000000000000000e+00
6.851310133934020996e-01 -6.892318129539489746e-01 -2.357002198696136475e-01 -9.202801844427250799e-01
-7.281429171562194824e-01 -6.569459438323974609e-01 -1.955242604017257690e-01 -2.204219647274026639e-01
-2.008067630231380463e-02 3.055831789970397949e-01 -9.519535899162292480e-01 -3.237290056775326441e+00
0.000000000000000000e+00 0.000000000000000000e+00 0.000000000000000000e+00 1.000000000000000000e+00
6.866590976715087891e-01 -6.882776021957397461e-01 -2.340368479490280151e-01 -9.161973870073470971e-01
-7.152585983276367188e-01 -6.971979737281799316e-01 -4.816816747188568115e-02 3.008598275162647773e-01
-1.300169229507446289e-01 2.004719972610473633e-01 -9.710338115692138672e-01 -3.186523351495441858e+00
0.000000000000000000e+00 0.000000000000000000e+00 0.000000000000000000e+00 1.000000000000000000e+00
6.684715151786804199e-01 -7.115834951400756836e-01 -2.163203209638595581e-01 -8.334414148867564931e-01
-7.240780591964721680e-01 -6.890977621078491211e-01 2.923928387463092804e-02 5.468447536493070693e-01
-1.698720455169677734e-01 1.370871961116790771e-01 -9.758846163749694824e-01 -3.143373134216917109e+00
0.000000000000000000e+00 0.000000000000000000e+00 0.000000000000000000e+00 1.000000000000000000e+00
6.512655019760131836e-01 -7.324002385139465332e-01 -1.986028701066970825e-01 -7.524224715116788476e-01
-7.332901954650878906e-01 -6.747471690177917480e-01 8.367609232664108276e-02 7.110612727470183581e-01
-1.952911019325256348e-01 9.113822132349014282e-02 -9.765015244483947754e-01 -3.102017079684911582e+00
0.000000000000000000e+00 0.000000000000000000e+00 0.000000000000000000e+00 1.000000000000000000e+00
5.688288807868957520e-01 -7.955215573310852051e-01 -2.087559849023818970e-01 -6.974954544164692072e-01
-7.608176469802856445e-01 -6.053751111030578613e-01 2.338322699069976807e-01 1.205954783010276143e+00
-3.123943209648132324e-01 2.581470459699630737e-02 -9.496017694473266602e-01 -2.934131015190771574e+00
0.000000000000000000e+00 0.000000000000000000e+00 0.000000000000000000e+00 1.000000000000000000e+00
5.658013820648193359e-01 -7.980567216873168945e-01 -2.073017954826354980e-01 -6.835147729878318090e-01
-6.768844127655029297e-01 -5.931274294853210449e-01 4.359208941459655762e-01 1.855107683090366333e+00
-4.708460569381713867e-01 -1.063251569867134094e-01 -8.757846951484680176e-01 -2.557036784606227631e+00
0.000000000000000000e+00 0.000000000000000000e+00 0.000000000000000000e+00 1.000000000000000000e+00
5.792744159698486328e-01 -7.862293124198913574e-01 -2.151383608579635620e-01 -7.305306698804157062e-01
-6.107185482978820801e-01 -5.934233069419860840e-01 5.242819190025329590e-01 2.124513542499993690e+00
-5.398739576339721680e-01 -1.723140627145767212e-01 -8.239198327064514160e-01 -2.317987779697857853e+00
0.000000000000000000e+00 0.000000000000000000e+00 0.000000000000000000e+00 1.000000000000000000e+00
6.388544440269470215e-01 -7.394623160362243652e-01 -2.122744172811508179e-01 -7.740205888662783362e-01
-4.980000555515289307e-01 -6.078017950057983398e-01 6.185247898101806641e-01 2.392044579396976456e+00
-5.863965749740600586e-01 -2.894346117973327637e-01 -7.565491795539855957e-01 -2.007350302403966058e+00
0.000000000000000000e+00 0.000000000000000000e+00 0.000000000000000000e+00 1.000000000000000000e+00
7.159873843193054199e-01 -6.736452579498291016e-01 -1.832050085067749023e-01 -7.426891816992960971e-01
