0.5427280068397522 0.5168144106864929 -0.662079393863678 0.2280019372701645 
0.2043480277061462 0.6833392381668091 0.7009202837944031 -0.213550478219986 
0.8146705627441406 -0.5157036781311035 0.2652573883533478 -0.02528536319732666 
0 0 0 1 

0.5056871771812439 0.5917053818702698 -0.6278256773948669 0.2059749513864517 
0.1703056693077087 0.6449437737464905 0.7450124621391296 -0.2250459343194962 
0.8457400798797607 -0.4836654663085938 0.22536900639534 -0.02045615203678608 
0 0 0 1 

0.4640463292598724 0.6357342004776001 -0.6168491244316101 0.1978195011615753 
0.1611472219228745 0.6241598725318909 0.7644971609115601 -0.2286867797374725 
0.8710294961929321 -0.4541656076908112 0.187192291021347 -0.01366796065121889 
0 0 0 1 

0.5045307874679565 0.6632368564605713 -0.5527797341346741 0.1725971549749374 
0.1542728245258331 0.560685932636261 0.813529908657074 -0.2395294457674026 
0.8494989275932312 -0.4957297742366791 0.180563896894455 -0.02097447961568832 
0 0 0 1 

0.6462486386299133 0.596790075302124 -0.4756095111370087 0.1449514329433441 
0.1481505930423737 0.513266384601593 0.8453454375267029 -0.2447698414325714 
0.7486081719398499 -0.6167650818824768 0.2432829290628433 -0.0455712303519249 
0 0 0 1 

0.7601832747459412 0.541032612323761 -0.3597292304039001 0.1054288893938065 
0.07450640201568604 0.4774314761161804 0.8755043745040894 -0.2460357695817947 
0.6454224586486816 -0.692345917224884 0.3226250410079956 -0.07077939808368683 
0 0 0 1 

0.8351983428001404 0.4874994456768036 -0.2545349299907684 0.07834184169769287 
0.01433481182903051 0.4433785974979401 0.896219789981842 -0.2436252385377884 
0.5497620105743408 -0.7521699666976929 0.3633208572864532 -0.0830991342663765 
0 0 0 1 

0.8392185568809509 0.5252695679664612 -0.1407270133495331 0.05391813069581985 
-0.06527424603700638 0.354219913482666 0.9328812956809998 -0.2557704150676727 
0.5398624539375305 -0.7737054228782654 0.3315545320510864 -0.07256349921226501 
0 0 0 1 

0.8331246376037598 0.5527574419975281 -0.01904171891510487 0.02239220775663853 
-0.1413005441427231 0.246003583073616 0.9589142203330994 -0.2722107470035553 
0.5347312688827515 -0.7962045073509216 0.2830565571784973 -0.0557720884680748 
0 0 0 1 

0.8371783494949341 0.5461677312850952 0.02887652441859245 0.008275414817035198 
-0.154855877161026 0.18606798350811 0.9702569246292114 -0.2798455953598022 
0.5245500802993774 -0.8167498111724854 0.2403494715690613 -0.04353590682148933 
0 0 0 1 

