-0.9999353885650635 -0.01089407410472631 0.003140819491818547 0.048396997153759 
-0.01097955927252769 0.9995299577713013 -0.02862296625971794 0.01818062923848629 
-0.002827522344887257 -0.02865561097860336 -0.9995849132537842 0.3132441341876984 
0 0 0 1 

-0.9000986218452454 -0.4053208827972412 -0.159805104136467 0.09543970972299576 
-0.4058671593666077 0.9134162664413452 -0.03070156089961529 0.03427217528223991 
0.1584125608205795 0.03722520917654037 -0.9866712689399719 0.3088428974151611 
0 0 0 1 

-0.8735461235046387 -0.4276597797870636 -0.2324302941560745 0.1185199990868568 
-0.4444011151790619 0.8955467939376831 0.02243953570723534 0.02171741053462029 
0.1985557228326797 0.1228942573070526 -0.9723540544509888 0.3035736083984375 
0 0 0 1 

-0.8571019172668457 -0.3327564299106598 -0.3932547569274902 0.1720828413963318 
-0.3875732123851776 0.9194195866584778 0.06674300134181976 0.004557645414024591 
0.3393569588661194 0.2096205949783325 -0.9170038104057312 0.2804473340511322 
0 0 0 1 

-0.7298117876052856 -0.382964164018631 -0.566315233707428 0.2296739518642426 
-0.6112536191940308 0.7365235686302185 0.2896584868431091 -0.06117305159568787 
0.306175708770752 0.5575584769248962 -0.7716118097305298 0.2325158268213272 
0 0 0 1 

-0.7542873620986938 -0.3999715447425842 -0.5206465721130371 0.2150097638368607 
-0.6173413395881653 0.7020016312599182 0.3550820052623749 -0.08315350860357285 
0.2234720140695572 0.5892506837844849 -0.7764299511909485 0.2377711534500122 
0 0 0 1 

-0.8177867531776428 -0.4004955589771271 -0.4133133292198181 0.1789514422416687 
-0.5706353187561035 0.6576318144798279 0.4918289482593536 -0.1330901086330414 
0.07483269274234772 0.6380624771118164 -0.7663395404815674 0.2399669289588928 
0 0 0 1 

-0.8763948082923889 -0.3979026973247528 -0.2713036239147186 0.1325642019510269 
-0.4741868376731873 0.6145403385162354 0.6304657459259033 -0.1847147047519684 
-0.08413697779178619 0.6811854839324951 -0.7272602915763855 0.2328167706727982 
0 0 0 1 

-0.9082186222076416 -0.3765278160572052 -0.1826638132333755 0.10108283162117 
-0.3917659819126129 0.6114540100097656 0.6874907612800598 -0.206504613161087 
-0.147168830037117 0.6959532499313354 -0.7028446793556213 0.2273542284965515 
0 0 0 1 

-0.9289506673812866 -0.3348955512046814 -0.1577818691730499 0.0933782160282135 
-0.3469811379909515 0.6390684843063354 0.6864367723464966 -0.2067894041538239 
-0.1290512681007385 0.6924134492874146 -0.7098655700683594 0.229924350976944 
0 0 0 1 

