1 0 0 -0.01792658120393753 
0 1 0 0.02243540808558464 
0 0 1 -0.3816788792610168 
0 0 0 1 

0.9964271783828735 0.05276807025074959 -0.06594292819499969 0.01011640857905149 
-0.05416389927268028 0.9983404874801636 -0.01956089586019516 0.02646911330521107 
0.06480131298303604 0.02306269109249115 0.9976316690444946 -0.3787370324134827 
0 0 0 1 

0.9717662930488586 0.06377566605806351 -0.2271625995635986 0.07565757632255554 
-0.06979804486036301 0.9973883032798767 -0.01856946758925915 0.0270439125597477 
0.2253850251436234 0.03390070050954819 0.973679780960083 -0.3688210546970367 
0 0 0 1 

0.9364395141601562 0.0660989060997963 -0.3445460200309753 0.1240500509738922 
-0.0639093890786171 0.9977983236312866 0.01772215403616428 0.01404874492436647 
0.3449588716030121 0.005424011964350939 0.938602089881897 -0.3554911017417908 
0 0 0 1 

0.9117347598075867 0.07838152348995209 -0.4032318294048309 0.1489105373620987 
-0.06471452116966248 0.9967758655548096 0.04743259027600288 0.005921593867242336 
0.4056496024131775 -0.01715095899999142 0.9138676524162292 -0.34443199634552 
0 0 0 1 

0.6835696697235107 0.7297990918159485 0.01120647415518761 0.009237125515937805 
-0.6539936661720276 0.6056045889854431 0.4533598721027374 -0.09330709278583527 
0.3240750133991241 -0.3172319829463959 0.891257107257843 -0.2172063440084457 
0 0 0 1 

0.6594646573066711 0.7516236901283264 -0.01295887306332588 0.01214068196713924 
-0.7022228837013245 0.6220906972885132 0.3462454974651337 -0.06260862201452255 
0.268308013677597 -0.2192366272211075 0.9380543828010559 -0.2244628518819809 
0 0 0 1 

0.6376638412475586 0.7684274911880493 -0.05388835072517395 0.01939651370048523 
-0.7444288730621338 0.6327087879180908 0.2133192718029022 -0.02436168119311333 
0.198016032576561 -0.09590992331504822 0.9754952192306519 -0.2283433973789215 
0 0 0 1 

0.6147410273551941 0.786569356918335 -0.05832424759864807 0.01946459338068962 
-0.7748289108276367 0.6160754561424255 0.1417421251535416 -0.004710690584033728 
0.147422194480896 -0.04194333776831627 0.9881839156150818 -0.2292342931032181 
0 0 0 1 

0.5733830332756042 0.8174089193344116 -0.05544747039675713 0.01662222668528557 
-0.8182206153869629 0.5747760534286499 0.01214266289025545 0.02761427871882915 
0.04179539531469345 0.03840587288141251 0.9983877539634705 -0.2287518382072449 
0 0 0 1 

