1.000000000000000000e+00 0.000000000000000000e+00 0.000000000000000000e+00 -1.792658120393753052e-02
0.000000000000000000e+00 1.000000000000000000e+00 0.000000000000000000e+00 2.243540808558464050e-02
0.000000000000000000e+00 0.000000000000000000e+00 1.000000000000000000e+00 -3.816788792610168457e-01
0.000000000000000000e+00 0.000000000000000000e+00 0.000000000000000000e+00 1.000000000000000000e+00
9.964271783828735352e-01 5.276807025074958801e-02 -6.594292819499969482e-02 1.011640857905149460e-02
-5.416389927268028259e-02 9.983404874801635742e-01 -1.956089586019515991e-02 2.646911330521106720e-02
6.480131298303604126e-02 2.306269109249114990e-02 9.976316690444946289e-01 -3.787370324134826660e-01
0.000000000000000000e+00 0.000000000000000000e+00 0.000000000000000000e+00 1.000000000000000000e+00
9.717662930488586426e-01 6.377566605806350708e-02 -2.271625995635986328e-01 7.565757632255554199e-02
-6.979804486036300659e-02 9.973883032798767090e-01 -1.856946758925914764e-02 2.704391255974769592e-02
2.253850251436233521e-01 3.390070050954818726e-02 9.736797809600830078e-01 -3.688210546970367432e-01
0.000000000000000000e+00 0.000000000000000000e+00 0.000000000000000000e+00 1.000000000000000000e+00
9.364395141601562500e-01 6.609890609979629517e-02 -3.445460200309753418e-01 1.240500509738922119e-01
-6.390938907861709595e-02 9.977983236312866211e-01 1.772215403616428375e-02 1.404874492436647415e-02
3.449588716030120850e-01 5.424011964350938797e-03 9.386020898818969727e-01 -3.554911017417907715e-01
0.000000000000000000e+00 0.000000000000000000e+00 0.000000000000000000e+00 1.000000000000000000e+00
9.117347598075866699e-01 7.838152348995208740e-02 -4.032318294048309326e-01 1.489105373620986938e-01
-6.471452116966247559e-02 9.967758655548095703e-01 4.743259027600288391e-02 5.921593867242336273e-03
4.056496024131774902e-01 -1.715095899999141693e-02 9.138676524162292480e-01 -3.444319963455200195e-01
0.000000000000000000e+00 0.000000000000000000e+00 0.000000000000000000e+00 1.000000000000000000e+00
1.685695648193359375e-01 9.012859314680099487e-02 -9.815603494644165039e-01 3.983568251132965088e-01
-4.364065453410148621e-02 9.955168366432189941e-01 8.391539752483367920e-02 -4.112116061151027679e-03
9.847230315208435059e-01 2.869037538766860962e-02 1.717471182346343994e-01 -6.373839080333709717e-02
0.000000000000000000e+00 0.000000000000000000e+00 0.000000000000000000e+00 1.000000000000000000e+00
1.537772715091705322e-01 1.063346415758132935e-01 -9.823675155639648438e-01 3.965120613574981689e-01
-3.141509741544723511e-02 9.942162632942199707e-01 1.026995629072189331e-01 -6.761195603758096695e-03
9.876060485839843750e-01 1.506830751895904541e-02 1.562284529209136963e-01 -5.070059746503829956e-02
0.000000000000000000e+00 0.000000000000000000e+00 0.000000000000000000e+00 1.000000000000000000e+00
1.532944887876510620e-01 1.027506962418556213e-01 -9.828239679336547852e-01 3.931716978549957275e-01
-3.550727665424346924e-02 9.945098757743835449e-01 9.843422472476959229e-02 -1.397687708958983421e-03
9.875423312187194824e-01 1.980799622833728790e-02 1.561013311147689819e-01 -4.229308292269706726e-02
0.000000000000000000e+00 0.000000000000000000e+00 0.000000000000000000e+00 1.000000000000000000e+00
1.641823053359985352e-01 9.838855266571044922e-02 -9.815109968185424805e-01 3.890730142593383789e-01
-4.252052679657936096e-02 9.947943091392517090e-01 9.260747581720352173e-02 2.712884219363331795e-03
9.855127334594726562e-01 2.652987092733383179e-02 1.675111204385757446e-01 -3.681902587413787842e-02
0.000000000000000000e+00 0.000000000000000000e+00 0.000000000000000000e+00 1.000000000000000000e+00
1.782858371734619141e-01 1.007076129317283630e-01 -9.788115620613098145e-01 3.860749602317810059e-01
-6.236518546938896179e-02 9.939053058624267578e-01 9.090111404657363892e-02 5.175615660846233368e-03
9.820004701614379883e-01 4.483740031719207764e-02 1.834799647331237793e-01 -3.343866020441055298e-02
0.000000000000000000e+00 0.000000000000000000e+00 0.000000000000000000e+00 1.000000000000000000e+00
1.952733546495437622e-01 9.584884345531463623e-02 -9.760538339614868164e-01 3.829615414142608643e-01
-8.229126781225204468e-02 9.933045506477355957e-01 8.107931911945343018e-02 1.143451686948537827e-02
9.772904515266418457e-01 6.448812037706375122e-02 2.018534690141677856e-01 -3.079880215227603912e-02
0.000000000000000000e+00 0.000000000000000000e+00 0.000000000000000000e+00 1.000000000000000000e+00
1.966110765933990479e-01 9.035613387823104858e-02 -9.763091802597045898e-01 3.818507492542266846e-01
-1.144969612360000610e-01 9.910479187965393066e-01 6.866257637739181519e-02 1.904383487999439240e-02
9.737733006477355957e-01 9.828463941812515259e-02 2.051964998245239258e-01 -2.287938073277473450e-02
0.000000000000000000e+00 0.000000000000000000e+00 0.000000000000000000e+00 1.000000000000000000e+00
2.075340896844863892e-01 1.023669168353080750e-01 -9.728568196296691895e-01 3.820017576217651367e-01
-1.123141422867774963e-01 9.904264807701110840e-01 8.025633543729782104e-02 1.855968311429023743e-02
9.717586040496826172e-01 9.260964393615722656e-02 2.170444726943969727e-01 -2.192541211843490601e-02
0.000000000000000000e+00 0.000000000000000000e+00 0.000000000000000000e+00 1.000000000000000000e+00
2.150248885154724121e-01 1.158627122640609741e-01 -9.697114825248718262e-01 3.831757903099060059e-01
-1.389302313327789307e-01 9.864680171012878418e-01 8.705830574035644531e-02 1.952336542308330536e-02
9.666759967803955078e-01 1.160025447607040405e-01 2.282119542360305786e-01 -2.000333927571773529e-02
0.000000000000000000e+00 0.000000000000000000e+00 0.000000000000000000e+00 1.000000000000000000e+00
2.325587570667266846e-01 1.211710423231124878e-01 -9.650046229362487793e-01 3.842324912548065186e-01
-1.566321849822998047e-01 9.839228391647338867e-01 8.579932898283004761e-02 2.252122573554515839e-02
9.598868489265441895e-01 1.311973929405212402e-01 2.477992475032806396e-01 -2.127555012702941895e-02
0.000000000000000000e+00 0.000000000000000000e+00 0.000000000000000000e+00 1.000000000000000000e+00
2.334845066070556641e-01 1.336415410041809082e-01 -9.631326794624328613e-01 3.864697813987731934e-01
-1.791651099920272827e-01 9.794633984565734863e-01 9.247393161058425903e-02 2.226872928440570831e-02
9.557117223739624023e-01 1.509685516357421875e-01 2.526333630084991455e-01 -1.484185177832841873e-02
0.000000000000000000e+00 0.000000000000000000e+00 0.000000000000000000e+00 1.000000000000000000e+00
2.668058276176452637e-01 1.425385922193527222e-01 -9.531512856483459473e-01 3.879318833351135254e-01
-1.904767900705337524e-01 9.772928953170776367e-01 9.283062815666198730e-02 2.519995160400867462e-02
9.447396993637084961e-01 1.567855030298233032e-01 2.878977358341217041e-01 -2.022213675081729889e-02
0.000000000000000000e+00 0.000000000000000000e+00 0.000000000000000000e+00 1.000000000000000000e+00
3.049666881561279297e-01 1.462467610836029053e-01 -9.410672187805175781e-01 3.879238069057464600e-01
-2.180196791887283325e-01 9.726186394691467285e-01 8.049760758876800537e-02 3.079953417181968689e-02
9.270722270011901855e-01 1.806220412254333496e-01 3.285009860992431641e-01 -2.694054134190082550e-02
0.000000000000000000e+00 0.000000000000000000e+00 0.000000000000000000e+00 1.000000000000000000e+00
3.745233118534088135e-01 1.730635762214660645e-01 -9.109231233596801758e-01 3.911005854606628418e-01
-2.365323305130004883e-01 9.677556157112121582e-01 8.661142736673355103e-02 2.843094058334827423e-02
8.965401649475097656e-01 1.830248236656188965e-01 4.033822417259216309e-01 -4.070658981800079346e-02
0.000000000000000000e+00 0.000000000000000000e+00 0.000000000000000000e+00 1.000000000000000000e+00
4.174937009811401367e-01 2.257390320301055908e-01 -8.801937103271484375e-01 4.069170057773590088e-01
-2.434150278568267822e-01 9.610328674316406250e-01 1.310148388147354126e-01 1.231169421225786209e-02
8.754702806472778320e-01 1.595545411109924316e-01 4.561734199523925781e-01 -4.576632007956504822e-02
0.000000000000000000e+00 0.000000000000000000e+00 0.000000000000000000e+00 1.000000000000000000e+00
4.412552714347839355e-01 2.490145713090896606e-01 -8.621398806571960449e-01 4.117560982704162598e-01
-2.733513116836547852e-01 9.523697495460510254e-01 1.351709514856338501e-01 1.259324979037046432e-02
8.547355532646179199e-01 1.760222911834716797e-01 4.883065819740295410e-01 -5.946524068713188171e-02
0.000000000000000000e+00 0.000000000000000000e+00 0.000000000000000000e+00 1.000000000000000000e+00
4.208750426769256592e-01 2.530367076396942139e-01 -8.711123466491699219e-01 4.033941030502319336e-01
-2.092252522706985474e-01 9.614925980567932129e-01 1.782035082578659058e-01 -7.220213767141103745e-03
8.826602101325988770e-01 1.072573214769363403e-01 4.576099514961242676e-01 -5.474695563316345215e-02
0.000000000000000000e+00 0.000000000000000000e+00 0.000000000000000000e+00 1.000000000000000000e+00
4.226923584938049316e-01 2.526580989360809326e-01 -8.703419566154479980e-01 3.975397050380706787e-01
-1.730395406484603882e-01 9.651846885681152344e-01 1.961519271135330200e-01 -1.545868162065744400e-02
8.896002769470214844e-01 6.769167631864547729e-02 4.516961276531219482e-01 -5.606560409069061279e-02
0.000000000000000000e+00 0.000000000000000000e+00 0.000000000000000000e+00 1.000000000000000000e+00
3.884274661540985107e-01 2.631916701793670654e-01 -8.830935955047607422e-01 3.768296241760253906e-01
-7.149007916450500488e-02 9.640622138977050781e-01 2.558782398700714111e-01 -4.558713734149932861e-02
9.187018871307373047e-01 -3.625764325261116028e-02 3.932836651802062988e-01 -4.274846613407135010e-02
0.000000000000000000e+00 0.000000000000000000e+00 0.000000000000000000e+00 1.000000000000000000e+00
3.847279250621795654e-01 2.976435720920562744e-01 -8.737236261367797852e-01 3.555657267570495605e-01
-3.318366780877113342e-02 9.504301548004150391e-01 3.091627359390258789e-01 -7.497249543666839600e-02
9.224333763122558594e-01 -8.995013684034347534e-02 3.755338191986083984e-01 -3.971764817833900452e-02
0.000000000000000000e+00 0.000000000000000000e+00 0.000000000000000000e+00 1.000000000000000000e+00
3.933843374252319336e-01 3.467316627502441406e-01 -8.514844179153442383e-01 3.372261524200439453e-01
4.143563564866781235e-03 9.254786968231201172e-01 3.787770569324493408e-01 -1.028165146708488464e-01
9.193646907806396484e-01 -1.525331139564514160e-01 3.626321852207183838e-01 -3.651124238967895508e-02
0.000000000000000000e+00 0.000000000000000000e+00 0.000000000000000000e+00 1.000000000000000000e+00
4.351004362106323242e-01 3.629157841205596924e-01 -8.240021467208862305e-01 3.209692537784576416e-01
5.488455295562744141e-02 9.027774333953857422e-01 4.265918135643005371e-01 -1.205563470721244812e-01
8.987075090408325195e-01 -2.308352738618850708e-01 3.728803098201751709e-01 -4.316455498337745667e-02
0.000000000000000000e+00 0.000000000000000000e+00 0.000000000000000000e+00 1.000000000000000000e+00
4.898895621299743652e-01 3.915033042430877686e-01 -7.789307832717895508e-01 2.974437475204467773e-01
1.216438785195350647e-01 8.540517091751098633e-01 5.057652592658996582e-01 -1.502357125282287598e-01
8.632561564445495605e-01 -3.425211608409881592e-01 3.707670867443084717e-01 -4.663774371147155762e-02
0.000000000000000000e+00 0.000000000000000000e+00 0.000000000000000000e+00 1.000000000000000000e+00
5.010434985160827637e-01 4.278242886066436768e-01 -7.522776126861572266e-01 2.832172513008117676e-01
1.385779380798339844e-01 8.183819055557250977e-01 5.577158331871032715e-01 -1.700403392314910889e-01
8.542550206184387207e-01 -3.836890161037445068e-01 3.507578969001770020e-01 -4.236044362187385559e-02
0.000000000000000000e+00 0.000000000000000000e+00 0.000000000000000000e+00 1.000000000000000000e+00
5.056835412979125977e-01 4.731127321720123291e-01 -7.214210629463195801e-01 2.665555477142333984e-01
1.637107729911804199e-01 7.684003114700317383e-01 6.186757683753967285e-01 -1.899033188819885254e-01
8.470435738563537598e-01 -4.309585988521575928e-01 3.111138343811035156e-01 -3.154510259628295898e-02
0.000000000000000000e+00 0.000000000000000000e+00 0.000000000000000000e+00 1.000000000000000000e+00
5.352870821952819824e-01 4.812158048152923584e-01 -6.941894888877868652e-01 2.520339190959930420e-01
1.628772765398025513e-01 7.476178407669067383e-01 6.438466906547546387e-01 -1.987417787313461304e-01
8.288176655769348145e-01 -4.577104151248931885e-01 3.218109309673309326e-01 -3.709143400192260742e-02
0.000000000000000000e+00 0.000000000000000000e+00 0.000000000000000000e+00 1.000000000000000000e+00
5.414990782737731934e-01 4.939776360988616943e-01 -6.802681684494018555e-01 2.409200072288513184e-01
1.783481836318969727e-01 7.232518196105957031e-01 6.671568155288696289e-01 -2.059278488159179688e-01
8.215658068656921387e-01 -4.825893640518188477e-01 3.035403490066528320e-01 -3.343970328569412231e-02
0.000000000000000000e+00 0.000000000000000000e+00 0.000000000000000000e+00 1.000000000000000000e+00
5.156628489494323730e-01 5.451066493988037109e-01 -6.610221862792968750e-01 2.272719144821166992e-01
1.779862493276596069e-01 6.865255832672119141e-01 7.049847245216369629e-01 -2.166068255901336670e-01
8.381006121635437012e-01 -4.811871945858001709e-01 2.569943368434906006e-01 -2.193936146795749664e-02
0.000000000000000000e+00 0.000000000000000000e+00 0.000000000000000000e+00 1.000000000000000000e+00
4.681775569915771484e-01 6.226891875267028809e-01 -6.269512772560119629e-01 2.052536010742187500e-01
1.414586901664733887e-01 6.475474834442138672e-01 7.487798929214477539e-01 -2.276098430156707764e-01
8.722379803657531738e-01 -4.392496943473815918e-01 2.150824517011642456e-01 -1.691964082419872284e-02
0.000000000000000000e+00 0.000000000000000000e+00 0.000000000000000000e+00 1.000000000000000000e+00
3.994266688823699951e-01 6.775375604629516602e-01 -6.175767779350280762e-01 1.975990682840347290e-01
1.325253695249557495e-01 6.238991022109985352e-01 7.701862454414367676e-01 -2.317582219839096069e-01
9.071359038352966309e-01 -3.894775509834289551e-01 1.594109982252120972e-01 -5.345624871551990509e-03
0.000000000000000000e+00 0.000000000000000000e+00 0.000000000000000000e+00 1.000000000000000000e+00
4.469599425792694092e-01 7.031616568565368652e-01 -5.529832243919372559e-01 1.728915423154830933e-01
1.267903894186019897e-01 5.621295571327209473e-01 8.172727227210998535e-01 -2.419105470180511475e-01
8.855229020118713379e-01 -4.354010522365570068e-01 1.620952934026718140e-01 -1.581357605755329132e-02
0.000000000000000000e+00 0.000000000000000000e+00 0.000000000000000000e+00 1.000000000000000000e+00
5.875083804130554199e-01 6.489506959915161133e-01 -4.834217727184295654e-01 1.476692855358123779e-01
1.173937171697616577e-01 5.227241516113281250e-01 8.443804979324340820e-01 -2.456559538841247559e-01
8.006575107574462891e-01 -5.528311729431152344e-01 2.309220135211944580e-01 -4.218742623925209045e-02
0.000000000000000000e+00 0.000000000000000000e+00 0.000000000000000000e+00 1.000000000000000000e+00
7.164594531059265137e-01 5.900602340698242188e-01 -3.721756041049957275e-01 1.097985506057739258e-01
5.000643804669380188e-02 4.886768162250518799e-01 8.710305690765380859e-01 -2.458009868860244751e-01
6.958341002464294434e-01 -6.426691412925720215e-01 3.206102848052978516e-01 -7.080583274364471436e-02
0.000000000000000000e+00 0.000000000000000000e+00 0.000000000000000000e+00 1.000000000000000000e+00
7.938034534454345703e-01 5.430798530578613281e-01 -2.737527489662170410e-01 8.464877307415008545e-02
-6.366502027958631516e-03 4.575177133083343506e-01 8.891777992248535156e-01 -2.426156401634216309e-01
6.081413030624389648e-01 -7.040892839431762695e-01 3.666365742683410645e-01 -8.444797992706298828e-02
0.000000000000000000e+00 0.000000000000000000e+00 0.000000000000000000e+00 1.000000000000000000e+00
7.955066561698913574e-01 5.841403007507324219e-01 -1.610876172780990601e-01 6.059878692030906677e-02
-8.571182936429977417e-02 3.716488778591156006e-01 9.244081974029541016e-01 -2.545736134052276611e-01
5.998522043228149414e-01 -7.215657830238342285e-01 3.457168638706207275e-01 -7.611599564552307129e-02
0.000000000000000000e+00 0.000000000000000000e+00 0.000000000000000000e+00 1.000000000000000000e+00
7.870419025421142578e-01 6.155656576156616211e-01 -4.054414853453636169e-02 2.902024425566196442e-02
-1.576527655124664307e-01 2.642391324043273926e-01 9.514847993850708008e-01 -2.710772156715393066e-01
5.964146852493286133e-01 -7.424666285514831543e-01 3.050128817558288574e-01 -6.135453656315803528e-02
0.000000000000000000e+00 0.000000000000000000e+00 0.000000000000000000e+00 1.000000000000000000e+00
8.000981211662292480e-01 5.969098210334777832e-01 5.951304361224174500e-02 -3.193383337929844856e-03
-1.922111511230468750e-01 1.611248999834060669e-01 9.680358767509460449e-01 -2.839118838310241699e-01
5.682410001754760742e-01 -7.859627008438110352e-01 2.436484098434448242e-01 -4.162811115384101868e-02
0.000000000000000000e+00 0.000000000000000000e+00 0.000000000000000000e+00 1.000000000000000000e+00
8.116903305053710938e-01 5.615050196647644043e-01 1.608447581529617310e-01 -4.166321083903312683e-02
-2.268039286136627197e-01 4.922761023044586182e-02 9.726955890655517578e-01 -2.916667163372039795e-01
5.382553935050964355e-01 -8.260077238082885742e-01 1.673091351985931396e-01 -1.878019608557224274e-02
0.000000000000000000e+00 0.000000000000000000e+00 0.000000000000000000e+00 1.000000000000000000e+00
8.239482641220092773e-01 5.184192657470703125e-01 2.288026362657546997e-01 -7.268299162387847900e-02
-2.282240092754364014e-01 -6.598385423421859741e-02 9.713701605796813965e-01 -2.983358800411224365e-01
5.186742544174194336e-01 -8.525770902633666992e-01 6.394846737384796143e-02 1.328169088810682297e-02
0.000000000000000000e+00 0.000000000000000000e+00 0.000000000000000000e+00 1.000000000000000000e+00
7.833815217018127441e-01 6.009930968284606934e-01 1.584951728582382202e-01 -4.249361529946327209e-02
-2.943789958953857422e-01 1.341767609119415283e-01 9.462227225303649902e-01 -2.728864550590515137e-01
5.474070310592651367e-01 -7.879109382629394531e-01 2.820313870906829834e-01 -6.631699949502944946e-02
0.000000000000000000e+00 0.000000000000000000e+00 0.000000000000000000e+00 1.000000000000000000e+00
7.641704678535461426e-01 6.337251067161560059e-01 1.201491802930831909e-01 -2.615125104784965515e-02
-3.643947541713714600e-01 2.704550027847290039e-01 8.911062479019165039e-01 -2.464934885501861572e-01
5.322215557098388672e-01 -7.247388362884521484e-01 4.375998675823211670e-01 -1.115257218480110168e-01
0.000000000000000000e+00 0.000000000000000000e+00 0.000000000000000000e+00 1.000000000000000000e+00
7.497254610061645508e-01 6.591284871101379395e-01 5.883364751935005188e-02 -4.761818330734968185e-03
-4.335474073886871338e-01 4.220721423625946045e-01 7.961731553077697754e-01 -2.055607289075851440e-01
4.999484121799468994e-01 -6.224184036254882812e-01 6.022016406059265137e-01 -1.554146260023117065e-01
0.000000000000000000e+00 0.000000000000000000e+00 0.000000000000000000e+00 1.000000000000000000e+00
7.241346240043640137e-01 6.896567940711975098e-01 -1.546605257317423820e-03 1.469086017459630966e-02
-5.035449266433715820e-01 5.302482247352600098e-01 6.821137666702270508e-01 -1.620920449495315552e-01
4.712444841861724854e-01 -4.931634664535522461e-01 7.312443256378173828e-01 -1.850689351558685303e-01
0.000000000000000000e+00 0.000000000000000000e+00 0.000000000000000000e+00 1.000000000000000000e+00
7.183219194412231445e-01 6.955674290657043457e-01 -1.412168610841035843e-02 1.826107315719127655e-02
-5.601258873939514160e-01 5.902506709098815918e-01 5.812597274780273438e-01 -1.283814460039138794e-01
4.126407504081726074e-01 -4.096216857433319092e-01 8.135954737663269043e-01 -2.022233009338378906e-01
0.000000000000000000e+00 0.000000000000000000e+00 0.000000000000000000e+00 1.000000000000000000e+00
6.835696697235107422e-01 7.297990918159484863e-01 1.120647415518760681e-02 9.237125515937805176e-03
-6.539936661720275879e-01 6.056045889854431152e-01 4.533598721027374268e-01 -9.330709278583526611e-02
3.240750133991241455e-01 -3.172319829463958740e-01 8.912571072578430176e-01 -2.172063440084457397e-01
0.000000000000000000e+00 0.000000000000000000e+00 0.000000000000000000e+00 1.000000000000000000e+00
6.594646573066711426e-01 7.516236901283264160e-01 -1.295887306332588196e-02 1.214068196713924408e-02
-7.022228837013244629e-01 6.220906972885131836e-01 3.462454974651336670e-01 -6.260862201452255249e-02
2.683080136775970459e-01 -2.192366272211074829e-01 9.380543828010559082e-01 -2.244628518819808960e-01
0.000000000000000000e+00 0.000000000000000000e+00 0.000000000000000000e+00 1.000000000000000000e+00
6.376638412475585938e-01 7.684274911880493164e-01 -5.388835072517395020e-02 1.939651370048522949e-02
-7.444288730621337891e-01 6.327087879180908203e-01 2.133192718029022217e-01 -2.436168119311332703e-02
1.980160325765609741e-01 -9.590992331504821777e-02 9.754952192306518555e-01 -2.283433973789215088e-01
0.000000000000000000e+00 0.000000000000000000e+00 0.000000000000000000e+00 1.000000000000000000e+00
6.147410273551940918e-01 7.865693569183349609e-01 -5.832424759864807129e-02 1.946459338068962097e-02
-7.748289108276367188e-01 6.160754561424255371e-01 1.417421251535415649e-01 -4.710690584033727646e-03
1.474221944808959961e-01 -4.194333776831626892e-02 9.881839156150817871e-01 -2.292342931032180786e-01
0.000000000000000000e+00 0.000000000000000000e+00 0.000000000000000000e+00 1.000000000000000000e+00
5.733830332756042480e-01 8.174089193344116211e-01 -5.544747039675712585e-02 1.662222668528556824e-02
-8.182206153869628906e-01 5.747760534286499023e-01 1.214266289025545120e-02 2.761427871882915497e-02
4.179539531469345093e-02 3.840587288141250610e-02 9.983877539634704590e-01 -2.287518382072448730e-01
0.000000000000000000e+00 0.000000000000000000e+00 0.000000000000000000e+00 1.000000000000000000e+00
