1 0 0 -0.01792658120393753 
0 1 0 0.02243540808558464 
0 0 1 -0.3816788792610168 
0 0 0 1 

0.9952712059020996 0.05889131128787994 -0.07724475860595703 0.01473208330571651 
-0.06026747822761536 0.9980602264404297 -0.01560452487319708 0.02566014975309372 
0.07617592066526413 0.02018621563911438 0.9968899488449097 -0.3786954879760742 
0 0 0 1 

0.9714191555976868 0.07663001120090485 -0.2246608138084412 0.0744643434882164 
-0.08183526992797852 0.9965484142303467 -0.01393574848771095 0.02579483948647976 
0.2228174656629562 0.03192269429564476 0.9743372797966003 -0.3690812587738037 
0 0 0 1 

0.9374748468399048 0.07301520556211472 -0.340308278799057 0.121612437069416 
-0.07041255384683609 0.9973172545433044 0.02000931091606617 0.01378920208662748 
0.3408562839031219 0.005203751381486654 0.9401010274887085 -0.355973482131958 
0 0 0 1 

0.9071252942085266 0.08823937177658081 -0.4115059673786163 0.151676818728447 
-0.07523025572299957 0.9960227608680725 0.04773958772420883 0.006664203479886055 
0.4140818417072296 -0.01234803535044193 0.9101557731628418 -0.3431912958621979 
0 0 0 1 

0.8738595843315125 0.09055624157190323 -0.4776702523231506 0.1809109747409821 
-0.06928227096796036 0.9956678748130798 0.06201130524277687 0.005790631286799908 
0.4812164604663849 -0.02109506540000439 0.8763478398323059 -0.3259661793708801 
0 0 0 1 

0.8475800156593323 0.09924998134374619 -0.521303653717041 0.2009928375482559 
-0.0769650861620903 0.994958758354187 0.064291812479496 0.006637975573539734 
0.5250566005706787 -0.01437025517225266 0.8509459495544434 -0.3134049773216248 
0 0 0 1 

