0.6932128667831421 0.7164208889007568 -0.07871923595666885 0.007600800599902868 
-0.7201001048088074 0.6838854551315308 -0.1172871589660645 0.08192539215087891 
-0.03019208461046219 0.1379906982183456 0.989973247051239 -0.2990590035915375 
0 0 0 1 

0.5906027555465698 0.8056648373603821 -0.04574066773056984 0.0008419089135713875 
-0.8062155842781067 0.5866698622703552 -0.07638406008481979 0.06896936893463135 
-0.03470531478524208 0.08198948949575424 0.99602872133255 -0.3066385984420776 
0 0 0 1 

0.5057973861694336 0.8614628314971924 -0.04528485983610153 0.005410009063780308 
-0.8621655702590942 0.5030520558357239 -0.06007464230060577 0.06435777992010117 
-0.02897144295275211 0.06942864507436752 0.9971661567687988 -0.310314953327179 
0 0 0 1 

0.406436562538147 0.9119485020637512 -0.05620617419481277 0.01372302416712046 
-0.9136132597923279 0.4063750803470612 -0.01303589716553688 0.04705126211047173 
0.01095271576195955 0.05664897710084915 0.9983341097831726 -0.3145496547222137 
0 0 0 1 

0.2933964133262634 0.9536949992179871 -0.06621357053518295 0.02198138646781445 
-0.9549035429954529 0.2956611514091492 0.02726475149393082 0.03286243230104446 
0.04557903483510017 0.05522821098566055 0.9974328875541687 -0.3170836865901947 
0 0 0 1 

0.1783411651849747 0.9804611206054688 -0.08300792425870895 0.03235232084989548 
-0.9816209077835083 0.1831054985523224 0.05378289520740509 0.02340608462691307 
0.06793124228715897 0.07189062982797623 0.9950965642929077 -0.3176943361759186 
0 0 0 1 

0.1002985462546349 0.9912740588188171 -0.08553165942430496 0.03635163605213165 
-0.9904772639274597 0.107625886797905 0.08585536479949951 0.01137118972837925 
0.09431163221597672 0.07610601931810379 0.9926294088363647 -0.3172730207443237 
0 0 0 1 

0.0180119089782238 0.9958639144897461 -0.08905504643917084 0.04229726269841194 
-0.9974328279495239 0.02407131716609001 0.06744251400232315 0.01925782300531864 
0.06930723786354065 0.08761164546012878 0.9937407374382019 -0.3113949596881866 
0 0 0 1 

-0.0756952241063118 0.950250506401062 -0.3021491169929504 0.1196235418319702 
-0.9902028441429138 -0.03597691282629967 0.1349218338727951 -0.002342561492696404 
0.1173391342163086 0.3094018697738647 0.9436641335487366 -0.2929075956344604 
0 0 0 1 

-0.1333692222833633 0.9416239857673645 -0.309122771024704 0.1243772581219673 
-0.9795790314674377 -0.07789511978626251 0.1853558868169785 -0.02042261883616447 
0.1504563987255096 0.327531099319458 0.9327842593193054 -0.2903602719306946 
0 0 0 1 

