0.9103047847747803 0.4135733544826508 0.01738168112933636 -0.03911120444536209 
-0.3314905762672424 0.7031997442245483 0.6289862990379333 -0.1753434389829636 
0.2479093372821808 -0.5783311128616333 0.7772219181060791 -0.2162624597549438 
0 0 0 1 

0.9177905321121216 0.3956869840621948 0.03305037692189217 -0.04561912268400192 
-0.2949443161487579 0.6236525774002075 0.72392338514328 -0.2053839713335037 
0.2658352255821228 -0.6741580367088318 0.6890881061553955 -0.1920509487390518 
0 0 0 1 

0.923797607421875 0.3787811994552612 0.05588129162788391 -0.05400271713733673 
-0.2714243531227112 0.5449283123016357 0.7933357954025269 -0.2278743535280228 
0.2700494825839996 -0.7480493187904358 0.6062139868736267 -0.1672395467758179 
0 0 0 1 

0.9319757223129272 0.358836829662323 0.05154977366328239 -0.05472158268094063 
-0.2282402366399765 0.4703249037265778 0.85246741771698 -0.2483920305967331 
0.2816516160964966 -0.8062446713447571 0.5202324390411377 -0.1428941339254379 
0 0 0 1 

0.942578136920929 0.3292974531650543 0.05576451867818832 -0.05902662128210068 
-0.1947525590658188 0.4062754809856415 0.8927550911903381 -0.2620461285114288 
0.2713262736797333 -0.8523516654968262 0.4470778703689575 -0.1224000975489616 
0 0 0 1 

0.9566046595573425 0.2877742350101471 0.0457543209195137 -0.05890932306647301 
-0.1471075862646103 0.3414087295532227 0.9283314943313599 -0.275993138551712 
0.2515289783477783 -0.8947770595550537 0.3689269721508026 -0.09831236302852631 
0 0 0 1 

0.9979934692382812 0.03759947046637535 -0.05094457045197487 -0.03761995211243629 
0.0378548875451088 0.2906479835510254 0.9560808539390564 -0.3077584803104401 
0.05075506865978241 -0.9560909271240234 0.2886414229869843 -0.06434196978807449 
0 0 0 1 

0.9886961579322815 -0.04962835088372231 -0.1414813548326492 -0.003544884966686368 
0.1496782153844833 0.2717035412788391 0.9506700038909912 -0.3185617923736572 
-0.008739227429032326 -0.9611004590988159 0.2760604918003082 -0.05737940967082977 
0 0 0 1 

0.9681290984153748 -0.05327687039971352 -0.2447195947170258 0.03064767457544804 
0.2501523792743683 0.2534633278846741 0.9344410300254822 -0.3228789567947388 
0.01224334537982941 -0.9658767580986023 0.2587125599384308 -0.05123772472143173 
0 0 0 1 

0.9662579298019409 -0.04397840425372124 -0.2537944614887238 0.03279493004083633 
0.2562138736248016 0.2653238475322723 0.9294927716255188 -0.3221224546432495 
0.02646020241081715 -0.9631556272506714 0.2676393687725067 -0.05490273609757423 
0 0 0 1 

