-0.7241158485412598 -0.6442861557006836 0.2460721135139465 -0.04174206405878067 
-0.6860746741294861 0.636496901512146 -0.3523821532726288 0.143096998333931 
0.0704108253121376 -0.4239893555641174 -0.9029257893562317 0.2768093645572662 
0 0 0 1 

-0.7684496641159058 -0.6216357350349426 0.1518369764089584 -0.009036299772560596 
-0.6330074071884155 0.7036921977996826 -0.3226746022701263 0.1327327042818069 
0.09373953193426132 -0.3440730571746826 -0.9342520833015442 0.2869323194026947 
0 0 0 1 

-0.8027477264404297 -0.5917568206787109 0.07361998409032822 0.01714408956468105 
-0.5918325781822205 0.7754985094070435 -0.2198548913002014 0.09881449490785599 
0.0730084553360939 -0.2200587093830109 -0.9727506637573242 0.3003926277160645 
0 0 0 1 

-0.8395596742630005 -0.5425805449485779 0.0273114200681448 0.03311141952872276 
-0.5392107367515564 0.8261045813560486 -0.1637161672115326 0.08082019537687302 
0.06626711040735245 -0.1521761119365692 -0.9861293435096741 0.3050816357135773 
0 0 0 1 

-0.8810890913009644 -0.4721904993057251 -0.02679614163935184 0.05074818432331085 
-0.4688721299171448 0.8795129656791687 -0.08133798092603683 0.05495860427618027 
0.06197457760572433 -0.05910204723477364 -0.9963261485099792 0.3087193071842194 
0 0 0 1 

-0.9226889610290527 -0.3843324184417725 -0.03056037425994873 0.05343882367014885 
-0.3822939693927765 0.9223012328147888 -0.05667206645011902 0.04657626152038574 
0.04996678605675697 -0.04060763865709305 -0.9979251623153687 0.3090326488018036 
0 0 0 1 

-0.9574200510978699 -0.2883558571338654 -0.01405584532767534 0.04962330311536789 
-0.2867028117179871 0.9553895592689514 -0.07093854993581772 0.0498550571501255 
0.03388435393571854 -0.06388814002275467 -0.9973815083503723 0.308508425951004 
0 0 0 1 

-0.9813523888587952 -0.19217149913311 0.004158696625381708 0.04537077248096466 
-0.1918249577283859 0.9777441620826721 -0.0849679708480835 0.05202559754252434 
0.01226228196173906 -0.08418127149343491 -0.9963749051094055 0.3085901737213135 
0 0 0 1 

-0.994778037071228 -0.101749561727047 -0.008003989234566689 0.05167480930685997 
-0.1011227071285248 0.993194580078125 -0.05778206139802933 0.03816976025700569 
0.01382881682366133 -0.05667093023657799 -0.998297393321991 0.3098911046981812 
0 0 0 1 

-0.9994075894355774 -0.03380178287625313 0.006458604708313942 0.0478183701634407 
-0.03397072106599808 0.9990264177322388 -0.02813841216266155 0.02212616242468357 
-0.005501201376318932 -0.02834111265838146 -0.9995831251144409 0.3124072253704071 
0 0 0 1 

