0.2738501727581024 0.9569726586341858 -0.09596419334411621 0.03271779417991638 
-0.9592111706733704 0.2790347337722778 0.04531392082571983 0.01768391579389572 
0.07014152407646179 0.07964072376489639 0.9943528175354004 -0.3043235838413239 
0 0 0 1 

0.1894779205322266 0.973557710647583 -0.1276062875986099 0.04413679614663124 
-0.9741976261138916 0.2026305943727493 0.09939663112163544 -0.00253048655577004 
0.1226252913475037 0.1054802909493446 0.9868317842483521 -0.3031353056430817 
0 0 0 1 

0.1131031662225723 0.9852158427238464 -0.1286758929491043 0.04655430838465691 
-0.9719758629798889 0.1365734189748764 0.191339448094368 -0.03408354520797729 
0.2060843706130981 0.1034287437796593 0.9730527997016907 -0.3000864386558533 
0 0 0 1 

0.1911764591932297 0.9749390482902527 -0.1137779057025909 0.04076847061514854 
-0.9547460675239563 0.2116079330444336 0.2090024799108505 -0.03909916058182716 
0.2278409898281097 0.06867265701293945 0.97127366065979 -0.2975423336029053 
0 0 0 1 

0.2764214873313904 0.9540621042251587 -0.1155701652169228 0.03888558223843575 
-0.9389725923538208 0.2937356531620026 0.1790242195129395 -0.02737230621278286 
0.2047473192214966 0.05903109908103943 0.9770331978797913 -0.296781450510025 
0 0 0 1 

0.3276521563529968 0.9374901056289673 -0.1172871440649033 0.03817886859178543 
-0.9346119165420532 0.339792400598526 0.1050790548324585 -0.001310128252953291 
0.138363853096962 0.07518859952688217 0.9875231981277466 -0.2963045835494995 
0 0 0 1 

0.364268034696579 0.9182080626487732 -0.1555717587471008 0.04829210415482521 
-0.9288070797920227 0.3703904747962952 0.0113180736079812 0.03147589415311813 
0.06801462918519974 0.1403733640909195 0.9877597689628601 -0.2923762202262878 
0 0 0 1 

0.4403447806835175 0.8835504651069641 -0.1594831794500351 0.02958048135042191 
-0.8581790328025818 0.4664097130298615 0.2144542634487152 -0.01456640008836985 
0.2638656795024872 0.04243132472038269 0.9636256694793701 -0.3201964199542999 
0 0 0 1 

0.3561645448207855 0.9001734256744385 -0.2506682574748993 0.06669768691062927 
-0.8948259353637695 0.4058349430561066 0.1859690248966217 -0.002092150272801518 
0.2691343128681183 0.1580689400434494 0.9500426054000854 -0.3156287670135498 
0 0 0 1 

0.9826090931892395 0.06093301251530647 -0.1754054725170135 0.01241715997457504 
-0.07335389405488968 0.9951714873313904 -0.06521689891815186 0.0325930267572403 
0.170584574341774 0.076949343085289 0.9823338985443115 -0.2842171490192413 
0 0 0 1 

