0.9677777886390686 0.2423115968704224 0.06849271059036255 -0.06844294816255569 
-0.1339313089847565 0.2649971544742584 0.9549025297164917 -0.2887714505195618 
0.2132335901260376 -0.9333068132400513 0.2889114618301392 -0.06835485994815826 
0 0 0 1 

0.9796269536018372 0.1956288516521454 0.04539110139012337 -0.06495032459497452 
-0.07610613852739334 0.1524749845266342 0.9853724837303162 -0.3025884032249451 
0.1858463138341904 -0.9687520265579224 0.1642571091651917 -0.02592051215469837 
0 0 0 1 

0.9950482249259949 0.09936549514532089 -0.002370175905525684 -0.05300311371684074 
-0.01096961926668882 0.1334882974624634 0.990989625453949 -0.3065062165260315 
0.09878657013177872 -0.986056387424469 0.1339171975851059 -0.01616863161325455 
0 0 0 1 

0.9962992072105408 0.08584404736757278 -0.00432936567813158 -0.05303188785910606 
-0.01689348928630352 0.2449536025524139 0.9693875908851624 -0.3007101118564606 
0.08427665382623672 -0.965726912021637 0.2454972565174103 -0.05211248993873596 
0 0 0 1 

0.998230516910553 0.02312198840081692 -0.05478367581963539 -0.03621950745582581 
0.04563789069652557 0.2926937341690063 0.9551164507865906 -0.3079797625541687 
0.03811902925372124 -0.9559265971183777 0.2911205887794495 -0.0643516480922699 
0 0 0 1 

0.9904541969299316 -0.04984496533870697 -0.1285143792629242 -0.006865863688290119 
0.1373424679040909 0.2775433957576752 0.9508452415466309 -0.3178164660930634 
-0.01172653492540121 -0.9594191312789917 0.2817398607730865 -0.05898907780647278 
0 0 0 1 

0.9835374355316162 0.02851470559835434 -0.1784406453371048 0.005158005282282829 
0.1592875868082047 0.3294987380504608 0.9306223392486572 -0.3185992538928986 
0.08533237129449844 -0.9437252283096313 0.3195322751998901 -0.07846517860889435 
0 0 0 1 

0.9871132969856262 0.1168110817670822 -0.1093732118606567 -0.02057056501507759 
0.0588226243853569 0.3707639873027802 0.926862359046936 -0.3113231360912323 
0.1488194465637207 -0.9213517904281616 0.359114944934845 -0.09937478601932526 
0 0 0 1 

0.9801560640335083 0.1954938471317291 -0.03280626982450485 -0.04861703142523766 
-0.03018064610660076 0.3107422888278961 0.9500148296356201 -0.3138105869293213 
0.1959163844585419 -0.9301726818084717 0.3104760944843292 -0.08805195242166519 
0 0 0 1 

-0.9726777076721191 -0.1900915801525116 0.1332823783159256 -0.003244974883273244 
0.1172140687704086 0.09345361590385437 0.9887002110481262 -0.3294510245323181 
-0.2003991305828094 0.9773086309432983 -0.06861896812915802 0.01680554822087288 
0 0 0 1 

