1.000000000000000000e+00 0.000000000000000000e+00 0.000000000000000000e+00 -4.255350477121360719e-01
0.000000000000000000e+00 -1.000000000000000000e+00 0.000000000000000000e+00 3.076616963927396031e-01
0.000000000000000000e+00 0.000000000000000000e+00 -1.000000000000000000e+00 -5.117628744684824760e+00
0.000000000000000000e+00 0.000000000000000000e+00 0.000000000000000000e+00 1.000000000000000000e+00
9.917861819267272949e-01 -5.709378421306610107e-02 1.144559532403945923e-01 2.166996127339014810e-01
-5.953599512577056885e-02 -9.980630278587341309e-01 1.803106255829334259e-02 3.606947246569332521e-01
1.132047921419143677e-01 -2.469725720584392548e-02 -9.932643175125122070e-01 -5.078058366193773487e+00
0.000000000000000000e+00 0.000000000000000000e+00 0.000000000000000000e+00 1.000000000000000000e+00
9.707600474357604980e-01 -6.543027609586715698e-02 2.309621274471282959e-01 8.489243689858666508e-01
-7.206194847822189331e-02 -9.971917867660522461e-01 2.038562670350074768e-02 3.812200306523573223e-01
2.289797365665435791e-01 -3.643319010734558105e-02 -9.727489948272705078e-01 -4.944337161056839847e+00
0.000000000000000000e+00 0.000000000000000000e+00 0.000000000000000000e+00 1.000000000000000000e+00
9.991362094879150391e-01 -3.806434571743011475e-02 1.668230444192886353e-02 -2.954631746906327683e-01
-3.796309605240821838e-02 -9.992587566375732422e-01 -6.343440152704715729e-03 2.378088565158316681e-01
1.691140793263912201e-02 5.704699549823999405e-03 -9.998409152030944824e-01 -4.945794676677710555e+00
0.000000000000000000e+00 0.000000000000000000e+00 0.000000000000000000e+00 1.000000000000000000e+00
9.902004003524780273e-01 -6.125928834080696106e-02 1.255015283823013306e-01 3.091046100662126483e-01
-5.711300298571586609e-02 -9.977048635482788086e-01 -3.637695312500000000e-02 1.349073806808810949e-01
1.274419277906417847e-01 2.885268256068229675e-02 -9.914262294769287109e-01 -4.911099614526985846e+00
0.000000000000000000e+00 0.000000000000000000e+00 0.000000000000000000e+00 1.000000000000000000e+00
-3.174042403697967529e-01 -8.228383213281631470e-02 9.447136521339416504e-01 5.113331548588918807e+00
-3.885460644960403442e-02 -9.942628741264343262e-01 -9.965392947196960449e-02 -1.419144010415646640e-01
9.474939703941345215e-01 -6.833706796169281006e-02 3.123862743377685547e-01 1.648009761921540806e+00
0.000000000000000000e+00 0.000000000000000000e+00 0.000000000000000000e+00 1.000000000000000000e+00
-3.732985854148864746e-01 -9.831781685352325439e-02 9.224871993064880371e-01 4.939884411973353373e+00
-2.495989017188549042e-02 -9.929438829421997070e-01 -1.159274503588676453e-01 -1.691459827339145683e-01
9.273751378059387207e-01 -6.630074232816696167e-02 3.682107329368591309e-01 2.011820620961421113e+00
0.000000000000000000e+00 0.000000000000000000e+00 0.000000000000000000e+00 1.000000000000000000e+00
-3.651236295700073242e-01 -9.567888826131820679e-02 9.260291457176208496e-01 4.857428630352874421e+00
-2.395940385758876801e-02 -9.934090375900268555e-01 -1.120876967906951904e-01 -9.926261260705271372e-02
9.306503534317016602e-01 -6.311301141977310181e-02 3.604249060153961182e-01 2.039209454522035170e+00
0.000000000000000000e+00 0.000000000000000000e+00 0.000000000000000000e+00 1.000000000000000000e+00
-3.384629786014556885e-01 -8.641884475946426392e-02 9.370026588439941406e-01 4.806507645594632727e+00
-3.122497349977493286e-02 -9.941942095756530762e-01 -1.029725670814514160e-01 -2.326548242323692520e-02
9.404609203338623047e-01 -6.411030888557434082e-02 3.337995111942291260e-01 1.989066829929961644e+00
0.000000000000000000e+00 0.000000000000000000e+00 0.000000000000000000e+00 1.000000000000000000e+00
-3.124851286411285400e-01 -8.229036629199981689e-02 9.463513493537902832e-01 4.768748745134965716e+00
-5.558488517999649048e-02 -9.929497838020324707e-01 -1.046965271234512329e-01 -8.770316213441955305e-03
9.482947587966918945e-01 -8.531894534826278687e-02 3.057078123092651367e-01 1.947564935706650902e+00
0.000000000000000000e+00 0.000000000000000000e+00 0.000000000000000000e+00 1.000000000000000000e+00
-2.895080447196960449e-01 -6.529716402292251587e-02 9.549456834793090820e-01 4.723760995760133419e+00
-7.821549475193023682e-02 -9.927198290824890137e-01 -9.159246087074279785e-02 9.138159873834617031e-02
9.539748430252075195e-01 -1.012084260582923889e-01 2.822931706905364990e-01 1.931872139218555828e+00
0.000000000000000000e+00 0.000000000000000000e+00 0.000000000000000000e+00 1.000000000000000000e+00
-2.940038740634918213e-01 -4.859167709946632385e-02 9.545683860778808594e-01 4.654102225100031909e+00
-1.028620228171348572e-01 -9.912981986999511719e-01 -8.214259147644042969e-02 1.815586442599459172e-01
9.502534270286560059e-01 -1.223390623927116394e-01 2.864472568035125732e-01 2.044351829945630694e+00
0.000000000000000000e+00 0.000000000000000000e+00 0.000000000000000000e+00 1.000000000000000000e+00
-2.761596143245697021e-01 -5.869590863585472107e-02 9.593178033828735352e-01 4.662152885844990102e+00
-1.074400693178176880e-01 -9.899920225143432617e-01 -9.150160849094390869e-02 1.867139286966211509e-01
9.550874233245849609e-01 -1.283381879329681396e-01 2.670896649360656738e-01 2.026745771392186146e+00
0.000000000000000000e+00 0.000000000000000000e+00 0.000000000000000000e+00 1.000000000000000000e+00
-2.784623503684997559e-01 -5.659915879368782043e-02 9.587780833244323730e-01 4.644008740936548918e+00
-1.307633072137832642e-01 -9.867323637008666992e-01 -9.622751176357269287e-02 2.099584110321736918e-01
9.515043497085571289e-01 -1.521687805652618408e-01 2.673666477203369141e-01 2.109823764962984516e+00
0.000000000000000000e+00 0.000000000000000000e+00 0.000000000000000000e+00 1.000000000000000000e+00
-2.582785785198211670e-01 -5.413605272769927979e-02 9.645524621009826660e-01 4.667122248251787120e+00
-1.476939022541046143e-01 -9.844788312911987305e-01 -9.480249136686325073e-02 2.496435073714473873e-01
9.547141194343566895e-01 -1.669440120458602905e-01 2.462742328643798828e-01 2.095670228778009125e+00
0.000000000000000000e+00 0.000000000000000000e+00 0.000000000000000000e+00 1.000000000000000000e+00
-2.518473863601684570e-01 -5.384944379329681396e-02 9.662675261497497559e-01 4.658670403653657921e+00
-1.772418171167373657e-01 -9.789965748786926270e-01 -1.007549688220024109e-01 2.466503524194253172e-01
9.513981342315673828e-01 -1.966378390789031982e-01 2.370133250951766968e-01 2.167321426863210387e+00
0.000000000000000000e+00 0.000000000000000000e+00 0.000000000000000000e+00 1.000000000000000000e+00
-2.446748614311218262e-01 -5.264259874820709229e-02 9.681751132011413574e-01 4.651835199033591550e+00
-1.883420646190643311e-01 -9.769254922866821289e-01 -1.007156968116760254e-01 2.894774727808659964e-01
9.511371850967407227e-01 -2.069907039403915405e-01 2.291142642498016357e-01 2.249822445832117879e+00
0.000000000000000000e+00 0.000000000000000000e+00 0.000000000000000000e+00 1.000000000000000000e+00
-1.977981328964233398e-01 -4.847203567624092102e-02 9.790434837341308594e-01 4.713665924321266409e+00
-2.158669084310531616e-01 -9.721034169197082520e-01 -9.174042940139770508e-02 3.451279429535789034e-01
9.561786651611328125e-01 -2.294891923666000366e-01 1.818167865276336670e-01 2.141006186690090907e+00
0.000000000000000000e+00 0.000000000000000000e+00 0.000000000000000000e+00 1.000000000000000000e+00
-1.186425462365150452e-01 -6.868845224380493164e-02 9.905583858489990234e-01 4.847639903063018174e+00
-2.318171560764312744e-01 -9.681196808815002441e-01 -9.489796310663223267e-02 3.336662770119006582e-01
9.654975533485412598e-01 -2.408873736858367920e-01 9.893678873777389526e-02 1.985730773892754542e+00
0.000000000000000000e+00 0.000000000000000000e+00 0.000000000000000000e+00 1.000000000000000000e+00
-9.012854844331741333e-02 -1.205571144819259644e-01 9.886059165000915527e-01 5.024786184959759261e+00
-2.450700104236602783e-01 -9.594389200210571289e-01 -1.393427103757858276e-01 1.074310361641646061e-01
9.653066396713256836e-01 -2.548366189002990723e-01 5.692793056368827820e-02 2.132497993815848147e+00
0.000000000000000000e+00 0.000000000000000000e+00 0.000000000000000000e+00 1.000000000000000000e+00
-4.546728357672691345e-02 -1.376806199550628662e-01 9.894320964813232422e-01 5.197023420914273828e+00
-2.716835141181945801e-01 -9.514192938804626465e-01 -1.448757946491241455e-01 1.150297698460351764e-01
9.613115787506103516e-01 -2.753996849060058594e-01 5.852815695106983185e-03 1.929741817244516655e+00
0.000000000000000000e+00 0.000000000000000000e+00 0.000000000000000000e+00 1.000000000000000000e+00
-1.261149346828460693e-01 -1.662160307168960571e-01 9.779913425445556641e-01 4.983679720716354566e+00
-2.035306990146636963e-01 -9.605547785758972168e-01 -1.894984841346740723e-01 -1.521024148944868370e-01
9.709116816520690918e-01 -2.229499071836471558e-01 8.731020241975784302e-02 2.184728679174875676e+00
0.000000000000000000e+00 0.000000000000000000e+00 0.000000000000000000e+00 1.000000000000000000e+00
-1.096482947468757629e-01 -1.874643415212631226e-01 9.761323928833007812e-01 4.957249601487356827e+00
-1.719846129417419434e-01 -9.636628627777099609e-01 -2.043886035680770874e-01 -2.586082707099846001e-01
9.789781570434570312e-01 -1.902906000614166260e-01 7.342320680618286133e-02 2.031345100225212086e+00
0.000000000000000000e+00 0.000000000000000000e+00 0.000000000000000000e+00 1.000000000000000000e+00
-1.011173427104949951e-01 -2.630453407764434814e-01 9.594705104827880859e-01 4.703128796688103463e+00
-6.602904200553894043e-02 -9.605118036270141602e-01 -2.702896296977996826e-01 -6.776961933886166412e-01
9.926807880401611328e-01 -9.068407118320465088e-02 7.975630462169647217e-02 1.802593717879953372e+00
0.000000000000000000e+00 0.000000000000000000e+00 0.000000000000000000e+00 1.000000000000000000e+00
-9.918266534805297852e-02 -3.204089403152465820e-01 9.420728087425231934e-01 4.436322090205314872e+00
-2.695041708648204803e-02 -9.455282688140869141e-01 -3.244216442108154297e-01 -1.069847060762655122e+00
9.947044849395751953e-01 -5.756625160574913025e-02 8.514487743377685547e-02 1.677218009890456774e+00
0.000000000000000000e+00 0.000000000000000000e+00 0.000000000000000000e+00 1.000000000000000000e+00
-8.794581890106201172e-02 -3.947637677192687988e-01 9.145635962486267090e-01 4.193829664865360130e+00
6.304037291556596756e-03 -9.183236360549926758e-01 -3.957803845405578613e-01 -1.436336447012140471e+00
9.961051344871520996e-01 -2.904186025261878967e-02 8.325129002332687378e-02 1.587081898712926042e+00
0.000000000000000000e+00 0.000000000000000000e+00 0.000000000000000000e+00 1.000000000000000000e+00
-7.677821908146142960e-03 -4.456889331340789795e-01 8.951548337936401367e-01 4.069792426842974820e+00
5.339507013559341431e-02 -8.940871357917785645e-01 -4.446991980075836182e-01 -1.683001422516390955e+00
9.985440373420715332e-01 4.438249766826629639e-02 3.066223114728927612e-02 1.269795569233211463e+00
0.000000000000000000e+00 0.000000000000000000e+00 0.000000000000000000e+00 1.000000000000000000e+00
2.736545503139495850e-01 -4.744553267955780029e-01 8.366630673408508301e-01 3.882608612240017631e+00
1.161565855145454407e-01 -8.471987247467041016e-01 -5.184221863746643066e-01 -2.057835115456775998e+00
9.547884464263916016e-01 2.390525937080383301e-01 -1.767287403345108032e-01 2.458775521400266284e-01
0.000000000000000000e+00 0.000000000000000000e+00 0.000000000000000000e+00 1.000000000000000000e+00
3.667306602001190186e-01 -4.935411214828491211e-01 7.886229157447814941e-01 3.661339646052434560e+00
1.297989636659622192e-01 -8.122487068176269531e-01 -5.686866641044616699e-01 -2.316373109238802463e+00
9.212278723716735840e-01 3.109171986579895020e-01 -2.338153421878814697e-01 -5.823795217598768531e-02
0.000000000000000000e+00 0.000000000000000000e+00 0.000000000000000000e+00 1.000000000000000000e+00
3.958282470703125000e-01 -5.316086411476135254e-01 7.488071322441101074e-01 3.419173405803782373e+00
1.644250303506851196e-01 -7.612016797065734863e-01 -6.273248791694641113e-01 -2.561347438050234793e+00
9.034845232963562012e-01 3.714355528354644775e-01 -2.138953208923339844e-01 -1.777157843199851997e-02
0.000000000000000000e+00 0.000000000000000000e+00 0.000000000000000000e+00 1.000000000000000000e+00
4.177739918231964111e-01 -5.504210591316223145e-01 7.228425145149230957e-01 3.230287238352054224e+00
1.587421596050262451e-01 -7.391403913497924805e-01 -6.545779109001159668e-01 -2.689651272303386964e+00
8.945756554603576660e-01 3.882112205028533936e-01 -2.214185893535614014e-01 -8.497420009376274730e-02
0.000000000000000000e+00 0.000000000000000000e+00 0.000000000000000000e+00 1.000000000000000000e+00
4.369862973690032959e-01 -5.570865273475646973e-01 7.061852216720581055e-01 3.080881371513365607e+00
1.702679842710494995e-01 -7.196858525276184082e-01 -6.730979084968566895e-01 -2.764033377685847448e+00
8.832054138183593750e-01 4.143754541873931885e-01 -2.196388691663742065e-01 -1.194788915033294374e-01
0.000000000000000000e+00 0.000000000000000000e+00 0.000000000000000000e+00 1.000000000000000000e+00
4.393607974052429199e-01 -5.913283228874206543e-01 6.762342453002929688e-01 2.875890708020955255e+00
1.726863235235214233e-01 -6.831470131874084473e-01 -7.095701098442077637e-01 -2.902354308474653699e+00
8.815562129020690918e-01 4.285337030887603760e-01 -1.980335414409637451e-01 -7.912192815549927427e-02
0.000000000000000000e+00 0.000000000000000000e+00 0.000000000000000000e+00 1.000000000000000000e+00
4.273579716682434082e-01 -6.489154100418090820e-01 6.295027732849121094e-01 2.549980413768715870e+00
1.390848904848098755e-01 -6.408109664916992188e-01 -7.549943327903747559e-01 -3.052340919694269239e+00
8.933198451995849609e-01 4.102073311805725098e-01 -1.836014091968536377e-01 -1.346959145958184778e-01
0.000000000000000000e+00 0.000000000000000000e+00 0.000000000000000000e+00 1.000000000000000000e+00
2.874631285667419434e-01 -7.256534695625305176e-01 6.251333355903625488e-01 2.458275578488759994e+00
1.302420049905776978e-01 -6.170041561126708984e-01 -7.761073112487792969e-01 -3.110213575403839581e+00
9.488949775695800781e-01 3.045209050178527832e-01 -8.285542577505111694e-02 1.855872776120091605e-01
0.000000000000000000e+00 0.000000000000000000e+00 0.000000000000000000e+00 1.000000000000000000e+00
2.823587656021118164e-01 -7.783718705177307129e-01 5.607234835624694824e-01 2.145629549387907176e+00
1.124605312943458557e-01 -5.536196827888488770e-01 -8.251412510871887207e-01 -3.249677741287589239e+00
9.526939988136291504e-01 2.960450947284698486e-01 -6.878328323364257812e-02 9.905544721031414590e-02
0.000000000000000000e+00 0.000000000000000000e+00 0.000000000000000000e+00 1.000000000000000000e+00
3.632162809371948242e-01 -7.812098860740661621e-01 5.077257752418518066e-01 1.904735510359106154e+00
1.004731804132461548e-01 -5.089227557182312012e-01 -8.549284338951110840e-01 -3.301827277192637133e+00
9.262719154357910156e-01 3.615367114543914795e-01 -1.063584387302398682e-01 -1.564329441388654096e-01
0.000000000000000000e+00 0.000000000000000000e+00 0.000000000000000000e+00 1.000000000000000000e+00
5.002299547195434570e-01 -7.548735737800598145e-01 4.241884350776672363e-01 1.522480709772731977e+00
2.465189807116985321e-02 -4.772714972496032715e-01 -8.784099221229553223e-01 -3.287327318155219391e+00
8.655415773391723633e-01 4.498640000820159912e-01 -2.201364338397979736e-01 -6.450264902042713855e-01
0.000000000000000000e+00 0.000000000000000000e+00 0.000000000000000000e+00 1.000000000000000000e+00
5.913026332855224609e-01 -7.337173819541931152e-01 3.346931338310241699e-01 1.226410895115586763e+00
-4.147611930966377258e-02 -4.421395957469940186e-01 -8.959867954254150391e-01 -3.244140332702932561e+00
8.053823113441467285e-01 5.159178376197814941e-01 -2.918701469898223877e-01 -9.095149809895022308e-01
0.000000000000000000e+00 0.000000000000000000e+00 0.000000000000000000e+00 1.000000000000000000e+00
5.848473906517028809e-01 -7.788527607917785645e-01 2.265867739915847778e-01 9.055411922529781332e-01
-1.158485040068626404e-01 -3.566824495792388916e-01 -9.270148873329162598e-01 -3.392621413221327487e+00
8.028278946876525879e-01 5.159125924110412598e-01 -2.988336980342864990e-01 -8.744187349856059610e-01
0.000000000000000000e+00 0.000000000000000000e+00 0.000000000000000000e+00 1.000000000000000000e+00
5.728088617324829102e-01 -8.133326768875122070e-01 1.018820032477378845e-01 4.589625527750558209e-01
-1.877044141292572021e-01 -2.511436641216278076e-01 -9.495754837989807129e-01 -3.596234718499732086e+00
7.979081869125366211e-01 5.248017907142639160e-01 -2.965235114097595215e-01 -8.099545214273322635e-01
0.000000000000000000e+00 0.000000000000000000e+00 0.000000000000000000e+00 1.000000000000000000e+00
5.830391645431518555e-01 -8.123332858085632324e-01 -1.343619264662265778e-02 -3.098472838243793506e-02
-2.108980119228363037e-01 -1.353562474250793457e-01 -9.680908918380737305e-01 -3.782918541356896203e+00
7.845939993858337402e-01 5.672682523727416992e-01 -2.502374053001403809e-01 -6.335674531874471160e-01
0.000000000000000000e+00 0.000000000000000000e+00 0.000000000000000000e+00 1.000000000000000000e+00
5.928048491477966309e-01 -7.948578596115112305e-01 -1.295534521341323853e-01 -5.829162789197792627e-01
-2.488933950662612915e-01 -2.782945893704891205e-02 -9.681307673454284668e-01 -3.863491020734888259e+00
7.659208178520202637e-01 6.061576008796691895e-01 -2.143322974443435669e-01 -5.114833575244205344e-01
0.000000000000000000e+00 0.000000000000000000e+00 0.000000000000000000e+00 1.000000000000000000e+00
6.104439496994018555e-01 -7.549272775650024414e-01 -2.396737635135650635e-01 -1.152564513664439794e+00
-2.483972012996673584e-01 1.048643812537193298e-01 -9.629650115966796875e-01 -3.935732685262740116e+00
7.521018981933593750e-01 6.473705768585205078e-01 -1.235080435872077942e-01 -1.884535092713881532e-01
0.000000000000000000e+00 0.000000000000000000e+00 0.000000000000000000e+00 1.000000000000000000e+00
5.782282948493957520e-01 -8.108367919921875000e-01 -9.053174406290054321e-02 -4.063480380755776777e-01
-3.090891242027282715e-01 -1.150136291980743408e-01 -9.440526962280273438e-01 -3.625301302140673254e+00
7.550603151321411133e-01 5.738601088523864746e-01 -3.171248435974121094e-01 -1.101091679420922675e+00
0.000000000000000000e+00 0.000000000000000000e+00 0.000000000000000000e+00 1.000000000000000000e+00
5.647068619728088379e-01 -8.252324461936950684e-01 -9.887635707855224609e-03 -2.631791554443651399e-02
-3.849584758281707764e-01 -2.527917921543121338e-01 -8.876392245292663574e-01 -3.266751467359302996e+00
7.300089597702026367e-01 5.050622820854187012e-01 -4.604334235191345215e-01 -1.636224214133191079e+00
0.000000000000000000e+00 0.000000000000000000e+00 0.000000000000000000e+00 1.000000000000000000e+00
5.499658584594726562e-01 -8.278436660766601562e-01 1.105098351836204529e-01 4.647812563190766855e-01
-4.523339569568634033e-01 -4.064715206623077393e-01 -7.938353419303894043e-01 -2.719040668075441314e+00
7.020907402038574219e-01 3.865950405597686768e-01 -5.980073213577270508e-01 -2.102994782173653210e+00
0.000000000000000000e+00 0.000000000000000000e+00 0.000000000000000000e+00 1.000000000000000000e+00
5.537902712821960449e-01 -8.098191618919372559e-01 1.936732828617095947e-01 7.782206750998854616e-01
-5.159116983413696289e-01 -5.162860155105590820e-01 -6.835816502571105957e-01 -2.156372576034299993e+00
6.535683870315551758e-01 2.786424756050109863e-01 -7.037093043327331543e-01 -2.404724721643539453e+00
0.000000000000000000e+00 0.000000000000000000e+00 0.000000000000000000e+00 1.000000000000000000e+00
5.714132785797119141e-01 -7.905318737030029297e-01 2.203317731618881226e-01 8.557493555206515667e-01
-5.717614889144897461e-01 -5.760874152183532715e-01 -5.841339230537414551e-01 -1.716837173456389420e+00
5.887069106101989746e-01 2.078046053647994995e-01 -7.811796069145202637e-01 -2.617555136664329041e+00
0.000000000000000000e+00 0.000000000000000000e+00 0.000000000000000000e+00 1.000000000000000000e+00
5.799443125724792480e-01 -7.908816337585449219e-01 1.953737288713455200e-01 7.078435631240530546e-01
-6.609654426574707031e-01 -5.969957113265991211e-01 -4.546654522418975830e-01 -1.239506065470858509e+00
4.762237966060638428e-01 1.345452517271041870e-01 -8.689697384834289551e-01 -2.866911734400098499e+00
0.000000000000000000e+00 0.000000000000000000e+00 0.000000000000000000e+00 1.000000000000000000e+00
5.741147398948669434e-01 -7.890219092369079590e-01 2.187154144048690796e-01 7.292107699033405499e-01
-7.095857262611389160e-01 -6.127489209175109863e-01 -3.478892147541046143e-01 -8.308180703094306674e-01
4.085099399089813232e-01 4.453095421195030212e-02 -9.116670489311218262e-01 -2.957930073076703970e+00
0.000000000000000000e+00 0.000000000000000000e+00 0.000000000000000000e+00 1.000000000000000000e+00
5.678095817565917969e-01 -7.804628610610961914e-01 2.616667449474334717e-01 8.181285480193468684e-01
-7.532228231430053711e-01 -6.208406686782836914e-01 -2.172835469245910645e-01 -3.270287185592005152e-01
3.320351839065551758e-01 -7.371782511472702026e-02 -9.403821229934692383e-01 -2.993960033824926370e+00
0.000000000000000000e+00 0.000000000000000000e+00 0.000000000000000000e+00 1.000000000000000000e+00
5.573111176490783691e-01 -7.852933406829833984e-01 2.696638703346252441e-01 8.250794253329831740e-01
-7.817260026931762695e-01 -6.057206392288208008e-01 -1.483464688062667847e-01 -7.523110829396133237e-02
2.798364460468292236e-01 -1.281281709671020508e-01 -9.514592289924621582e-01 -3.003402338262341154e+00
0.000000000000000000e+00 0.000000000000000000e+00 0.000000000000000000e+00 1.000000000000000000e+00
5.411931276321411133e-01 -7.945358157157897949e-01 2.753590345382690430e-01 7.999686295617826071e-01
-8.239687681198120117e-01 -5.664367675781250000e-01 -1.499148458242416382e-02 3.914470443574748493e-01
1.678847670555114746e-01 -2.187740504741668701e-01 -9.612244963645935059e-01 -3.007605245068345479e+00
0.000000000000000000e+00 0.000000000000000000e+00 0.000000000000000000e+00 1.000000000000000000e+00
5.301429629325866699e-01 -7.990477681159973145e-01 2.836738526821136475e-01 7.933598100932840458e-01
-8.463887572288513184e-01 -5.187180638313293457e-01 1.206543743610382080e-01 8.707011612712572957e-01
5.073812603950500488e-02 -3.040625154972076416e-01 -9.513000249862670898e-01 -2.945880073593671433e+00
0.000000000000000000e+00 0.000000000000000000e+00 0.000000000000000000e+00 1.000000000000000000e+00
5.414358377456665039e-01 -7.850192189216613770e-01 3.009848594665527344e-01 8.082872422324124395e-01
-8.394414782524108887e-01 -4.848636388778686523e-01 2.454489618539810181e-01 1.291554134176307489e+00
-4.674555733799934387e-02 -3.855540454387664795e-01 -9.215004444122314453e-01 -2.795049031870050271e+00
0.000000000000000000e+00 0.000000000000000000e+00 0.000000000000000000e+00 1.000000000000000000e+00
5.029165744781494141e-01 -8.090081810951232910e-01 3.042703866958618164e-01 8.028044954437740799e-01
-8.437796831130981445e-01 -3.832143545150756836e-01 3.757424652576446533e-01 1.738988910314188896e+00
-1.873779892921447754e-01 -4.457043111324310303e-01 -8.753497004508972168e-01 -2.554137929630876602e+00
0.000000000000000000e+00 0.000000000000000000e+00 0.000000000000000000e+00 1.000000000000000000e+00
4.888943135738372803e-01 -8.127755522727966309e-01 3.168251812458038330e-01 8.475076265014085397e-01
-8.228776454925537109e-01 -3.091197907924652100e-01 4.767778515815734863e-01 2.081658451702792068e+00
-2.895765602588653564e-01 -4.938022792339324951e-01 -8.199418783187866211e-01 -2.308159053911130520e+00
0.000000000000000000e+00 0.000000000000000000e+00 0.000000000000000000e+00 1.000000000000000000e+00
4.671513140201568604e-01 -8.218663334846496582e-01 3.260449767112731934e-01 9.261244834022546168e-01
-8.047235608100891113e-01 -2.424317449331283569e-01 5.418919324874877930e-01 2.297702107327993293e+00
-3.663191497325897217e-01 -5.155215263366699219e-01 -7.746275067329406738e-01 -2.102403720502733719e+00
0.000000000000000000e+00 0.000000000000000000e+00 0.000000000000000000e+00 1.000000000000000000e+00
4.235895574092864990e-01 -8.512001633644104004e-01 3.098871707916259766e-01 9.551452344664980165e-01
-7.851987481117248535e-01 -1.744322776794433594e-01 5.941684246063232422e-01 2.448129981104213204e+00
-4.517020583152770996e-01 -4.950065314769744873e-01 -7.422490715980529785e-01 -1.906327393973311191e+00
0.000000000000000000e+00 0.000000000000000000e+00 0.000000000000000000e+00 1.000000000000000000e+00
3.905824422836303711e-01 -8.677296638488769531e-01 3.073933422565460205e-01 1.037621749871673327e+00
-7.761410474777221680e-01 -1.308427900075912476e-01 6.168348789215087891e-01 2.477378109367138759e+00
-4.950257241725921631e-01 -4.795054197311401367e-01 -7.245854735374450684e-01 -1.759807987419461872e+00
0.000000000000000000e+00 0.000000000000000000e+00 0.000000000000000000e+00 1.000000000000000000e+00
2.652732431888580322e-01 -9.355359673500061035e-01 2.332431674003601074e-01 9.390757576889633418e-01
-7.713919281959533691e-01 -6.080153211951255798e-02 6.334488987922668457e-01 2.459160751381635368e+00
-5.784327983856201172e-01 -3.479589223861694336e-01 -7.377940416336059570e-01 -1.723637552799802686e+00
0.000000000000000000e+00 0.000000000000000000e+00 0.000000000000000000e+00 1.000000000000000000e+00
8.596039563417434692e-02 -9.772309660911560059e-01 1.939860731363296509e-01 9.621321230903967514e-01
-7.839402556419372559e-01 5.381782725453376770e-02 6.184993386268615723e-01 2.239496719016162984e+00
-6.148565411567687988e-01 -2.052399665117263794e-01 -7.614643573760986328e-01 -1.775173408359716376e+00
0.000000000000000000e+00 0.000000000000000000e+00 0.000000000000000000e+00 1.000000000000000000e+00
-8.014629036188125610e-02 -9.803592562675476074e-01 1.802004128694534302e-01 9.426349251222594372e-01
-7.891630530357360840e-01 1.728462725877761841e-01 5.893604755401611328e-01 2.018303743637563485e+00
-6.089320182800292969e-01 -9.497246891260147095e-02 -7.875164747238159180e-01 -1.870723219846704533e+00
0.000000000000000000e+00 0.000000000000000000e+00 0.000000000000000000e+00 1.000000000000000000e+00
-2.083348482847213745e-01 -9.592952132225036621e-01 1.906552165746688843e-01 9.624721968413051387e-01
-7.508608102798461914e-01 2.817849814891815186e-01 5.973320603370666504e-01 2.078124383061497049e+00
-6.267415285110473633e-01 -1.871049590408802032e-02 -7.790025472640991211e-01 -1.817440369317859572e+00
0.000000000000000000e+00 0.000000000000000000e+00 0.000000000000000000e+00 1.000000000000000000e+00
-2.397354096174240112e-01 -9.549257755279541016e-01 1.750530600547790527e-01 9.949980487710953225e-01
-7.071198225021362305e-01 2.953000068664550781e-01 6.424791216850280762e-01 2.272846366869973878e+00
-6.652131080627441406e-01 3.024151921272277832e-02 -7.460408806800842285e-01 -1.663712550019406100e+00
0.000000000000000000e+00 0.000000000000000000e+00 0.000000000000000000e+00 1.000000000000000000e+00
-3.361149728298187256e-01 -9.315729737281799316e-01 1.385585665702819824e-01 1.033464874051789328e+00
-6.962493062019348145e-01 3.448445200920104980e-01 6.295387744903564453e-01 2.198268034568231943e+00
-6.342424750328063965e-01 1.151261404156684875e-01 -7.645145058631896973e-01 -1.622694973197476465e+00
0.000000000000000000e+00 0.000000000000000000e+00 0.000000000000000000e+00 1.000000000000000000e+00
2.240651398897171021e-01 -9.201527237892150879e-01 3.211132884025573730e-01 9.650004289130378332e-01
-7.356882691383361816e-01 5.640257894992828369e-02 6.749678254127502441e-01 2.444155046725159597e+00
-6.391851305961608887e-01 -3.874760270118713379e-01 -6.643077135086059570e-01 -1.383044762841046715e+00
0.000000000000000000e+00 0.000000000000000000e+00 0.000000000000000000e+00 1.000000000000000000e+00
5.384887456893920898e-01 -7.709400057792663574e-01 3.401194214820861816e-01 8.132785288804440516e-01
-7.675850987434387207e-01 -2.822743356227874756e-01 5.754427313804626465e-01 2.327947044531737397e+00
-3.476248979568481445e-01 -5.709400773048400879e-01 -7.437635660171508789e-01 -2.131380623084508485e+00
0.000000000000000000e+00 0.000000000000000000e+00 0.000000000000000000e+00 1.000000000000000000e+00
6.005011200904846191e-01 -7.212958335876464844e-01 3.451531529426574707e-01 8.076245547598138730e-01
-7.687076926231384277e-01 -4.018709361553192139e-01 4.975821971893310547e-01 2.094635221600347652e+00
-2.201968878507614136e-01 -5.641206502914428711e-01 -7.957897186279296875e-01 -2.511596370031393466e+00
0.000000000000000000e+00 0.000000000000000000e+00 0.000000000000000000e+00 1.000000000000000000e+00
6.065421700477600098e-01 -7.294853925704956055e-01 3.161605894565582275e-01 7.043170340408294594e-01
-7.700221538543701172e-01 -4.400084912776947021e-01 4.620155394077301025e-01 1.992281355772694162e+00
-1.979203075170516968e-01 -5.236825346946716309e-01 -8.286036849021911621e-01 -2.713162090065122101e+00
0.000000000000000000e+00 0.000000000000000000e+00 0.000000000000000000e+00 1.000000000000000000e+00
6.345242857933044434e-01 -7.289900779724121094e-01 2.568116784095764160e-01 4.674854279465958107e-01
-7.573997378349304199e-01 -5.202534198760986328e-01 3.945653140544891357e-01 1.746187204178223595e+00
-1.540271490812301636e-01 -4.448703527450561523e-01 -8.822504878044128418e-01 -2.994960612544780965e+00
0.000000000000000000e+00 0.000000000000000000e+00 0.000000000000000000e+00 1.000000000000000000e+00
6.457324028015136719e-01 -7.417133450508117676e-01 1.813579946756362915e-01 1.789412082977922813e-01
-7.444704174995422363e-01 -5.587856769561767578e-01 3.654068112373352051e-01 1.653414826998172549e+00
-1.696869730949401855e-01 -3.709705471992492676e-01 -9.130099415779113770e-01 -3.164455036636660612e+00
0.000000000000000000e+00 0.000000000000000000e+00 0.000000000000000000e+00 1.000000000000000000e+00
6.562180519104003906e-01 -7.467014789581298828e-01 1.086930185556411743e-01 -1.178279189713661163e-01
-7.323679327964782715e-01 -5.955806970596313477e-01 3.300313949584960938e-01 1.524544831456679184e+00
-1.816996484994888306e-01 -2.961757183074951172e-01 -9.376913309097290039e-01 -3.308498492001720415e+00
0.000000000000000000e+00 0.000000000000000000e+00 0.000000000000000000e+00 1.000000000000000000e+00
6.763108968734741211e-01 -7.345616817474365234e-01 5.497013032436370850e-02 -3.599300915772939424e-01
-7.177904844284057617e-01 -6.404258608818054199e-01 2.731870412826538086e-01 1.301634424113165656e+00
-1.654687076807022095e-01 -2.242164611816406250e-01 -9.603890776634216309e-01 -3.448268605215634164e+00
0.000000000000000000e+00 0.000000000000000000e+00 0.000000000000000000e+00 1.000000000000000000e+00
7.154878973960876465e-01 -6.984180212020874023e-01 -1.699865423142910004e-02 -7.158354139645036751e-01
-6.811355352401733398e-01 -7.027799487113952637e-01 2.053158432245254517e-01 1.031496125805186237e+00
-1.553427577018737793e-01 -1.353225708007812500e-01 -9.785481095314025879e-01 -3.579096604147348870e+00
0.000000000000000000e+00 0.000000000000000000e+00 0.000000000000000000e+00 1.000000000000000000e+00
7.526769042015075684e-01 -6.556108593940734863e-01 -6.042225286364555359e-02 -9.418972573771845491e-01
-6.428275108337402344e-01 -7.516208887100219727e-01 1.477806717157363892e-01 7.805648516843035623e-01
-1.423013061285018921e-01 -7.238998264074325562e-02 -9.871726632118225098e-01 -3.653810053266108415e+00
0.000000000000000000e+00 0.000000000000000000e+00 0.000000000000000000e+00 1.000000000000000000e+00
7.795527577400207520e-01 -6.134060025215148926e-01 -1.266109198331832886e-01 -1.271180313409873808e+00
-6.109704971313476562e-01 -7.892308831214904785e-01 6.188374012708663940e-02 4.044073214717491815e-01
-1.378851830959320068e-01 2.911402843892574310e-02 -9.900200366973876953e-01 -3.699976354613167651e+00
0.000000000000000000e+00 0.000000000000000000e+00 0.000000000000000000e+00 1.000000000000000000e+00
8.026373982429504395e-01 -5.725801587104797363e-01 -1.671077609062194824e-01 -1.493944294599262257e+00
-5.829259753227233887e-01 -8.123604655265808105e-01 -1.637711748480796814e-02 5.405209657182219463e-02
-1.263744831085205078e-01 1.105563044548034668e-01 -9.858024716377258301e-01 -3.733931349616349316e+00
0.000000000000000000e+00 0.000000000000000000e+00 0.000000000000000000e+00 1.000000000000000000e+00
8.339561820030212402e-01 -5.161234736442565918e-01 -1.952779740095138550e-01 -1.666933204652562006e+00
-5.410498976707458496e-01 -8.343622684478759766e-01 -1.053764298558235168e-01 -3.587866516187037114e-01
-1.085453331470489502e-01 1.935344785451889038e-01 -9.750705957412719727e-01 -3.730268711668993209e+00
0.000000000000000000e+00 0.000000000000000000e+00 0.000000000000000000e+00 1.000000000000000000e+00
8.473794460296630859e-01 -4.990400075912475586e-01 -1.814033985137939453e-01 -1.665005260289915245e+00
-5.288436412811279297e-01 -8.238521814346313477e-01 -2.039421349763870239e-01 -8.069253595879758434e-01
-4.767419770359992981e-02 2.687503993511199951e-01 -9.620289802551269531e-01 -3.732522245894674295e+00
0.000000000000000000e+00 0.000000000000000000e+00 0.000000000000000000e+00 1.000000000000000000e+00
8.562242388725280762e-01 -4.965776801109313965e-01 -1.424441486597061157e-01 -1.550047138256263946e+00
-5.159602165222167969e-01 -8.082420825958251953e-01 -2.837780117988586426e-01 -1.195424154316429455e+00
2.578860148787498474e-02 3.164730072021484375e-01 -9.482509493827819824e-01 -3.737137645890957760e+00
0.000000000000000000e+00 0.000000000000000000e+00 0.000000000000000000e+00 1.000000000000000000e+00
8.621636629104614258e-01 -4.980416297912597656e-01 -9.288381040096282959e-02 -1.387805372210302535e+00
-4.948772788047790527e-01 -7.886311411857604980e-01 -3.649067282676696777e-01 -1.586469186771746642e+00
1.084877625107765198e-01 3.605756163597106934e-01 -9.263993501663208008e-01 -3.718187561906560301e+00
0.000000000000000000e+00 0.000000000000000000e+00 0.000000000000000000e+00 1.000000000000000000e+00
8.758849501609802246e-01 -4.805628359317779541e-01 -4.341296106576919556e-02 -1.220734618424269113e+00
-4.468806385993957520e-01 -7.739665508270263672e-01 -4.486344158649444580e-01 -2.010578752740119324e+00
1.819971352815628052e-01 4.123528003692626953e-01 -8.926600217819213867e-01 -3.663563066859837569e+00
0.000000000000000000e+00 0.000000000000000000e+00 0.000000000000000000e+00 1.000000000000000000e+00
8.906285762786865234e-01 -4.547297656536102295e-01 1.193716656416654587e-03 -1.065097306839501767e+00
-3.810460269451141357e-01 -7.477400898933410645e-01 -5.437721610069274902e-01 -2.499866111756346321e+00
2.481621354818344116e-01 4.838444590568542480e-01 -8.392319083213806152e-01 -3.580648165834690033e+00
0.000000000000000000e+00 0.000000000000000000e+00 0.000000000000000000e+00 1.000000000000000000e+00
9.236489534378051758e-01 -3.826962709426879883e-01 2.038358896970748901e-02 -9.937654487205124232e-01
-2.903248667716979980e-01 -7.334452271461486816e-01 -6.146290302276611328e-01 -2.857623697711942690e+00
2.501666545867919922e-01 5.617839097976684570e-01 -7.885524630546569824e-01 -3.495823375704383285e+00
0.000000000000000000e+00 0.000000000000000000e+00 0.000000000000000000e+00 1.000000000000000000e+00
9.416081309318542480e-01 -3.254117965698242188e-01 8.649262785911560059e-02 -7.113685730236415372e-01
-1.853251159191131592e-01 -7.153359651565551758e-01 -6.737575531005859375e-01 -3.181038199833098989e+00
2.811199128627777100e-01 6.183862090110778809e-01 -7.338731288909912109e-01 -3.397699995592522004e+00
0.000000000000000000e+00 0.000000000000000000e+00 0.000000000000000000e+00 1.000000000000000000e+00
9.191470742225646973e-01 -3.482509851455688477e-01 1.840911209583282471e-01 -2.444722816122786579e-01
-1.149462312459945679e-01 -6.841190457344055176e-01 -7.202557921409606934e-01 -3.418519795196863331e+00
3.767701387405395508e-01 6.408605575561523438e-01 -6.688362956047058105e-01 -3.270926493218457409e+00
0.000000000000000000e+00 0.000000000000000000e+00 0.000000000000000000e+00 1.000000000000000000e+00
8.711403608322143555e-01 -4.103213548660278320e-01 2.697232961654663086e-01 2.129423582929838854e-01
-7.417424023151397705e-02 -6.529554724693298340e-01 -7.537553310394287109e-01 -3.589880855139703453e+00
4.853992760181427002e-01 6.366201639175415039e-01 -5.992513895034790039e-01 -3.058191314720675624e+00
0.000000000000000000e+00 0.000000000000000000e+00 0.000000000000000000e+00 1.000000000000000000e+00
9.431191682815551758e-01 -2.504828870296478271e-01 2.185959964990615845e-01 -1.399504549230259909e-01
-2.428705058991909027e-02 -7.076755762100219727e-01 -7.061196565628051758e-01 -3.324444364131695195e+00
3.315660953521728516e-01 6.606462597846984863e-01 -6.735062003135681152e-01 -3.156156364113035906e+00
0.000000000000000000e+00 0.000000000000000000e+00 0.000000000000000000e+00 1.000000000000000000e+00
9.183357954025268555e-01 -2.743563950061798096e-01 2.852864265441894531e-01 1.298740867839088819e-01
-9.130956605076789856e-03 -7.352726459503173828e-01 -6.777095198631286621e-01 -3.135736963570030511e+00
3.956971764564514160e-01 6.197599172592163086e-01 -6.777322292327880859e-01 -3.241108136274020612e+00
0.000000000000000000e+00 0.000000000000000000e+00 0.000000000000000000e+00 1.000000000000000000e+00
8.954131007194519043e-01 -3.454240262508392334e-01 2.809234559535980225e-01 8.799548746998059334e-02
-5.017000064253807068e-02 -7.052126526832580566e-01 -7.072185873985290527e-01 -3.245991691028327075e+00
4.424008727073669434e-01 6.191584467887878418e-01 -6.487864255905151367e-01 -3.132170847384003753e+00
0.000000000000000000e+00 0.000000000000000000e+00 0.000000000000000000e+00 1.000000000000000000e+00
8.194374442100524902e-01 -4.287241101264953613e-01 3.804179430007934570e-01 6.123591771442772336e-01
2.474128082394599915e-02 -6.366342306137084961e-01 -7.707687616348266602e-01 -3.625582249883547714e+00
5.726343393325805664e-01 6.410088539123535156e-01 -5.110747218132019043e-01 -2.576071892926774076e+00
0.000000000000000000e+00 0.000000000000000000e+00 0.000000000000000000e+00 1.000000000000000000e+00
7.085564732551574707e-01 -5.289414525032043457e-01 4.670852720737457275e-01 1.154676662686887845e+00
7.864674925804138184e-02 -5.986002087593078613e-01 -7.971780896186828613e-01 -3.802722579497600730e+00
7.012577652931213379e-01 6.015802621841430664e-01 -3.825424313545227051e-01 -2.058724084453302350e+00
0.000000000000000000e+00 0.000000000000000000e+00 0.000000000000000000e+00 1.000000000000000000e+00
5.954790115356445312e-01 -6.055079698562622070e-01 5.279818773269653320e-01 1.585148524415763926e+00
1.262544989585876465e-01 -5.785071849822998047e-01 -8.058469891548156738e-01 -3.881886748791609332e+00
7.933880090713500977e-01 5.465247631072998047e-01 -2.680406868457794189e-01 -1.538438427654451601e+00
0.000000000000000000e+00 0.000000000000000000e+00 0.000000000000000000e+00 1.000000000000000000e+00
4.296128451824188232e-01 -6.677303910255432129e-01 6.079217195510864258e-01 2.136837234220023252e+00
2.509121596813201904e-01 -5.584345459938049316e-01 -7.906918525695800781e-01 -3.888325928203499426e+00
8.674536347389221191e-01 4.922264814376831055e-01 -7.236905395984649658e-02 -6.272413671466290364e-01
0.000000000000000000e+00 0.000000000000000000e+00 0.000000000000000000e+00 1.000000000000000000e+00
3.647001385688781738e-01 -6.780489087104797363e-01 6.381563544273376465e-01 2.351587458817119725e+00
3.316254019737243652e-01 -5.458327531814575195e-01 -7.694745063781738281e-01 -3.837029949635912374e+00
8.700678944587707520e-01 4.922562837600708008e-01 2.579288557171821594e-02 -1.189469558404441796e-01
0.000000000000000000e+00 0.000000000000000000e+00 0.000000000000000000e+00 1.000000000000000000e+00
3.235078752040863037e-01 -6.851425766944885254e-01 6.526269912719726562e-01 2.479691891600223297e+00
3.816698491573333740e-01 -5.366334319114685059e-01 -7.525638937950134277e-01 -3.777273396455586685e+00
8.658350706100463867e-01 4.925484359264373779e-01 8.789314329624176025e-02 2.362265705920413295e-01
0.000000000000000000e+00 0.000000000000000000e+00 0.000000000000000000e+00 1.000000000000000000e+00
5.557308197021484375e-01 -4.296458959579467773e-01 7.117356657981872559e-01 2.804835135023401094e+00
