0.915382981300354 0.4024963080883026 -0.00840311124920845 -0.03041455149650574 
-0.3321989476680756 0.7669699788093567 0.5489996075630188 -0.1510731428861618 
0.2274153977632523 -0.4997533857822418 0.8357802033424377 -0.2306394428014755 
0 0 0 1 

0.9092059135437012 0.4161618649959564 0.01240276824682951 -0.03765647485852242 
-0.3308861553668976 0.7041782736778259 0.6282094120979309 -0.1751112937927246 
0.2527031600475311 -0.5752755999565125 0.7779452800750732 -0.2167167067527771 
0 0 0 1 

0.9155632257461548 0.4011182188987732 0.02912198565900326 -0.04484181478619576 
-0.2960070371627808 0.6230816841125488 0.7239813208580017 -0.2052266895771027 
0.2722567617893219 -0.6714709401130676 0.6892045140266418 -0.1922286301851273 
0 0 0 1 

0.9254384636878967 0.3752234876155853 0.05263981595635414 -0.05324912816286087 
-0.2672382891178131 0.5478986501693726 0.7927108407020569 -0.227962538599968 
0.2686025202274323 -0.7476724982261658 0.6073206067085266 -0.1674564182758331 
0 0 0 1 

0.9328464865684509 0.3570902347564697 0.04779043421149254 -0.05370922014117241 
-0.2251164764165878 0.4741699993610382 0.8511670231819153 -0.2482317686080933 
0.2812826633453369 -0.8047665953636169 0.5227147340774536 -0.1435661613941193 
0 0 0 1 

0.9428505301475525 0.3288938105106354 0.05349549651145935 -0.05836281925439835 
-0.1927282065153122 0.4072952270507812 0.8927296996116638 -0.2619769871234894 
0.271824836730957 -0.852020800113678 0.4474056363105774 -0.1224863901734352 
0 0 0 1 

0.9547111988067627 0.292926162481308 0.05216090008616447 -0.06088729202747345 
-0.15481136739254 0.3393465280532837 0.927834689617157 -0.2754073739051819 
0.2540864646434784 -0.8938892483711243 0.3693262040615082 -0.09856990724802017 
0 0 0 1 

0.9600074887275696 0.2685551643371582 0.07914351671934128 -0.07125238329172134 
-0.1500809490680695 0.2549903392791748 0.9552253484725952 -0.2878274023532867 
0.2363499253988266 -0.9289014339447021 0.2850976586341858 -0.06871509552001953 
0 0 0 1 

0.994991660118103 0.09995811432600021 -7.97593456809409e-05 -0.05452940985560417 
-0.02444930747151375 0.2441441118717194 0.9694306254386902 -0.3002832233905792 
0.09692194312810898 -0.9645734429359436 0.2453652322292328 -0.05263230949640274 
0 0 0 1 

0.9971534609794617 0.07051281630992889 -0.02669980749487877 -0.04505899921059608 
0.00636795861646533 0.2740908563137054 0.9616826176643372 -0.3044570982456207 
0.07512912899255753 -0.959115207195282 0.2728616297245026 -0.06062623858451843 
0 0 0 1 

