0.9153829216957092 0.4024964570999146 -0.008403073064982891 -0.03041454963386059 
-0.3321990370750427 0.7669698596000671 0.5489998459815979 -0.1510730981826782 
0.2274155169725418 -0.4997535347938538 0.835780143737793 -0.2306394875049591 
0 0 0 1 

0.9092059731483459 0.4161617457866669 0.01240274589508772 -0.03765647113323212 
-0.330886036157608 0.7041783928871155 0.6282092332839966 -0.1751112639904022 
0.252703070640564 -0.5752754211425781 0.7779453992843628 -0.2167167663574219 
0 0 0 1 

0.9155632257461548 0.4011182188987732 0.02912198565900326 -0.04484182223677635 
-0.2960070371627808 0.6230816841125488 0.7239813208580017 -0.2052266299724579 
0.2722567617893219 -0.6714709401130676 0.6892045140266418 -0.1922286301851273 
0 0 0 1 

0.9254384636878967 0.3752234876155853 0.05263985320925713 -0.05324911698698997 
-0.2672382891178131 0.5478985905647278 0.7927108407020569 -0.2279625535011292 
0.2686025500297546 -0.7476724982261658 0.6073206067085266 -0.1674564480781555 
0 0 0 1 

0.9328464865684509 0.3570902347564697 0.04779043421149254 -0.05370922014117241 
-0.2251164764165878 0.4741699993610382 0.8511670231819153 -0.2482316941022873 
0.2812826633453369 -0.8047665953636169 0.5227147340774536 -0.1435661762952805 
0 0 0 1 

0.9428505301475525 0.328893780708313 0.05349546298384666 -0.05836281925439835 
-0.1927282214164734 0.4072954058647156 0.892729640007019 -0.2619768679141998 
0.2718248069286346 -0.8520207405090332 0.4474058151245117 -0.1224863901734352 
0 0 0 1 

0.9547111988067627 0.2929261326789856 0.05216088891029358 -0.06088727712631226 
-0.1548113971948624 0.3393467366695404 0.927834689617157 -0.2754073143005371 
0.254086434841156 -0.8938892483711243 0.3693264126777649 -0.09856998175382614 
0 0 0 1 

0.9600074887275696 0.2685551643371582 0.07914351671934128 -0.07125236839056015 
-0.1500809490680695 0.2549903392791748 0.9552253484725952 -0.2878274023532867 
0.2363499253988266 -0.9289014339447021 0.2850976586341858 -0.06871512532234192 
0 0 0 1 

0.994991660118103 0.09995811432600021 -7.97593456809409e-05 -0.05452940985560417 
-0.02444930747151375 0.2441441118717194 0.9694306254386902 -0.3002831935882568 
0.09692194312810898 -0.9645734429359436 0.2453652322292328 -0.05263233557343483 
0 0 0 1 

0.9972022175788879 0.06817693263292313 -0.03065885789692402 -0.04412616789340973 
0.01091312151402235 0.2729669809341431 0.9619618058204651 -0.3048419654369354 
0.07395236939191818 -0.9596047401428223 0.2714592516422272 -0.05998357757925987 
0 0 0 1 

