-0.4698735177516937 -0.4782316386699677 0.7419658303260803 -0.199165552854538 
-0.8826454877853394 0.2426546066999435 -0.402561217546463 0.1668963730335236 
0.01247606612741947 -0.8440456986427307 -0.5361260175704956 0.15738345682621 
0 0 0 1 

-0.4945768415927887 -0.5518652200698853 0.671444833278656 -0.1789846271276474 
-0.8691080212593079 0.3080834448337555 -0.3869570195674896 0.1618844419717789 
0.006687204819172621 -0.77493816614151 -0.6320013403892517 0.1891395747661591 
0 0 0 1 

-0.4697540700435638 -0.6113490462303162 0.6368539929389954 -0.172589436173439 
-0.8812961578369141 0.3668077886104584 -0.2979411780834198 0.1358474940061569 
-0.05145688354969025 -0.7012162208557129 -0.7110888957977295 0.2181427031755447 
0 0 0 1 

-0.5014609694480896 -0.6576706171035767 0.5621443390846252 -0.1505105644464493 
-0.864984393119812 0.3949244916439056 -0.3095749020576477 0.1378156989812851 
-0.01840625144541264 -0.6414858102798462 -0.766913890838623 0.2345242202281952 
0 0 0 1 

-0.6070780754089355 -0.6735856533050537 0.4215900897979736 -0.1025793105363846 
-0.7930147647857666 0.4796072542667389 -0.3756386041641235 0.152509018778801 
0.05082714930176735 -0.5623692870140076 -0.8253224492073059 0.2495843023061752 
0 0 0 1 

-0.6724388599395752 -0.6797612309455872 0.2928329706192017 -0.05878838524222374 
-0.7342633605003357 0.5628459453582764 -0.379554957151413 0.152001678943634 
0.09318682551383972 -0.470243901014328 -0.8776032328605652 0.2661930918693542 
0 0 0 1 

-0.7209341526031494 -0.653883159160614 0.2295438498258591 -0.03719979152083397 
-0.6880816221237183 0.6360006332397461 -0.3493519425392151 0.1423990875482559 
0.08244533091783524 -0.4098047316074371 -0.908439576625824 0.2779168486595154 
0 0 0 1 

-0.7684059143066406 -0.6267937421798706 0.1291586309671402 -0.002229915000498295 
-0.6308753490447998 0.7080163955688477 -0.3173469007015228 0.1313321441411972 
0.1074646413326263 -0.325334221124649 -0.9394727945327759 0.287775993347168 
0 0 0 1 

-0.803627610206604 -0.5926932692527771 0.05382849276065826 0.02309064939618111 
-0.5890166163444519 0.7791751623153687 -0.2143488824367523 0.09730573743581772 
0.08510129898786545 -0.2039625346660614 -0.9752730131149292 0.300450325012207 
0 0 0 1 

-0.8213402628898621 -0.5697076320648193 0.02887518145143986 0.0315445214509964 
-0.5644097328186035 0.8042771816253662 -0.1859574019908905 0.08860929310321808 
0.08271769434213638 -0.1690317243337631 -0.9821337461471558 0.3028763830661774 
0 0 0 1 

