1 0 0 -0.01792658120393753 
0 1 0 0.02243540808558464 
0 0 1 -0.3816788792610168 
0 0 0 1 

0.9956093430519104 0.05242098495364189 -0.07754986733198166 0.01480262540280819 
-0.05394755676388741 0.9983865022659302 -0.01772098429501057 0.02584192715585232 
0.07649577409029007 0.02182686887681484 0.996830940246582 -0.3787620067596436 
0 0 0 1 

0.9717209339141846 0.06804589927196503 -0.2261152416467667 0.07526170462369919 
-0.07383270561695099 0.9971218705177307 -0.01722449436783791 0.02643672004342079 
0.2242923974990845 0.03343213722109795 0.9739481806755066 -0.3689691722393036 
0 0 0 1 

0.9340844750404358 0.06009695306420326 -0.3519579172134399 0.1266737282276154 
-0.05809858813881874 0.9981786012649536 0.01624768413603306 0.0145121468231082 
0.3522933125495911 0.005271571222692728 0.9358747005462646 -0.3546874523162842 
0 0 0 1 

0.9071687459945679 0.07144980877637863 -0.414655864238739 0.1533021628856659 
-0.05850915238261223 0.9973235130310059 0.04384570941329002 0.007359997369349003 
0.4166788160800934 -0.0155142517760396 0.9089212417602539 -0.3427744507789612 
0 0 0 1 

0.7774425148963928 0.6156027913093567 0.1289040297269821 -0.02947361208498478 
-0.3636025488376617 0.2726731300354004 0.8907538056373596 -0.2466659396886826 
0.5132019519805908 -0.7393797039985657 0.4358224868774414 -0.1109609976410866 
0 0 0 1 

0.7611314058303833 0.6452131271362305 0.06617339700460434 -0.007506484631448984 
-0.4305458962917328 0.4263057112693787 0.7955460548400879 -0.2058575600385666 
0.4850867688655853 -0.6340057849884033 0.6022685766220093 -0.1554279178380966 
0 0 0 1 

0.737457275390625 0.675275981426239 0.0126133793964982 0.01039439532905817 
-0.5008899569511414 0.5342947244644165 0.6809099316596985 -0.1621789634227753 
0.453062891960144 -0.5084598660469055 0.7322584986686707 -0.1851894408464432 
0 0 0 1 

0.7271850109100342 0.6864399313926697 -0.001431005191989243 0.01428650785237551 
-0.5575444102287292 0.5918522477149963 0.5821124911308289 -0.1292920112609863 
0.400432288646698 -0.4225055873394012 0.8131069540977478 -0.2021197080612183 
0 0 0 1 

0.6997710466384888 0.7137514352798462 0.02965755946934223 0.003710025921463966 
-0.6395882368087769 0.6074876189231873 0.4710470736026764 -0.1000666692852974 
0.3181940615177155 -0.3485936522483826 0.881609320640564 -0.2154518514871597 
0 0 0 1 

