1.000000000000000000e+00 0.000000000000000000e+00 0.000000000000000000e+00 -1.792658120393753052e-02
0.000000000000000000e+00 1.000000000000000000e+00 0.000000000000000000e+00 2.243540808558464050e-02
0.000000000000000000e+00 0.000000000000000000e+00 1.000000000000000000e+00 -3.816788792610168457e-01
0.000000000000000000e+00 0.000000000000000000e+00 0.000000000000000000e+00 1.000000000000000000e+00
9.956094026565551758e-01 5.242088809609413147e-02 -7.754970341920852661e-02 1.480271574109792709e-02
-5.394743755459785461e-02 9.983865022659301758e-01 -1.772096939384937286e-02 2.584225311875343323e-02
7.649562507867813110e-02 2.182680182158946991e-02 9.968309402465820312e-01 -3.787623941898345947e-01
0.000000000000000000e+00 0.000000000000000000e+00 0.000000000000000000e+00 1.000000000000000000e+00
9.717209935188293457e-01 6.804585456848144531e-02 -2.261150777339935303e-01 7.526176422834396362e-02
-7.383264601230621338e-02 9.971218705177307129e-01 -1.722449436783790588e-02 2.643671631813049316e-02
2.242922335863113403e-01 3.343210369348526001e-02 9.739482402801513672e-01 -3.689691126346588135e-01
0.000000000000000000e+00 0.000000000000000000e+00 0.000000000000000000e+00 1.000000000000000000e+00
9.340845346450805664e-01 6.009692326188087463e-02 -3.519577383995056152e-01 1.266738027334213257e-01
-5.809855833649635315e-02 9.981786012649536133e-01 1.624767109751701355e-02 1.451214309781789780e-02
3.522931337356567383e-01 5.271563306450843811e-03 9.358747601509094238e-01 -3.546874225139617920e-01
0.000000000000000000e+00 0.000000000000000000e+00 0.000000000000000000e+00 1.000000000000000000e+00
9.071688652038574219e-01 7.144977152347564697e-02 -4.146556854248046875e-01 1.533022075891494751e-01
-5.850913003087043762e-02 9.973235130310058594e-01 4.384567588567733765e-02 7.359977811574935913e-03
4.166786372661590576e-01 -1.551425922662019730e-02 9.089213609695434570e-01 -3.427743315696716309e-01
0.000000000000000000e+00 0.000000000000000000e+00 0.000000000000000000e+00 1.000000000000000000e+00
1.686106026172637939e-01 9.030856192111968994e-02 -9.815367460250854492e-01 3.981838524341583252e-01
-4.078380391001701355e-02 9.955804944038391113e-01 8.459474891424179077e-02 -4.424490965902805328e-03
9.848384857177734375e-01 2.576725371181964874e-02 1.715485602617263794e-01 -6.378997862339019775e-02
0.000000000000000000e+00 0.000000000000000000e+00 0.000000000000000000e+00 1.000000000000000000e+00
1.567730754613876343e-01 1.068277955055236816e-01 -9.818403720855712891e-01 3.960617780685424805e-01
-3.380616009235382080e-02 9.941307902336120605e-01 1.027671396732330322e-01 -6.919199135154485703e-03
9.870559573173522949e-01 1.708113215863704681e-02 1.594644486904144287e-01 -5.202926322817802429e-02
0.000000000000000000e+00 0.000000000000000000e+00 0.000000000000000000e+00 1.000000000000000000e+00
1.500827223062515259e-01 1.020554900169372559e-01 -9.833919405937194824e-01 3.932724595069885254e-01
-3.019936755299568176e-02 9.946671724319458008e-01 9.861668199300765991e-02 -1.529385917820036411e-03
9.882119894027709961e-01 1.489716861397027969e-02 1.523644179105758667e-01 -4.120044410228729248e-02
0.000000000000000000e+00 0.000000000000000000e+00 0.000000000000000000e+00 1.000000000000000000e+00
1.667859405279159546e-01 9.722620248794555664e-02 -9.811877608299255371e-01 3.887264430522918701e-01
-3.933833539485931396e-02 9.949901700019836426e-01 9.190702438354492188e-02 2.931524999439716339e-03
9.852076768875122070e-01 2.326950430870056152e-02 1.697750836610794067e-01 -3.828170895576477051e-02
0.000000000000000000e+00 0.000000000000000000e+00 0.000000000000000000e+00 1.000000000000000000e+00
1.798034757375717163e-01 1.031423658132553101e-01 -9.782803058624267578e-01 3.857046067714691162e-01
-5.840309709310531616e-02 9.938529729843139648e-01 9.405006468296051025e-02 3.997204825282096863e-03
9.819673895835876465e-01 4.022409394383430481e-02 1.847221106290817261e-01 -3.420125320553779602e-02
0.000000000000000000e+00 0.000000000000000000e+00 0.000000000000000000e+00 1.000000000000000000e+00
1.970652490854263306e-01 9.464544802904129028e-02 -9.758111834526062012e-01 3.824824392795562744e-01
-8.132810890674591064e-02 9.934766888618469238e-01 7.993461191654205322e-02 1.159032527357339859e-02
9.770113229751586914e-01 6.360857933759689331e-02 2.034770846366882324e-01 -3.151243552565574646e-02
0.000000000000000000e+00 0.000000000000000000e+00 0.000000000000000000e+00 1.000000000000000000e+00
1.957318633794784546e-01 8.926199376583099365e-02 -9.765864610671997070e-01 3.816136419773101807e-01
-1.117972880601882935e-01 9.913874268531799316e-01 6.820793449878692627e-02 1.936272345483303070e-02
9.742639660835266113e-01 9.582927823066711426e-02 2.040253430604934692e-01 -2.271649055182933807e-02
0.000000000000000000e+00 0.000000000000000000e+00 0.000000000000000000e+00 1.000000000000000000e+00
2.046244442462921143e-01 1.032537072896957397e-01 -9.733793735504150391e-01 3.818916082382202148e-01
-1.136580631136894226e-01 9.902006983757019043e-01 8.114483207464218140e-02 1.815286464989185333e-02
9.722192287445068359e-01 9.402818232774734497e-02 2.143548429012298584e-01 -2.095508202910423279e-02
0.000000000000000000e+00 0.000000000000000000e+00 0.000000000000000000e+00 1.000000000000000000e+00
2.074179500341415405e-01 1.149903610348701477e-01 -9.714706540107727051e-01 3.832947909832000732e-01
-1.389747858047485352e-01 9.864587187767028809e-01 8.709209412336349487e-02 1.943843811750411987e-02
9.683303833007812500e-01 1.169454753398895264e-01 2.205899506807327271e-01 -1.732413284480571747e-02
0.000000000000000000e+00 0.000000000000000000e+00 0.000000000000000000e+00 1.000000000000000000e+00
2.241192013025283813e-01 1.214060112833976746e-01 -9.669700264930725098e-01 3.844847083091735840e-01
-1.558221280574798584e-01 9.839091300964355469e-01 8.741710335016250610e-02 2.202041074633598328e-02
9.620239138603210449e-01 1.310834735631942749e-01 2.394307404756546021e-01 -1.839054189622402191e-02
0.000000000000000000e+00 0.000000000000000000e+00 0.000000000000000000e+00 1.000000000000000000e+00
2.267879694700241089e-01 1.341560781002044678e-01 -9.646600484848022461e-01 3.867230713367462158e-01
-1.794426888227462769e-01 9.792670607566833496e-01 9.400114417076110840e-02 2.154395915567874908e-02
9.572709202766418457e-01 1.517828702926635742e-01 2.461592853069305420e-01 -1.257877796888351440e-02
0.000000000000000000e+00 0.000000000000000000e+00 0.000000000000000000e+00 1.000000000000000000e+00
2.508760988712310791e-01 1.394822448492050171e-01 -9.579174518585205078e-01 3.883869051933288574e-01
-1.934170871973037720e-01 9.768331646919250488e-01 9.158112108707427979e-02 2.540082670748233795e-02
9.484992623329162598e-01 1.623021513223648071e-01 2.720423638820648193e-01 -1.401032786816358566e-02
0.000000000000000000e+00 0.000000000000000000e+00 0.000000000000000000e+00 1.000000000000000000e+00
2.905430495738983154e-01 1.443627178668975830e-01 -9.459093213081359863e-01 3.886224925518035889e-01
-2.182724624872207642e-01 9.724889397621154785e-01 8.137528598308563232e-02 3.051094152033329010e-02
9.316340088844299316e-01 1.828228831291198730e-01 3.140603005886077881e-01 -2.158304862678050995e-02
0.000000000000000000e+00 0.000000000000000000e+00 0.000000000000000000e+00 1.000000000000000000e+00
3.552766442298889160e-01 1.705751419067382812e-01 -9.190659523010253906e-01 3.925330340862274170e-01
-2.400580197572708130e-01 9.668833613395690918e-01 8.665235340595245361e-02 2.802808955311775208e-02
9.034103751182556152e-01 1.898436695337295532e-01 3.844591081142425537e-01 -3.292437642812728882e-02
0.000000000000000000e+00 0.000000000000000000e+00 0.000000000000000000e+00 1.000000000000000000e+00
4.042696058750152588e-01 2.225242257118225098e-01 -8.871578574180603027e-01 4.077400863170623779e-01
-2.431583553552627563e-01 9.611962437629699707e-01 1.302902102470397949e-01 1.256936881691217422e-02
8.817256689071655273e-01 1.630475074052810669e-01 4.426910877227783203e-01 -3.980389609932899475e-02
0.000000000000000000e+00 0.000000000000000000e+00 0.000000000000000000e+00 1.000000000000000000e+00
4.236371517181396484e-01 2.445996254682540894e-01 -8.721824884414672852e-01 4.132434725761413574e-01
-2.712351679801940918e-01 9.529278278350830078e-01 1.354997903108596802e-01 1.273635588586330414e-02
8.642703294754028320e-01 1.791639178991317749e-01 4.700396358966827393e-01 -5.171310529112815857e-02
0.000000000000000000e+00 0.000000000000000000e+00 0.000000000000000000e+00 1.000000000000000000e+00
4.082990884780883789e-01 2.507060170173645020e-01 -8.777462840080261230e-01 4.043596386909484863e-01
-2.050792276859283447e-01 9.621593952178955078e-01 1.794203072786331177e-01 -7.230754010379314423e-03
8.895136117935180664e-01 1.067504063248634338e-01 4.442634284496307373e-01 -4.946207255125045776e-02
0.000000000000000000e+00 0.000000000000000000e+00 0.000000000000000000e+00 1.000000000000000000e+00
4.107612371444702148e-01 2.470150589942932129e-01 -8.776438832283020020e-01 3.985411524772644043e-01
-1.703222393989562988e-01 9.664438366889953613e-01 1.922926008701324463e-01 -1.358000840991735458e-02
8.956928849220275879e-01 7.049595564603805542e-02 4.390499293804168701e-01 -5.081571638584136963e-02
0.000000000000000000e+00 0.000000000000000000e+00 0.000000000000000000e+00 1.000000000000000000e+00
3.800390064716339111e-01 2.635371387004852295e-01 -8.866332173347473145e-01 3.772487044334411621e-01
-7.019239664077758789e-02 9.640060067176818848e-01 2.564482092857360840e-01 -4.566285759210586548e-02
9.223031997680664062e-01 -3.522535413503646851e-02 3.848580718040466309e-01 -3.956563770771026611e-02
0.000000000000000000e+00 0.000000000000000000e+00 0.000000000000000000e+00 1.000000000000000000e+00
3.780040740966796875e-01 2.979025840759277344e-01 -8.765655159950256348e-01 3.559467494487762451e-01
-3.647121042013168335e-02 9.508721828460693359e-01 3.074283003807067871e-01 -7.491449266672134399e-02
9.250852465629577637e-01 -8.423970639705657959e-02 3.702983558177947998e-01 -3.760127723217010498e-02
0.000000000000000000e+00 0.000000000000000000e+00 0.000000000000000000e+00 1.000000000000000000e+00
3.905876278877258301e-01 3.472753763198852539e-01 -8.525496721267700195e-01 3.371650576591491699e-01
5.048282910138368607e-03 9.252930879592895508e-01 3.792192935943603516e-01 -1.025599315762519836e-01
9.205518364906311035e-01 -1.524222642183303833e-01 3.596549630165100098e-01 -3.552730008959770203e-02
0.000000000000000000e+00 0.000000000000000000e+00 0.000000000000000000e+00 1.000000000000000000e+00
4.218353331089019775e-01 3.649526238441467285e-01 -8.299785256385803223e-01 3.219283521175384521e-01
5.183920636773109436e-02 9.042060375213623047e-01 4.239387810230255127e-01 -1.199207305908203125e-01
9.051892161369323730e-01 -2.218577563762664795e-01 3.625071644783020020e-01 -3.937055915594100952e-02
0.000000000000000000e+00 0.000000000000000000e+00 0.000000000000000000e+00 1.000000000000000000e+00
4.812595248222351074e-01 3.954822719097137451e-01 -7.822933197021484375e-01 2.979405224323272705e-01
1.195733770728111267e-01 8.544797897338867188e-01 5.055359601974487305e-01 -1.505028754472732544e-01
8.683844208717346191e-01 -3.368353545665740967e-01 3.639374077320098877e-01 -4.428801685571670532e-02
0.000000000000000000e+00 0.000000000000000000e+00 0.000000000000000000e+00 1.000000000000000000e+00
5.023920536041259766e-01 4.267208874225616455e-01 -7.520049810409545898e-01 2.830920517444610596e-01
1.370808035135269165e-01 8.194228410720825195e-01 5.565562844276428223e-01 -1.700827330350875854e-01
8.537042737007141113e-01 -3.826949000358581543e-01 3.531762361526489258e-01 -4.328026622533798218e-02
0.000000000000000000e+00 0.000000000000000000e+00 0.000000000000000000e+00 1.000000000000000000e+00
5.008906126022338867e-01 4.770859479904174805e-01 -7.221476435661315918e-01 2.664360105991363525e-01
1.605219095945358276e-01 7.686780691146850586e-01 6.191661357879638672e-01 -1.902247220277786255e-01
8.504946231842041016e-01 -4.260550737380981445e-01 3.084410130977630615e-01 -3.075857646763324738e-02
0.000000000000000000e+00 0.000000000000000000e+00 0.000000000000000000e+00 1.000000000000000000e+00
5.362380146980285645e-01 4.801642298698425293e-01 -6.941837668418884277e-01 2.518220245838165283e-01
1.608838140964508057e-01 7.492055296897888184e-01 6.425008773803710938e-01 -1.986766457557678223e-01
8.285923004150390625e-01 -4.562162756919860840e-01 3.245017230510711670e-01 -3.820090740919113159e-02
0.000000000000000000e+00 0.000000000000000000e+00 0.000000000000000000e+00 1.000000000000000000e+00
5.446369647979736328e-01 4.910836815834045410e-01 -6.798583269119262695e-01 2.406017482280731201e-01
1.754983365535736084e-01 7.259551286697387695e-01 6.649730801582336426e-01 -2.054833322763442993e-01
8.201040625572204590e-01 -4.814828336238861084e-01 3.091976940631866455e-01 -3.531507030129432678e-02
0.000000000000000000e+00 0.000000000000000000e+00 0.000000000000000000e+00 1.000000000000000000e+00
5.255097746849060059e-01 5.372222065925598145e-01 -6.597208380699157715e-01 2.270236015319824219e-01
1.766612678766250610e-01 6.896206736564636230e-01 7.022920250892639160e-01 -2.162406444549560547e-01
8.322440385818481445e-01 -4.856083691120147705e-01 2.674960494041442871e-01 -2.535036765038967133e-02
0.000000000000000000e+00 0.000000000000000000e+00 0.000000000000000000e+00 1.000000000000000000e+00
4.917240738868713379e-01 6.069805622100830078e-01 -6.243251562118530273e-01 2.046853154897689819e-01
1.437392681837081909e-01 6.505770683288574219e-01 7.457132935523986816e-01 -2.268710136413574219e-01
8.588051795959472656e-01 -4.564252495765686035e-01 2.326574772596359253e-01 -2.244659885764122009e-02
0.000000000000000000e+00 0.000000000000000000e+00 0.000000000000000000e+00 1.000000000000000000e+00
4.120095372200012207e-01 6.692031621932983398e-01 -6.183972954750061035e-01 1.976924538612365723e-01
1.352862119674682617e-01 6.262282729148864746e-01 7.678123712539672852e-01 -2.312982678413391113e-01
9.010804295539855957e-01 -4.000065922737121582e-01 1.674780249595642090e-01 -7.483724504709243774e-03
0.000000000000000000e+00 0.000000000000000000e+00 0.000000000000000000e+00 1.000000000000000000e+00
4.648495912551879883e-01 6.927341818809509277e-01 -5.513929128646850586e-01 1.723384559154510498e-01
1.288410574197769165e-01 5.632142424583435059e-01 8.162045478820800781e-01 -2.419229447841644287e-01
8.759649991989135742e-01 -4.504543244838714600e-01 1.725573241710662842e-01 -1.882510632276535034e-02
0.000000000000000000e+00 0.000000000000000000e+00 0.000000000000000000e+00 1.000000000000000000e+00
6.087688803672790527e-01 6.302447319030761719e-01 -4.818629324436187744e-01 1.471369117498397827e-01
1.233294382691383362e-01 5.248157978057861328e-01 8.422341346740722656e-01 -2.452003061771392822e-01
7.837029099464416504e-01 -5.721537470817565918e-01 2.417637854814529419e-01 -4.538382962346076965e-02
0.000000000000000000e+00 0.000000000000000000e+00 0.000000000000000000e+00 1.000000000000000000e+00
7.336487770080566406e-01 5.712646245956420898e-01 -3.679891824722290039e-01 1.079851910471916199e-01
5.210392177104949951e-02 4.926504492759704590e-01 8.686660528182983398e-01 -2.454851120710372925e-01
6.775282025337219238e-01 -6.564693450927734375e-01 3.316672444343566895e-01 -7.363075017929077148e-02
0.000000000000000000e+00 0.000000000000000000e+00 0.000000000000000000e+00 1.000000000000000000e+00
8.110001087188720703e-01 5.222525596618652344e-01 -2.636876404285430908e-01 8.124939352273941040e-02
-4.827778320759534836e-03 4.566713869571685791e-01 8.896223902702331543e-01 -2.430364042520523071e-01
5.850261449813842773e-01 -7.202107310295104980e-01 3.728818595409393311e-01 -8.582789450883865356e-02
0.000000000000000000e+00 0.000000000000000000e+00 0.000000000000000000e+00 1.000000000000000000e+00
8.097121715545654297e-01 5.655211806297302246e-01 -1.566908359527587891e-01 5.869086831808090210e-02
-8.267741650342941284e-02 3.742877840995788574e-01 9.236195683479309082e-01 -2.546317577362060547e-01
5.809739828109741211e-01 -7.349111437797546387e-01 3.498211503028869629e-01 -7.747005671262741089e-02
0.000000000000000000e+00 0.000000000000000000e+00 0.000000000000000000e+00 1.000000000000000000e+00
8.018144965171813965e-01 5.964195728302001953e-01 -3.710905835032463074e-02 2.764635160565376282e-02
-1.565370261669158936e-01 2.695648968219757080e-01 9.501740932464599609e-01 -2.709667980670928955e-01
5.767058134078979492e-01 -7.560545802116394043e-01 3.095028102397918701e-01 -6.273345649242401123e-02
0.000000000000000000e+00 0.000000000000000000e+00 0.000000000000000000e+00 1.000000000000000000e+00
8.152342438697814941e-01 5.759463310241699219e-01 6.065487489104270935e-02 -4.040704574435949326e-03
-1.890154778957366943e-01 1.656118929386138916e-01 9.679079055786132812e-01 -2.840645313262939453e-01
5.474178194999694824e-01 -8.005363345146179199e-01 2.438752502202987671e-01 -4.189068078994750977e-02
0.000000000000000000e+00 0.000000000000000000e+00 0.000000000000000000e+00 1.000000000000000000e+00
8.247197866439819336e-01 5.423158407211303711e-01 1.604083925485610962e-01 -4.204573109745979309e-02
-2.258905023336410522e-01 5.585519596934318542e-02 9.725500941276550293e-01 -2.916564345359802246e-01
5.184696316719055176e-01 -8.383160829544067383e-01 1.685689091682434082e-01 -1.891799643635749817e-02
0.000000000000000000e+00 0.000000000000000000e+00 0.000000000000000000e+00 1.000000000000000000e+00
8.387557268142700195e-01 4.942959547042846680e-01 2.283862978219985962e-01 -7.279627770185470581e-02
-2.314194142818450928e-01 -5.606548860669136047e-02 9.712373018264770508e-01 -2.984475195407867432e-01
4.928831458091735840e-01 -8.674838542938232422e-01 6.736445426940917969e-02 1.292430702596902847e-02
0.000000000000000000e+00 0.000000000000000000e+00 0.000000000000000000e+00 1.000000000000000000e+00
7.990378737449645996e-01 5.799460411071777344e-01 1.587485224008560181e-01 -4.341000691056251526e-02
-2.913134396076202393e-01 1.424267590045928955e-01 9.459656476974487305e-01 -2.730522453784942627e-01
5.259990096092224121e-01 -8.021078705787658691e-01 2.827505171298980713e-01 -6.618267297744750977e-02
0.000000000000000000e+00 0.000000000000000000e+00 0.000000000000000000e+00 1.000000000000000000e+00
7.774424552917480469e-01 6.156028509140014648e-01 1.289041191339492798e-01 -2.947362139821052551e-02
-3.636025488376617432e-01 2.726730108261108398e-01 8.907538056373596191e-01 -2.466659843921661377e-01
5.132020115852355957e-01 -7.393797039985656738e-01 4.358223974704742432e-01 -1.109609603881835938e-01
0.000000000000000000e+00 0.000000000000000000e+00 0.000000000000000000e+00 1.000000000000000000e+00
7.611314058303833008e-01 6.452132463455200195e-01 6.617338210344314575e-02 -7.506470661610364914e-03
-4.305459558963775635e-01 4.263056516647338867e-01 7.955461144447326660e-01 -2.058576345443725586e-01
4.850867986679077148e-01 -6.340058445930480957e-01 6.022685170173645020e-01 -1.554278880357742310e-01
0.000000000000000000e+00 0.000000000000000000e+00 0.000000000000000000e+00 1.000000000000000000e+00
7.374572753906250000e-01 6.752759814262390137e-01 1.261337939649820328e-02 1.039439998567104340e-02
-5.008899569511413574e-01 5.342947244644165039e-01 6.809099316596984863e-01 -1.621789634227752686e-01
4.530628919601440430e-01 -5.084598660469055176e-01 7.322584986686706543e-01 -1.851894259452819824e-01
0.000000000000000000e+00 0.000000000000000000e+00 0.000000000000000000e+00 1.000000000000000000e+00
7.271850109100341797e-01 6.864399313926696777e-01 -1.431030454114079475e-03 1.428652647882699966e-02
-5.575444102287292480e-01 5.918522477149963379e-01 5.821124911308288574e-01 -1.292921006679534912e-01
4.004322886466979980e-01 -4.225055575370788574e-01 8.131069540977478027e-01 -2.021197080612182617e-01
0.000000000000000000e+00 0.000000000000000000e+00 0.000000000000000000e+00 1.000000000000000000e+00
6.999495029449462891e-01 7.140967845916748047e-01 1.167093217372894287e-02 8.745640516281127930e-03
-6.357424259185791016e-01 6.155350208282470703e-01 4.657766222953796387e-01 -9.851076453924179077e-02
3.254258930683135986e-01 -3.334397673606872559e-01 8.848252892494201660e-01 -2.158571630716323853e-01
0.000000000000000000e+00 0.000000000000000000e+00 0.000000000000000000e+00 1.000000000000000000e+00
