-0.3803344368934631 0.04106467962265015 0.9239370226860046 -0.2556321024894714 
-0.9115232229232788 -0.1856214106082916 -0.366974264383316 0.1575071811676025 
0.1564328223466873 -0.9817628860473633 0.1080295667052269 -0.0414576567709446 
0 0 0 1 

-0.4003676474094391 -0.09625089913606644 0.9112853407859802 -0.2503364384174347 
-0.9106413722038269 -0.06908183544874191 -0.4073814451694489 0.1688605397939682 
0.1021642312407494 -0.9929566979408264 -0.05999167263507843 0.01317936554551125 
0 0 0 1 

-0.3890104293823242 -0.1859938353300095 0.9022620916366577 -0.2483022809028625 
-0.9171352386474609 -0.0140857882797718 -0.3983267843723297 0.1675277799367905 
0.08679559826850891 -0.9824497699737549 -0.1651017963886261 0.04473730176687241 
0 0 0 1 

-0.3945945501327515 -0.3215297758579254 0.8607633709907532 -0.2364749163389206 
-0.9149143099784851 0.05081653594970703 -0.4004366397857666 0.1690404117107391 
0.08501126617193222 -0.945534884929657 -0.3142241239547729 0.0902978926897049 
0 0 0 1 

-0.09497155994176865 -0.4869091212749481 0.8682737946510315 -0.2702862620353699 
-0.9954687356948853 0.05055376514792442 -0.0805351659655571 0.08315066993236542 
-0.004680945537984371 -0.8719881772994995 -0.489503800868988 0.1507209837436676 
0 0 0 1 

-0.1156431138515472 -0.4826656877994537 0.8681361079216003 -0.2692146301269531 
-0.9895861744880676 -0.01942889392375946 -0.1426235139369965 0.1018200218677521 
0.08570647984743118 -0.8755890130996704 -0.4753924310207367 0.1406389772891998 
0 0 0 1 

-0.1258099228143692 -0.4434002041816711 0.8874501585960388 -0.2741055488586426 
-0.9679803848266602 -0.1410075426101685 -0.2076787352561951 0.1215726211667061 
0.2172221839427948 -0.8851625323295593 -0.4114624857902527 0.1125429198145866 
0 0 0 1 

-0.1516636461019516 -0.2182636111974716 0.9640328288078308 -0.2952311635017395 
-0.9628283977508545 -0.1879281252622604 -0.1940223127603531 0.1153573170304298 
0.2235168665647507 -0.9576241970062256 -0.1816485673189163 0.03763525560498238 
0 0 0 1 

-0.1527900546789169 -0.1629673391580582 0.9747288823127747 -0.302528440952301 
-0.9446871876716614 -0.2655508816242218 -0.1924793124198914 0.1199225336313248 
0.2902082502841949 -0.9502230286598206 -0.1133793517947197 0.01208429597318172 
0 0 0 1 

-0.1585167646408081 -0.1785136759281158 0.9710848331451416 -0.3001910150051117 
-0.9341070652008057 -0.2915127575397491 -0.2060694098472595 0.1205797418951988 
0.3198699057102203 -0.9397625327110291 -0.1205410212278366 0.01140350196510553 
0 0 0 1 

