1.000000000000000000e+00 0.000000000000000000e+00 0.000000000000000000e+00 -4.096739311332171507e-01
0.000000000000000000e+00 -1.000000000000000000e+00 0.000000000000000000e+00 -1.964994255000929863e-02
0.000000000000000000e+00 0.000000000000000000e+00 -1.000000000000000000e+00 -2.664639050480994698e+00
0.000000000000000000e+00 0.000000000000000000e+00 0.000000000000000000e+00 1.000000000000000000e+00
9.962459802627563477e-01 -8.207520842552185059e-02 -2.752129174768924713e-02 -4.710245718043730156e-01
-8.164198696613311768e-02 -9.965249300003051758e-01 1.651354879140853882e-02 6.267918407521379243e-02
-2.878100052475929260e-02 -1.420466974377632141e-02 -9.994848966598510742e-01 -2.712964126706704171e+00
0.000000000000000000e+00 0.000000000000000000e+00 0.000000000000000000e+00 1.000000000000000000e+00
9.849155545234680176e-01 -1.650711148977279663e-01 -5.189329758286476135e-02 -5.211204131497617631e-01
-1.624753028154373169e-01 -9.854029417037963867e-01 5.081766843795776367e-02 2.043236648895148666e-01
-5.952437967061996460e-02 -4.161971062421798706e-02 -9.973589777946472168e-01 -2.701253856708036416e+00
0.000000000000000000e+00 0.000000000000000000e+00 0.000000000000000000e+00 1.000000000000000000e+00
9.644387364387512207e-01 -2.587799131870269775e-01 -5.376835539937019348e-02 -5.066460346077980015e-01
-2.544758915901184082e-01 -9.641157984733581543e-01 7.564644515514373779e-02 3.231552563573317771e-01
-7.141475379467010498e-02 -5.927354469895362854e-02 -9.956837296485900879e-01 -2.698681559782460937e+00
0.000000000000000000e+00 0.000000000000000000e+00 0.000000000000000000e+00 1.000000000000000000e+00
9.354531168937683105e-01 -3.467467427253723145e-01 -6.850814074277877808e-02 -5.188692049401294470e-01
-3.372856676578521729e-01 -9.336890578269958496e-01 1.202612072229385376e-01 4.930936236614151258e-01
-1.056655049324035645e-01 -8.939185738563537598e-02 -9.903755187988281250e-01 -2.672559583730482302e+00
0.000000000000000000e+00 0.000000000000000000e+00 0.000000000000000000e+00 1.000000000000000000e+00
8.896158933639526367e-01 -4.544240534305572510e-01 -4.562200978398323059e-02 -4.270173437608446587e-01
-4.453571736812591553e-01 -8.852990865707397461e-01 1.337986141443252563e-01 5.695775145741747147e-01
-1.011905074119567871e-01 -9.871132671833038330e-02 -9.899580478668212891e-01 -2.684262679333090595e+00
0.000000000000000000e+00 0.000000000000000000e+00 0.000000000000000000e+00 1.000000000000000000e+00
8.451489806175231934e-01 -5.338957309722900391e-01 -2.603805623948574066e-02 -3.447158799511964022e-01
-5.228672027587890625e-01 -8.358471393585205078e-01 1.672396361827850342e-01 7.017932868135376978e-01
-1.110524162650108337e-01 -1.277280002832412720e-01 -9.855726957321166992e-01 -2.671739219134930288e+00
0.000000000000000000e+00 0.000000000000000000e+00 0.000000000000000000e+00 1.000000000000000000e+00
7.904136776924133301e-01 -6.124235987663269043e-01 -1.353754103183746338e-02 -2.807817323606222049e-01
-6.021746397018432617e-01 -7.808607816696166992e-01 1.662597656250000000e-01 7.329601050176121069e-01
-1.123923584818840027e-01 -1.232619881629943848e-01 -9.859890937805175781e-01 -2.682079179486267950e+00
0.000000000000000000e+00 0.000000000000000000e+00 0.000000000000000000e+00 1.000000000000000000e+00
7.191814780235290527e-01 -6.946338415145874023e-01 1.619714684784412384e-02 -1.457058250460921411e-01
-6.872102022171020508e-01 -7.076674699783325195e-01 1.641598343849182129e-01 7.516440949396697713e-01
-1.025688350200653076e-01 -1.291915625333786011e-01 -9.863007068634033203e-01 -2.690507163287797265e+00
0.000000000000000000e+00 0.000000000000000000e+00 0.000000000000000000e+00 1.000000000000000000e+00
6.421002149581909180e-01 -7.664672136306762695e-01 1.534469705075025558e-02 -9.957535518418168807e-02
-7.607550024986267090e-01 -6.345881223678588867e-01 1.361956596374511719e-01 6.978148772449130899e-01
-9.465193003416061401e-02 -9.912478178739547729e-02 -9.905627965927124023e-01 -2.719103754103620929e+00
0.000000000000000000e+00 0.000000000000000000e+00 0.000000000000000000e+00 1.000000000000000000e+00
5.455486774444580078e-01 -8.376669883728027344e-01 2.629200369119644165e-02 -1.407907115435281034e-02
-8.356212973594665527e-01 -5.412803888320922852e-01 9.355320781469345093e-02 5.924769450731244280e-01
-6.413507461547851562e-02 -7.300798594951629639e-02 -9.952670931816101074e-01 -2.767383576446494686e+00
0.000000000000000000e+00 0.000000000000000000e+00 0.000000000000000000e+00 1.000000000000000000e+00
4.572480916976928711e-01 -8.867288231849670410e-01 6.808080524206161499e-02 1.661003778880716930e-01
-8.892438411712646484e-01 -4.547362327575683594e-01 4.960450157523155212e-02 4.698419579097838361e-01
-1.302694808691740036e-02 -8.322205394506454468e-02 -9.964459538459777832e-01 -2.808625592193487286e+00
0.000000000000000000e+00 0.000000000000000000e+00 0.000000000000000000e+00 1.000000000000000000e+00
3.518236279487609863e-01 -9.320483207702636719e-01 8.663232624530792236e-02 2.581212685283597597e-01
-9.359191060066223145e-01 -3.519016206264495850e-01 1.487862598150968552e-02 3.450912827392967341e-01
1.661844179034233093e-02 -8.631547540426254272e-02 -9.961289763450622559e-01 -2.822657331193964225e+00
0.000000000000000000e+00 0.000000000000000000e+00 0.000000000000000000e+00 1.000000000000000000e+00
2.719779908657073975e-01 -9.563922286033630371e-01 1.064950674772262573e-01 3.420832945951415294e-01
-9.595685005187988281e-01 -2.778769731521606445e-01 -4.486390203237533569e-02 1.343030252728381890e-01
7.250001281499862671e-02 -8.998730033636093140e-02 -9.933004975318908691e-01 -2.818105728770946339e+00
0.000000000000000000e+00 0.000000000000000000e+00 0.000000000000000000e+00 1.000000000000000000e+00
1.963265389204025269e-01 -9.715008139610290527e-01 1.328223794698715210e-01 4.317329611071029638e-01
-9.723750352859497070e-01 -2.103411704301834106e-01 -1.012154668569564819e-01 -5.832233667957188034e-02
1.262689232826232910e-01 -1.092818677425384521e-01 -9.859586358070373535e-01 -2.806673604588732385e+00
0.000000000000000000e+00 0.000000000000000000e+00 0.000000000000000000e+00 1.000000000000000000e+00
1.178131848573684692e-01 -9.838888645172119141e-01 1.344737261533737183e-01 4.527544934375260510e-01
-9.701846241950988770e-01 -1.429252028465270996e-01 -1.957404762506484985e-01 -3.569669009334154319e-01
2.118065059185028076e-01 -1.074035540223121643e-01 -9.713920950889587402e-01 -2.779038934721477450e+00
0.000000000000000000e+00 0.000000000000000000e+00 0.000000000000000000e+00 1.000000000000000000e+00
1.949145644903182983e-01 -9.733400344848632812e-01 1.209026873111724854e-01 4.047050450911916508e-01
-9.530320763587951660e-01 -2.170817553997039795e-01 -2.111984044313430786e-01 -3.977633797866663157e-01
2.318136245012283325e-01 -7.405859231948852539e-02 -9.699370861053466797e-01 -2.754559619428773143e+00
0.000000000000000000e+00 0.000000000000000000e+00 0.000000000000000000e+00 1.000000000000000000e+00
2.766547203063964844e-01 -9.532626271247863770e-01 1.214592680335044861e-01 3.855390254338985079e-01
-9.376694560050964355e-01 -2.954456806182861328e-01 -1.829958409070968628e-01 -2.961847621653830309e-01
2.103278040885925293e-01 -6.326201558113098145e-02 -9.755820035934448242e-01 -2.747125013543149308e+00
0.000000000000000000e+00 0.000000000000000000e+00 0.000000000000000000e+00 1.000000000000000000e+00
3.328790664672851562e-01 -9.346535801887512207e-01 1.249552071094512939e-01 3.794477907180934251e-01
-9.319353699684143066e-01 -3.462952375411987305e-01 -1.075927987694740295e-01 -5.091814868108662795e-02
1.438334733247756958e-01 -8.063486218452453613e-02 -9.863110184669494629e-01 -2.745609836283083194e+00
0.000000000000000000e+00 0.000000000000000000e+00 0.000000000000000000e+00 1.000000000000000000e+00
3.608326613903045654e-01 -9.191346764564514160e-01 1.580847650766372681e-01 4.655639636939742365e-01
-9.302209615707397461e-01 -3.668685555458068848e-01 -9.789897128939628601e-03 2.635856250156129454e-01
6.699454784393310547e-02 -1.435213238000869751e-01 -9.873770475387573242e-01 -2.708894036634590829e+00
0.000000000000000000e+00 0.000000000000000000e+00 0.000000000000000000e+00 1.000000000000000000e+00
4.000523388385772705e-01 -9.018918871879577637e-01 1.629387736320495605e-01 4.600900374698692619e-01
-9.164627194404602051e-01 -3.950988650321960449e-01 6.319319456815719604e-02 4.975630654526380647e-01
7.383422926068305969e-03 -1.746078878641128540e-01 -9.846106767654418945e-01 -2.670343799101392968e+00
0.000000000000000000e+00 0.000000000000000000e+00 0.000000000000000000e+00 1.000000000000000000e+00
4.510277211666107178e-01 -8.704758286476135254e-01 1.970899105072021484e-01 5.274865210048396147e-01
-8.907928466796875000e-01 -4.253571033477783203e-01 1.598723232746124268e-01 7.673849958321244946e-01
-5.533155798912048340e-02 -2.476731985807418823e-01 -9.672620892524719238e-01 -2.570528634234574561e+00
0.000000000000000000e+00 0.000000000000000000e+00 0.000000000000000000e+00 1.000000000000000000e+00
5.305227637290954590e-01 -8.285362720489501953e-01 1.790910959243774414e-01 4.234645386333159012e-01
-8.415153622627258301e-01 -4.893665015697479248e-01 2.288517206907272339e-01 9.453512018959865371e-01
-1.019705832004547119e-01 -2.721187472343444824e-01 -9.568452835083007812e-01 -2.504993009677489724e+00
0.000000000000000000e+00 0.000000000000000000e+00 0.000000000000000000e+00 1.000000000000000000e+00
5.889661312103271484e-01 -7.882604002952575684e-01 1.782275587320327759e-01 3.837459093111113551e-01
-7.965864539146423340e-01 -5.290530323982238770e-01 2.924938201904296875e-01 1.088598642845214126e+00
-1.362695693969726562e-01 -3.142422735691070557e-01 -9.395117759704589844e-01 -2.422990490534409513e+00
0.000000000000000000e+00 0.000000000000000000e+00 0.000000000000000000e+00 1.000000000000000000e+00
6.679084897041320801e-01 -7.271290421485900879e-01 1.586887240409851074e-01 2.714536073899195268e-01
-7.234063744544982910e-01 -5.841771960258483887e-01 3.679949939250946045e-01 1.234097464465517824e+00
-1.748776584863662720e-01 -3.605829179286956787e-01 -9.161857366561889648e-01 -2.319531836222697319e+00
0.000000000000000000e+00 0.000000000000000000e+00 0.000000000000000000e+00 1.000000000000000000e+00
7.357347011566162109e-01 -6.636453270912170410e-01 1.351645886898040771e-01 1.764930597027588588e-01
-6.438546776771545410e-01 -6.234512925148010254e-01 4.435750246047973633e-01 1.375901196176962493e+00
-2.101079374551773071e-01 -4.133799374103546143e-01 -8.859863281250000000e-01 -2.188499770348544260e+00
0.000000000000000000e+00 0.000000000000000000e+00 0.000000000000000000e+00 1.000000000000000000e+00
7.535220384597778320e-01 -6.458162069320678711e-01 1.229869648814201355e-01 1.256599284392645177e-01
-6.013904213905334473e-01 -6.015560626983642578e-01 5.257949233055114746e-01 1.550719980892685923e+00
-2.655833363533020020e-01 -4.701608121395111084e-01 -8.416734933853149414e-01 -1.997322948710109847e+00
0.000000000000000000e+00 0.000000000000000000e+00 0.000000000000000000e+00 1.000000000000000000e+00
7.853583693504333496e-01 -6.042683720588684082e-01 1.344310492277145386e-01 1.274027116896980227e-01
-5.366685986518859863e-01 -5.563693642616271973e-01 6.343812346458435059e-01 1.807643243957025136e+00
-3.085434734821319580e-01 -5.703613758087158203e-01 -7.612417340278625488e-01 -1.727820899816460587e+00
0.000000000000000000e+00 0.000000000000000000e+00 0.000000000000000000e+00 1.000000000000000000e+00
8.029724955558776855e-01 -5.822142958641052246e-01 1.275208443403244019e-01 9.624435271943876380e-02
-4.861551523208618164e-01 -5.160218477249145508e-01 7.052477598190307617e-01 1.981003556735382309e+00
-3.448019325733184814e-01 -6.282895803451538086e-01 -6.973979473114013672e-01 -1.512422075359371787e+00
0.000000000000000000e+00 0.000000000000000000e+00 0.000000000000000000e+00 1.000000000000000000e+00
8.345246911048889160e-01 -5.368897318840026855e-01 1.237661540508270264e-01 5.707417234598761296e-02
-4.185626804828643799e-01 -4.716944098472595215e-01 7.760858535766601562e-01 2.150420573095058963e+00
-3.582928180694580078e-01 -6.994670033454895020e-01 -6.183628439903259277e-01 -1.306585893034424739e+00
0.000000000000000000e+00 0.000000000000000000e+00 0.000000000000000000e+00 1.000000000000000000e+00
8.630202412605285645e-01 -4.977647960186004639e-01 8.617711812257766724e-02 -5.837593310225548671e-02
-3.325419127941131592e-01 -4.313636720180511475e-01 8.386543989181518555e-01 2.291478305585489483e+00
-3.802790045738220215e-01 -7.524333000183105469e-01 -5.378031730651855469e-01 -1.105540275708932541e+00
0.000000000000000000e+00 0.000000000000000000e+00 0.000000000000000000e+00 1.000000000000000000e+00
8.778294920921325684e-01 -4.751630425453186035e-01 6.029876321554183960e-02 -1.253334375898823572e-01
-2.469862699508666992e-01 -3.411947488784790039e-01 9.069637656211853027e-01 2.416687521242575798e+00
-4.103819727897644043e-01 -8.110525012016296387e-01 -4.168696701526641846e-01 -7.996592098741139854e-01
0.000000000000000000e+00 0.000000000000000000e+00 0.000000000000000000e+00 1.000000000000000000e+00
8.646035790443420410e-01 -5.019975304603576660e-01 2.141303382813930511e-02 -2.644266790208876783e-01
-9.869405627250671387e-02 -1.278880983591079712e-01 9.868655800819396973e-01 2.586628544452892697e+00
-4.926659464836120605e-01 -8.553612232208251953e-01 -1.601166129112243652e-01 -1.333799376798833758e-01
0.000000000000000000e+00 0.000000000000000000e+00 0.000000000000000000e+00 1.000000000000000000e+00
8.571420311927795410e-01 -5.138264894485473633e-01 3.590431809425354004e-02 -2.092444495616077038e-01
-1.088932156562805176e-01 -1.126371771097183228e-01 9.876508712768554688e-01 2.590221261248751183e+00
-5.034373402595520020e-01 -8.504675030708312988e-01 -1.524983197450637817e-01 -1.579118968282877122e-01
0.000000000000000000e+00 0.000000000000000000e+00 0.000000000000000000e+00 1.000000000000000000e+00
8.270539641380310059e-01 -5.618562102317810059e-01 1.730699464678764343e-02 -2.226448244627203810e-01
-1.020565778017044067e-01 -1.198083460330963135e-01 9.875375628471374512e-01 2.587665244683464039e+00
-5.527803897857666016e-01 -8.185126781463623047e-01 -1.564290076494216919e-01 -1.670775327169545521e-01
0.000000000000000000e+00 0.000000000000000000e+00 0.000000000000000000e+00 1.000000000000000000e+00
7.963630557060241699e-01 -6.029605865478515625e-01 4.738464206457138062e-02 -1.349739978023028197e-01
-2.427898794412612915e-01 -2.469420135021209717e-01 9.381219744682312012e-01 2.513629616425947066e+00
-5.539488792419433594e-01 -7.585900425910949707e-01 -3.430480659008026123e-01 -5.614364585381421691e-01
0.000000000000000000e+00 0.000000000000000000e+00 0.000000000000000000e+00 1.000000000000000000e+00
8.150708675384521484e-01 -5.747429132461547852e-01 7.300695776939392090e-02 -7.597994790597276116e-02
-3.047867715358734131e-01 -3.182032704353332520e-01 8.976925015449523926e-01 2.433745199750225296e+00
-4.927111268043518066e-01 -7.539345026016235352e-01 -4.345320761203765869e-01 -8.035635300065105957e-01
0.000000000000000000e+00 0.000000000000000000e+00 0.000000000000000000e+00 1.000000000000000000e+00
8.035399913787841797e-01 -5.880546569824218750e-01 9.227953106164932251e-02 -2.828267013927849433e-02
-3.713179230690002441e-01 -3.740229606628417969e-01 8.498407602310180664e-01 2.339038756754261872e+00
-4.652381539344787598e-01 -7.171464562416076660e-01 -5.188978314399719238e-01 -1.029270168001825247e+00
0.000000000000000000e+00 0.000000000000000000e+00 0.000000000000000000e+00 1.000000000000000000e+00
8.274838328361511230e-01 -5.571045875549316406e-01 7.003560662269592285e-02 -1.410939818407783430e-01
-4.549027085304260254e-01 -5.920512080192565918e-01 6.652361154556274414e-01 1.972940087441328094e+00
-3.291414976119995117e-01 -5.823314785957336426e-01 -7.433410882949829102e-01 -1.674702085300731502e+00
0.000000000000000000e+00 0.000000000000000000e+00 0.000000000000000000e+00 1.000000000000000000e+00
8.275033235549926758e-01 -5.593359470367431641e-01 4.879946261644363403e-02 -2.084958979112263022e-01
-4.724317193031311035e-01 -6.466882228851318359e-01 5.988342165946960449e-01 1.795553696751298611e+00
-3.033916056156158447e-01 -5.185917019844055176e-01 -7.993845343589782715e-01 -1.837885379299790234e+00
0.000000000000000000e+00 0.000000000000000000e+00 0.000000000000000000e+00 1.000000000000000000e+00
8.529893755912780762e-01 -5.196383595466613770e-01 4.882950708270072937e-02 -2.108377863479738434e-01
-4.632269442081451416e-01 -7.106283307075500488e-01 5.295547842979431152e-01 1.599638324484839114e+00
-2.404776364564895630e-01 -4.743238091468811035e-01 -8.468692898750305176e-01 -1.983209394000725601e+00
0.000000000000000000e+00 0.000000000000000000e+00 0.000000000000000000e+00 1.000000000000000000e+00
8.694272637367248535e-01 -4.940218031406402588e-01 6.241378840059041977e-03 -3.125723780989698164e-01
-4.572524428367614746e-01 -7.998036742210388184e-01 3.888879716396331787e-01 1.223189347133943894e+00
-1.871274411678314209e-01 -3.409636318683624268e-01 -9.212638139724731445e-01 -2.193799579499056129e+00
0.000000000000000000e+00 0.000000000000000000e+00 0.000000000000000000e+00 1.000000000000000000e+00
8.772346377372741699e-01 -4.799859523773193359e-01 8.546434342861175537e-03 -2.913269218300029717e-01
-4.658595919609069824e-01 -8.468486070632934570e-01 2.565585076808929443e-01 8.801939577464534814e-01
-1.159070283174514771e-01 -2.290435582399368286e-01 -9.664908051490783691e-01 -2.336583720025837696e+00
0.000000000000000000e+00 0.000000000000000000e+00 0.000000000000000000e+00 1.000000000000000000e+00
8.798353075981140137e-01 -4.752233326435089111e-01 7.258128840476274490e-03 -2.587655458996098168e-01
-4.750133454799652100e-01 -8.787305355072021484e-01 4.684380441904067993e-02 3.328351032866347370e-01
-1.588334888219833374e-02 -4.466253146529197693e-02 -9.988756179809570312e-01 -2.462728090615424748e+00
0.000000000000000000e+00 0.000000000000000000e+00 0.000000000000000000e+00 1.000000000000000000e+00
8.876965045928955078e-01 -4.603297114372253418e-01 9.532698430120944977e-03 -2.371259979855672995e-01
-4.594019949436187744e-01 -8.869096040725708008e-01 -4.838303104043006897e-02 7.324305111895093590e-02
3.072678856551647186e-02 3.857013583183288574e-02 -9.987833499908447266e-01 -2.488149735236690141e+00
0.000000000000000000e+00 0.000000000000000000e+00 0.000000000000000000e+00 1.000000000000000000e+00
8.951179385185241699e-01 -4.458171129226684570e-01 -3.275611205026507378e-03 -2.656051253120638722e-01
-4.411890804767608643e-01 -8.847208023071289062e-01 -1.504026055335998535e-01 -2.196986982384324105e-01
6.415411829948425293e-02 1.360732316970825195e-01 -9.886195659637451172e-01 -2.478193605074525685e+00
0.000000000000000000e+00 0.000000000000000000e+00 0.000000000000000000e+00 1.000000000000000000e+00
8.984404802322387695e-01 -4.390940070152282715e-01 1.359681598842144012e-03 -2.521369730635638629e-01
-4.239632785320281982e-01 -8.682783246040344238e-01 -2.575813531875610352e-01 -5.319406595024779305e-01
1.142828986048698425e-01 2.308447360992431641e-01 -9.662557840347290039e-01 -2.435168751906792828e+00
0.000000000000000000e+00 0.000000000000000000e+00 0.000000000000000000e+00 1.000000000000000000e+00
9.030623435974121094e-01 -4.294891953468322754e-01 4.216887056827545166e-03 -2.412427561243549734e-01
-3.975569903850555420e-01 -8.395544886589050293e-01 -3.702647089958190918e-01 -8.810973029519294508e-01
1.625650525093078613e-01 3.326955437660217285e-01 -9.289166927337646484e-01 -2.344822962023344726e+00
0.000000000000000000e+00 0.000000000000000000e+00 0.000000000000000000e+00 1.000000000000000000e+00
9.081840515136718750e-01 -4.185023903846740723e-01 7.527768611907958984e-03 -2.444997594738418378e-01
-3.692939579486846924e-01 -8.096044659614562988e-01 -4.562477469444274902e-01 -1.143863352776231190e+00
1.970355808734893799e-01 4.115772545337677002e-01 -8.898209333419799805e-01 -2.257967791761065435e+00
0.000000000000000000e+00 0.000000000000000000e+00 0.000000000000000000e+00 1.000000000000000000e+00
9.197167158126831055e-01 -3.925800025463104248e-01 1.277168630622327328e-03 -2.882061975133544118e-01
-3.275715410709381104e-01 -7.692029476165771484e-01 -5.486557483673095703e-01 -1.428539594258226408e+00
2.163738757371902466e-01 5.041896104812622070e-01 -8.360471725463867188e-01 -2.134556590131768683e+00
0.000000000000000000e+00 0.000000000000000000e+00 0.000000000000000000e+00 1.000000000000000000e+00
9.127081036567687988e-01 -4.079666137695312500e-01 -2.295073680579662323e-02 -3.639079757787820890e-01
-3.301954567432403564e-01 -7.033011913299560547e-01 -6.295538544654846191e-01 -1.653644134861178339e+00
2.406958937644958496e-01 5.821769833564758301e-01 -7.766173481941223145e-01 -2.000485339711564503e+00
0.000000000000000000e+00 0.000000000000000000e+00 0.000000000000000000e+00 1.000000000000000000e+00
9.208654761314392090e-01 -3.877585828304290771e-01 -4.062166064977645874e-02 -4.328312259828373532e-01
-2.942349016666412354e-01 -6.228173375129699707e-01 -7.249308824539184570e-01 -1.933734764523451721e+00
2.557983100414276123e-01 6.795162558555603027e-01 -6.876230835914611816e-01 -1.771632453105928651e+00
0.000000000000000000e+00 0.000000000000000000e+00 0.000000000000000000e+00 1.000000000000000000e+00
9.300044775009155273e-01 -3.621039688587188721e-01 -6.301964074373245239e-02 -5.106111646452551334e-01
-2.669661641120910645e-01 -5.476524829864501953e-01 -7.929726839065551758e-01 -2.141397382522115311e+00
2.526257038116455078e-01 7.542927861213684082e-01 -6.059892177581787109e-01 -1.541714444623794256e+00
0.000000000000000000e+00 0.000000000000000000e+00 0.000000000000000000e+00 1.000000000000000000e+00
9.390125870704650879e-01 -3.398655354976654053e-01 -5.240932106971740723e-02 -4.966156080556733410e-01
-2.199499905109405518e-01 -4.764299392700195312e-01 -8.512556552886962891e-01 -2.328579169308749197e+00
2.643432319164276123e-01 8.108673095703125000e-01 -5.221272110939025879e-01 -1.323299062562072193e+00
0.000000000000000000e+00 0.000000000000000000e+00 0.000000000000000000e+00 1.000000000000000000e+00
9.512641429901123047e-01 -3.035061359405517578e-01 -5.459203571081161499e-02 -5.350993099638788886e-01
-1.825974434614181519e-01 -4.117110967636108398e-01 -8.928337097167968750e-01 -2.460152626147070531e+00
2.485043406486511230e-01 8.592891693115234375e-01 -4.470655620098114014e-01 -1.124220057571763132e+00
0.000000000000000000e+00 0.000000000000000000e+00 0.000000000000000000e+00 1.000000000000000000e+00
9.608464837074279785e-01 -2.724381089210510254e-01 -5.051104351878166199e-02 -5.474604839434858983e-01
-1.496908366680145264e-01 -3.569869399070739746e-01 -9.220374226570129395e-01 -2.560679159977001351e+00
2.331663519144058228e-01 8.934974670410156250e-01 -3.837911188602447510e-01 -9.464254161521272746e-01
0.000000000000000000e+00 0.000000000000000000e+00 0.000000000000000000e+00 1.000000000000000000e+00
9.680104255676269531e-01 -2.435265183448791504e-01 -6.042075157165527344e-02 -5.982287524579921190e-01
-1.299569457769393921e-01 -2.806302607059478760e-01 -9.509772658348083496e-01 -2.687515031971382751e+00
2.146323025226593018e-01 9.284079670906066895e-01 -3.033010363578796387e-01 -6.838490739159326370e-01
0.000000000000000000e+00 0.000000000000000000e+00 0.000000000000000000e+00 1.000000000000000000e+00
9.784724712371826172e-01 -2.014330327510833740e-01 -4.490160197019577026e-02 -5.830558015920409565e-01
-8.362012356519699097e-02 -1.880507022142410278e-01 -9.785930514335632324e-01 -2.804514531030128932e+00
1.886772364377975464e-01 9.612811207771301270e-01 -2.008462846279144287e-01 -3.476547015620773395e-01
0.000000000000000000e+00 0.000000000000000000e+00 0.000000000000000000e+00 1.000000000000000000e+00
9.947764277458190918e-01 -1.020618379116058350e-01 1.756216050125658512e-03 -4.817400497032963691e-01
-1.195134781301021576e-02 -1.335395127534866333e-01 -9.909712672233581543e-01 -2.863442260878271028e+00
1.013748869299888611e-01 9.857739210128784180e-01 -1.340617835521697998e-01 -1.544058591540495295e-01
0.000000000000000000e+00 0.000000000000000000e+00 0.000000000000000000e+00 1.000000000000000000e+00
9.960657954216003418e-01 -8.856804668903350830e-02 2.934005577117204666e-03 -4.823384909130520315e-01
-1.882774196565151215e-02 -2.438640892505645752e-01 -9.696266055107116699e-01 -2.811904710847846989e+00
8.659343421459197998e-02 9.657566547393798828e-01 -2.445722073316574097e-01 -4.835668399249828941e-01
0.000000000000000000e+00 0.000000000000000000e+00 0.000000000000000000e+00 1.000000000000000000e+00
9.976740479469299316e-01 -3.358133509755134583e-02 5.932026728987693787e-02 -3.121369474458312032e-01
4.693953692913055420e-02 -2.925899028778076172e-01 -9.550852775573730469e-01 -2.878225931773426893e+00
4.942955076694488525e-02 9.556481838226318359e-01 -2.903330624103546143e-01 -6.028252389737517314e-01
0.000000000000000000e+00 0.000000000000000000e+00 0.000000000000000000e+00 1.000000000000000000e+00
9.897270202636718750e-01 5.081640928983688354e-02 1.336337924003601074e-01 -4.255056921773221063e-02
1.425021439790725708e-01 -2.751120030879974365e-01 -9.507925510406494141e-01 -2.973214383722183385e+00
-1.155162416398525238e-02 9.600681662559509277e-01 -2.795271575450897217e-01 -5.413656716547337044e-01
0.000000000000000000e+00 0.000000000000000000e+00 0.000000000000000000e+00 1.000000000000000000e+00
9.697867035865783691e-01 7.407859712839126587e-02 2.324352413415908813e-01 2.687071933907504429e-01
2.436841875314712524e-01 -2.493205219507217407e-01 -9.372605681419372559e-01 -3.021682671930769448e+00
-1.148005109280347824e-02 9.655836224555969238e-01 -2.598395049571990967e-01 -4.692353284430080818e-01
0.000000000000000000e+00 0.000000000000000000e+00 0.000000000000000000e+00 1.000000000000000000e+00
9.772123694419860840e-01 -2.345232293009757996e-03 2.122513502836227417e-01 1.739976288426552664e-01
2.010815292596817017e-01 -3.100508153438568115e-01 -9.292119145393371582e-01 -2.986599875200702137e+00
6.798786669969558716e-02 9.507170319557189941e-01 -3.025138378143310547e-01 -6.535319387528449875e-01
0.000000000000000000e+00 0.000000000000000000e+00 0.000000000000000000e+00 1.000000000000000000e+00
9.867199659347534180e-01 -1.152698695659637451e-01 1.144404187798500061e-01 -1.687500196809118835e-01
6.392344087362289429e-02 -3.721256256103515625e-01 -9.259785413742065430e-01 -2.912538032803737575e+00
1.493236422538757324e-01 9.209968447685241699e-01 -3.598153293132781982e-01 -9.249069879100189073e-01
0.000000000000000000e+00 0.000000000000000000e+00 0.000000000000000000e+00 1.000000000000000000e+00
9.799449443817138672e-01 -1.974068135023117065e-01 2.717406488955020905e-02 -4.556398037932282152e-01
-3.635540232062339783e-02 -3.111957609653472900e-01 -9.496501088142395020e-01 -2.930164972044862814e+00
1.959238797426223755e-01 9.296168088912963867e-01 -3.121315240859985352e-01 -8.208625165662323253e-01
0.000000000000000000e+00 0.000000000000000000e+00 0.000000000000000000e+00 1.000000000000000000e+00
9.239208102226257324e-01 -3.717791438102722168e-01 -9.027615934610366821e-02 -7.943127920164230193e-01
-2.214123010635375977e-01 -3.271680474281311035e-01 -9.186607599258422852e-01 -2.744714008307539643e+00
3.120035827159881592e-01 8.687583804130554199e-01 -3.845939040184020996e-01 -1.134892385617464416e+00
0.000000000000000000e+00 0.000000000000000000e+00 0.000000000000000000e+00 1.000000000000000000e+00
8.784534335136413574e-01 -4.688292741775512695e-01 -9.229518473148345947e-02 -7.835543712180099707e-01
-2.787858247756958008e-01 -3.460050821304321289e-01 -8.958565592765808105e-01 -2.640191611810878136e+00
3.880693018436431885e-01 8.126993775367736816e-01 -4.346522390842437744e-01 -1.361490304353994318e+00
0.000000000000000000e+00 0.000000000000000000e+00 0.000000000000000000e+00 1.000000000000000000e+00
8.436242938041687012e-01 -5.333905816078186035e-01 -6.159439682960510254e-02 -6.772732129181534555e-01
-3.303958773612976074e-01 -4.252605438232421875e-01 -8.426107168197631836e-01 -2.454170007648528884e+00
4.232462048530578613e-01 7.311964631080627441e-01 -5.349897742271423340e-01 -1.699273012112347381e+00
0.000000000000000000e+00 0.000000000000000000e+00 0.000000000000000000e+00 1.000000000000000000e+00
8.110224604606628418e-01 -5.826692581176757812e-01 -5.232358351349830627e-02 -6.267373189529339417e-01
-4.176422357559204102e-01 -5.140397548675537109e-01 -7.492246627807617188e-01 -2.117123503301185927e+00
4.096542000770568848e-01 6.294909119606018066e-01 -6.602455973625183105e-01 -2.081098371494771726e+00
0.000000000000000000e+00 0.000000000000000000e+00 0.000000000000000000e+00 1.000000000000000000e+00
7.777005434036254883e-01 -6.280654072761535645e-01 -2.674876153469085693e-02 -5.376448408733871531e-01
-5.035148859024047852e-01 -5.968720912933349609e-01 -6.246729493141174316e-01 -1.678215061672794217e+00
3.763699233531951904e-01 4.992767572402954102e-01 -7.804275751113891602e-01 -2.427143638037824847e+00
0.000000000000000000e+00 0.000000000000000000e+00 0.000000000000000000e+00 1.000000000000000000e+00
7.544910907745361328e-01 -6.558330059051513672e-01 -2.502257190644741058e-02 -5.169468462114082952e-01
-5.665863156318664551e-01 -6.316292881965637207e-01 -5.291731357574462891e-01 -1.344370545474386835e+00
3.312441110610961914e-01 4.134336709976196289e-01 -8.481444120407104492e-01 -2.611881025305556214e+00
0.000000000000000000e+00 0.000000000000000000e+00 0.000000000000000000e+00 1.000000000000000000e+00
6.577818393707275391e-01 -7.529895901679992676e-01 -1.814273558557033539e-02 -4.354046611539416634e-01
-6.730718612670898438e-01 -5.768160223960876465e-01 -4.628803133964538574e-01 -1.068851868685491757e+00
3.380792438983917236e-01 3.166854679584503174e-01 -8.862354159355163574e-01 -2.748980974616032746e+00
0.000000000000000000e+00 0.000000000000000000e+00 0.000000000000000000e+00 1.000000000000000000e+00
5.876341462135314941e-01 -8.090101480484008789e-01 1.373896934092044830e-02 -2.901776042766733843e-01
-7.396105527877807617e-01 -5.439557433128356934e-01 -3.963434696197509766e-01 -8.201732974002817755e-01
3.281195163726806641e-01 2.227435111999511719e-01 -9.179999828338623047e-01 -2.852729640091527408e+00
0.000000000000000000e+00 0.000000000000000000e+00 0.000000000000000000e+00 1.000000000000000000e+00
5.427903532981872559e-01 -8.383377790451049805e-01 5.067939683794975281e-02 -1.402414014475368287e-01
-7.822016477584838867e-01 -5.265745520591735840e-01 -3.329862356185913086e-01 -5.874608271607539844e-01
3.058416247367858887e-01 1.411002576351165771e-01 -9.415691494941711426e-01 -2.915396058101504817e+00
0.000000000000000000e+00 0.000000000000000000e+00 0.000000000000000000e+00 1.000000000000000000e+00
5.022989511489868164e-01 -8.576956987380981445e-01 1.097881942987442017e-01 7.471684438231777914e-02
-8.205298185348510742e-01 -5.128451585769653320e-01 -2.524293363094329834e-01 -3.119846793638834104e-01
2.728120386600494385e-01 3.671056777238845825e-02 -9.613667130470275879e-01 -2.964573231828413036e+00
0.000000000000000000e+00 0.000000000000000000e+00 0.000000000000000000e+00 1.000000000000000000e+00
4.383617043495178223e-01 -8.840757012367248535e-01 1.620158404111862183e-01 2.875277727762451385e-01
-8.583901524543762207e-01 -4.652374684810638428e-01 -2.161493897438049316e-01 -1.694677937133836632e-01
2.664681971073150635e-01 -4.432125389575958252e-02 -9.628242850303649902e-01 -2.967024943712530227e+00
0.000000000000000000e+00 0.000000000000000000e+00 0.000000000000000000e+00 1.000000000000000000e+00
3.582337498664855957e-01 -8.985482454299926758e-01 2.535331249237060547e-01 6.333727770908349486e-01
-8.928520679473876953e-01 -4.090935587882995605e-01 -1.883010417222976685e-01 -5.774719285509659350e-02
2.729165554046630859e-01 -1.589119881391525269e-01 -9.488220214843750000e-01 -2.924848876786276808e+00
0.000000000000000000e+00 0.000000000000000000e+00 0.000000000000000000e+00 1.000000000000000000e+00
2.979232072830200195e-01 -8.852261900901794434e-01 3.572337329387664795e-01 9.898753467515423177e-01
-9.127914905548095703e-01 -3.737038671970367432e-01 -1.647961437702178955e-01 2.694324998851062997e-02
2.793813943862915039e-01 -2.769831418991088867e-01 -9.193618297576904297e-01 -2.839515782241812669e+00
0.000000000000000000e+00 0.000000000000000000e+00 0.000000000000000000e+00 1.000000000000000000e+00
2.711569666862487793e-01 -8.555133938789367676e-01 4.411014616489410400e-01 1.261279852323305972e+00
-9.330397844314575195e-01 -3.461996316909790039e-01 -9.788700938224792480e-02 2.485680791566101111e-01
2.364527732133865356e-01 -3.850225210189819336e-01 -8.921028971672058105e-01 -2.724709164932428429e+00
0.000000000000000000e+00 0.000000000000000000e+00 0.000000000000000000e+00 1.000000000000000000e+00
1.792892366647720337e-01 -7.809123396873474121e-01 5.983567833900451660e-01 1.795069405897874892e+00
-9.609479904174804688e-01 -2.693293094635009766e-01 -6.356561928987503052e-02 3.621327498712354487e-01
2.107943147420883179e-01 -5.635931491851806641e-01 -7.987045049667358398e-01 -2.424457930466850097e+00
0.000000000000000000e+00 0.000000000000000000e+00 0.000000000000000000e+00 1.000000000000000000e+00
1.352387517690658569e-01 -6.810578107833862305e-01 7.196324467658996582e-01 2.190743281242953699e+00
-9.742503762245178223e-01 -2.236510962247848511e-01 -2.857429720461368561e-02 4.734888965835524210e-01
1.804072260856628418e-01 -6.972376704216003418e-01 -6.937671899795532227e-01 -2.093002212217886182e+00
0.000000000000000000e+00 0.000000000000000000e+00 0.000000000000000000e+00 1.000000000000000000e+00
1.115490794181823730e-01 -5.811399221420288086e-01 8.061221837997436523e-01 2.460797068787395681e+00
-9.835613369941711426e-01 -1.804772317409515381e-01 5.995155777782201767e-03 5.776807189848649493e-01
1.420025676488876343e-01 -7.935390472412109375e-01 -5.917183160781860352e-01 -1.768744620722898064e+00
0.000000000000000000e+00 0.000000000000000000e+00 0.000000000000000000e+00 1.000000000000000000e+00
8.423192799091339111e-02 -5.090790987014770508e-01 8.565880656242370605e-01 2.629583566108782300e+00
-9.895437955856323242e-01 -1.437443643808364868e-01 1.187715027481317520e-02 6.067364021639074512e-01
1.170832216739654541e-01 -8.486317992210388184e-01 -5.158644914627075195e-01 -1.526914631337505046e+00
0.000000000000000000e+00 0.000000000000000000e+00 0.000000000000000000e+00 1.000000000000000000e+00
1.552691310644149780e-01 -5.218575596809387207e-01 8.387825489044189453e-01 2.515723417202608392e+00
-9.874954223632812500e-01 -1.054435521364212036e-01 1.171948090195655823e-01 9.177110132625321270e-01
2.728518098592758179e-02 -8.464903235435485840e-01 -5.317040085792541504e-01 -1.506282585931610019e+00
0.000000000000000000e+00 0.000000000000000000e+00 0.000000000000000000e+00 1.000000000000000000e+00
2.644810974597930908e-01 -5.833563804626464844e-01 7.679482698440551758e-01 2.234033725034036522e+00
-9.598318934440612793e-01 -8.189122378826141357e-02 2.683586776256561279e-01 1.352302538000539123e+00
-9.366054832935333252e-02 -8.080776929855346680e-01 -5.815829634666442871e-01 -1.560216522215001733e+00
0.000000000000000000e+00 0.000000000000000000e+00 0.000000000000000000e+00 1.000000000000000000e+00
3.216518163681030273e-01 -6.194460988044738770e-01 7.161192893981933594e-01 2.051278402646846910e+00
-9.295363426208496094e-01 -6.257561594247817993e-02 3.633822500705718994e-01 1.607621771669000665e+00
-1.802838593721389771e-01 -7.825409770011901855e-01 -5.959247350692749023e-01 -1.539398356419029223e+00
0.000000000000000000e+00 0.000000000000000000e+00 0.000000000000000000e+00 1.000000000000000000e+00
3.665871918201446533e-01 -6.453148126602172852e-01 6.702105998992919922e-01 1.887126979087245138e+00
-8.901917934417724609e-01 -3.384108096361160278e-02 4.543269872665405273e-01 1.847185755652889005e+00
-2.705034017562866211e-01 -7.631666660308837891e-01 -5.868598222732543945e-01 -1.449015038925425047e+00
0.000000000000000000e+00 0.000000000000000000e+00 0.000000000000000000e+00 1.000000000000000000e+00
4.213066399097442627e-01 -6.422297954559326172e-01 6.403446793556213379e-01 1.752182107977664050e+00
-8.405847549438476562e-01 -1.145950518548488617e-02 5.415592193603515625e-01 2.058536013226042183e+00
-3.404672443866729736e-01 -7.664266824722290039e-01 -5.446770191192626953e-01 -1.261800001572439101e+00
0.000000000000000000e+00 0.000000000000000000e+00 0.000000000000000000e+00 1.000000000000000000e+00
5.191472172737121582e-01 -6.450620293617248535e-01 5.606973767280578613e-01 1.465111066887983648e+00
-7.339391112327575684e-01 -2.916430821642279625e-04 6.792153120040893555e-01 2.361222265307984625e+00
-4.379722774028778076e-01 -7.641304731369018555e-01 -4.735874533653259277e-01 -9.568129068773580936e-01
0.000000000000000000e+00 0.000000000000000000e+00 0.000000000000000000e+00 1.000000000000000000e+00
6.242341399192810059e-01 -6.844376921653747559e-01 3.766646087169647217e-01 8.590312638510589904e-01
-5.774944424629211426e-01 -7.955182343721389771e-02 8.125096559524536133e-01 2.662548279490910996e+00
-5.261478424072265625e-01 -7.247182130813598633e-01 -4.449179470539093018e-01 -8.005415916048326253e-01
0.000000000000000000e+00 0.000000000000000000e+00 0.000000000000000000e+00 1.000000000000000000e+00
6.274524331092834473e-01 -7.296151518821716309e-01 2.719663381576538086e-01 5.810458020478643792e-01
-5.018085241317749023e-01 -1.118262931704521179e-01 8.577198386192321777e-01 2.744823701622555401e+00
-5.953920483589172363e-01 -6.746533513069152832e-01 -4.362927079200744629e-01 -7.320221081328465162e-01
0.000000000000000000e+00 0.000000000000000000e+00 0.000000000000000000e+00 1.000000000000000000e+00
5.953909754753112793e-01 -7.807123064994812012e-01 1.897300779819488525e-01 3.972575045972878693e-01
-3.936902880668640137e-01 -7.764025032520294189e-02 9.159584641456604004e-01 2.849119000890107944e+00
-7.003695368766784668e-01 -6.200483441352844238e-01 -3.535852134227752686e-01 -4.718233193599634667e-01
0.000000000000000000e+00 0.000000000000000000e+00 0.000000000000000000e+00 1.000000000000000000e+00
4.292921423912048340e-01 -9.017280936241149902e-01 5.093051865696907043e-02 1.533270038117969525e-01
-2.307130992412567139e-01 -5.496783927083015442e-02 9.714680314064025879e-01 2.921550323813437711e+00
-8.732007741928100586e-01 -4.287938475608825684e-01 -2.316379398107528687e-01 -1.128456779125852349e-01
0.000000000000000000e+00 0.000000000000000000e+00 0.000000000000000000e+00 1.000000000000000000e+00
3.167951405048370361e-01 -9.437323212623596191e-01 -9.492527693510055542e-02 -2.344407043220573805e-01
-2.585388720035552979e-01 -1.822082251310348511e-01 9.486612677574157715e-01 2.936177537686837979e+00
-9.125782251358032227e-01 -2.759891152381896973e-01 -3.017141520977020264e-01 -3.749107495757594277e-01
0.000000000000000000e+00 0.000000000000000000e+00 0.000000000000000000e+00 1.000000000000000000e+00
2.899326682090759277e-01 -9.568727612495422363e-01 1.827180013060569763e-02 1.278226466821171803e-01
-3.876585066318511963e-01 -9.996229410171508789e-02 9.163668751716613770e-01 2.867257253819615048e+00
-8.750200867652893066e-01 -2.727680504322052002e-01 -3.999223411083221436e-01 -6.539291519500523009e-01
0.000000000000000000e+00 0.000000000000000000e+00 0.000000000000000000e+00 1.000000000000000000e+00
2.843193709850311279e-01 -9.580051302909851074e-01 3.727450594305992126e-02 2.300436659351638158e-01
-4.730167388916015625e-01 -1.063534989953041077e-01 8.746108412742614746e-01 2.774596341515486841e+00
-8.339171409606933594e-01 -2.663001418113708496e-01 -4.833905994892120361e-01 -9.279745941019974520e-01
0.000000000000000000e+00 0.000000000000000000e+00 0.000000000000000000e+00 1.000000000000000000e+00
1.799863576889038086e-01 -9.829741716384887695e-01 3.696753084659576416e-02 2.807141660572173847e-01
-4.782611131668090820e-01 -5.460744351148605347e-02 8.765182495117187500e-01 2.780368419083518727e+00
-8.595763444900512695e-01 -1.754414141178131104e-01 -4.799467623233795166e-01 -9.318867094916508664e-01
0.000000000000000000e+00 0.000000000000000000e+00 0.000000000000000000e+00 1.000000000000000000e+00
