0.418285459280014 0.8533263206481934 -0.3112416863441467 0.08621228486299515 
-0.7857217192649841 0.168007493019104 -0.5953273773193359 0.1833595186471939 
-0.4557177126407623 0.4935661256313324 0.7407521605491638 -0.139909639954567 
0 0 0 1 

0.3821926116943359 0.8718271851539612 -0.3063431978225708 0.09211957454681396 
-0.7778580188751221 0.1245574280619621 -0.6159727573394775 0.1852041184902191 
-0.4988645017147064 0.4737116992473602 0.725762665271759 -0.1296403855085373 
0 0 0 1 

0.2596706449985504 0.9379079341888428 -0.229999303817749 0.08395394682884216 
-0.7708898186683655 0.05787471681833267 -0.6343336701393127 0.1842699646949768 
-0.581635594367981 0.3420219719409943 0.7380521893501282 -0.1268852204084396 
0 0 0 1 

-0.2444449216127396 0.9535186886787415 -0.1762064248323441 0.08931068331003189 
-0.7063068151473999 -0.2995946705341339 -0.6413841843605042 0.1696748733520508 
-0.664362370967865 -0.0323273241519928 0.7467111945152283 -0.1225850805640221 
0 0 0 1 

-0.347868949174881 0.9277822971343994 -0.1349336355924606 0.09122925251722336 
-0.6941760182380676 -0.3516244292259216 -0.6280762553215027 0.1636498123407364 
-0.6301640272140503 -0.1248205676674843 0.7663635611534119 -0.1202843859791756 
0 0 0 1 

0.2156804502010345 0.9275363683700562 -0.3052183985710144 0.08314249664545059 
-0.7344675064086914 -0.05187741294503212 -0.6766581535339355 0.1833066493272781 
-0.6434590220451355 0.3701148927211761 0.6700563430786133 -0.1023043915629387 
0 0 0 1 

0.9134033918380737 0.1300715208053589 -0.3857143521308899 0.09389773011207581 
-0.3728772699832916 0.6474332213401794 -0.6646747589111328 0.2002723962068558 
0.1632689088582993 0.7509402632713318 0.639868438243866 -0.1219113171100616 
0 0 0 1 

0.9079276919364929 0.1404140889644623 -0.394906610250473 0.09818432480096817 
-0.4041564464569092 0.5428772568702698 -0.7361669540405273 0.2207182198762894 
0.1110175848007202 0.8279903531074524 0.5496425628662109 -0.08989110589027405 
0 0 0 1 

0.9050025939941406 0.1950502395629883 -0.378055065870285 0.09828067570924759 
-0.4253001809120178 0.4346587955951691 -0.7938458919525146 0.2368199080228806 
0.009485059417784214 0.8792195320129395 0.4763222634792328 -0.06018329784274101 
0 0 0 1 

0.9029613137245178 0.1944679021835327 -0.3832021355628967 0.1002455949783325 
-0.4297127425670624 0.4146053194999695 -0.8021530508995056 0.2386354207992554 
0.002884529996663332 0.8889796137809753 0.4579377472400665 -0.05368346348404884 
0 0 0 1 

