1.000000000000000000e+00 0.000000000000000000e+00 0.000000000000000000e+00 -4.255350477121360719e-01
0.000000000000000000e+00 -1.000000000000000000e+00 0.000000000000000000e+00 3.076616963927396031e-01
0.000000000000000000e+00 0.000000000000000000e+00 -1.000000000000000000e+00 -5.117628744684824760e+00
0.000000000000000000e+00 0.000000000000000000e+00 0.000000000000000000e+00 1.000000000000000000e+00
9.916675090789794922e-01 -5.023143440485000610e-02 1.186256706714630127e-01 2.413511650945440734e-01
-5.259001627564430237e-02 -9.984740018844604492e-01 1.683457195758819580e-02 3.505939985495130085e-01
1.175990253686904907e-01 -2.293287403881549835e-02 -9.927960038185119629e-01 -5.078805576080541506e+00
0.000000000000000000e+00 0.000000000000000000e+00 0.000000000000000000e+00 1.000000000000000000e+00
9.666976928710937500e-01 -6.884978711605072021e-02 2.464851289987564087e-01 9.331259551187389700e-01
-7.439492642879486084e-02 -9.971408843994140625e-01 1.324397884309291840e-02 3.428227974767573127e-01
2.448686063289642334e-01 -3.114022314548492432e-02 -9.690559506416320801e-01 -4.935632939672737862e+00
0.000000000000000000e+00 0.000000000000000000e+00 0.000000000000000000e+00 1.000000000000000000e+00
9.986396431922912598e-01 -4.676742479205131531e-02 2.306371740996837616e-02 -2.611129295160837804e-01
-4.657975956797599792e-02 -9.988772273063659668e-01 -8.607536554336547852e-03 2.345196499036146520e-01
2.344038709998130798e-02 7.521574851125478745e-03 -9.996971487998962402e-01 -4.948047814084545415e+00
0.000000000000000000e+00 0.000000000000000000e+00 0.000000000000000000e+00 1.000000000000000000e+00
9.943152070045471191e-01 -4.788747057318687439e-02 9.510146081447601318e-02 1.461756529839203234e-01
-4.467067867517471313e-02 -9.983648061752319336e-01 -3.567165136337280273e-02 1.340751647569746186e-01
9.665418416261672974e-02 3.122059628367424011e-02 -9.948281645774841309e-01 -4.917024913533477815e+00
0.000000000000000000e+00 0.000000000000000000e+00 0.000000000000000000e+00 1.000000000000000000e+00
-3.323018550872802734e-01 -7.747985422611236572e-02 9.399853348731994629e-01 5.092888235287522214e+00
-4.461782798171043396e-02 -9.942125678062438965e-01 -9.772289544343948364e-02 -1.337857281916271235e-01
9.421171545982360840e-01 -7.441361248493194580e-02 3.269218504428863525e-01 1.727304286206416961e+00
0.000000000000000000e+00 0.000000000000000000e+00 0.000000000000000000e+00 1.000000000000000000e+00
-3.618014156818389893e-01 -9.693904221057891846e-02 9.272019267082214355e-01 4.959523770293023048e+00
-2.477070502936840057e-02 -9.932281970977783203e-01 -1.135078370571136475e-01 -1.543245880307553275e-01
9.319257140159606934e-01 -6.403475254774093628e-02 3.569502830505371094e-01 1.948402223471431105e+00
0.000000000000000000e+00 0.000000000000000000e+00 0.000000000000000000e+00 1.000000000000000000e+00
-3.628087937831878662e-01 -9.374607354402542114e-02 9.271359443664550781e-01 4.861841652737766140e+00
-2.271019667387008667e-02 -9.937415122985839844e-01 -1.093678623437881470e-01 -8.117759990694044248e-02
9.315864443778991699e-01 -6.073509901762008667e-02 3.584093451499938965e-01 2.025257899129606187e+00
0.000000000000000000e+00 0.000000000000000000e+00 0.000000000000000000e+00 1.000000000000000000e+00
-3.277049064636230469e-01 -8.566115051507949829e-02 9.408885240554809570e-01 4.823972833457794707e+00
-2.911619283258914948e-02 -9.944926500320434570e-01 -1.006823480129241943e-01 -1.271812585427759511e-02
9.443308115005493164e-01 -6.038920953869819641e-02 3.234060108661651611e-01 1.932284830818257859e+00
0.000000000000000000e+00 0.000000000000000000e+00 0.000000000000000000e+00 1.000000000000000000e+00
-3.085840046405792236e-01 -8.287380635738372803e-02 9.475796818733215332e-01 4.775032768378122405e+00
-5.572761595249176025e-02 -9.929111003875732422e-01 -1.049864515662193298e-01 -9.387989548212429675e-03
9.495630264282226562e-01 -8.520351350307464600e-02 3.017780482769012451e-01 1.927717445902324078e+00
0.000000000000000000e+00 0.000000000000000000e+00 0.000000000000000000e+00 1.000000000000000000e+00
-2.715575695037841797e-01 -6.085629016160964966e-02 9.604961276054382324e-01 4.751731168929942406e+00
-7.737523317337036133e-02 -9.933874607086181641e-01 -8.481629192829132080e-02 1.207151174566667429e-01
9.593070745468139648e-01 -9.735124558210372925e-02 2.650531828403472900e-01 1.847416390614905479e+00
0.000000000000000000e+00 0.000000000000000000e+00 0.000000000000000000e+00 1.000000000000000000e+00
-2.887054085731506348e-01 -4.562341794371604919e-02 9.563304185867309570e-01 4.662328279774863304e+00
-1.042376160621643066e-01 -9.914285540580749512e-01 -7.876604795455932617e-02 1.966223960732186582e-01
9.517269134521484375e-01 -1.224257797002792358e-01 2.814750671386718750e-01 2.023041467466013987e+00
0.000000000000000000e+00 0.000000000000000000e+00 0.000000000000000000e+00 1.000000000000000000e+00
-2.746039032936096191e-01 -5.663466453552246094e-02 9.598881006240844727e-01 4.663058426451259564e+00
-1.026511341333389282e-01 -9.908326268196105957e-01 -8.782680332660675049e-02 2.075537384285729703e-01
9.560621976852416992e-01 -1.226511746644973755e-01 2.662730813026428223e-01 2.020500636395925032e+00
0.000000000000000000e+00 0.000000000000000000e+00 0.000000000000000000e+00 1.000000000000000000e+00
-2.667924761772155762e-01 -5.166900530457496643e-02 9.623680114746093750e-01 4.662333041601013583e+00
-1.318075954914093018e-01 -9.872224926948547363e-01 -8.954373002052307129e-02 2.431181934688259882e-01
9.546986222267150879e-01 -1.507370620965957642e-01 2.565730810165405273e-01 2.053919925957185644e+00
0.000000000000000000e+00 0.000000000000000000e+00 0.000000000000000000e+00 1.000000000000000000e+00
-2.491182386875152588e-01 -5.716098099946975708e-02 9.667847752571105957e-01 4.683334282199700382e+00
-1.460596770048141479e-01 -9.846210479736328125e-01 -9.585178643465042114e-02 2.434999828009061784e-01
9.573959112167358398e-01 -1.650867313146591187e-01 2.369381189346313477e-01 2.045512723479215644e+00
0.000000000000000000e+00 0.000000000000000000e+00 0.000000000000000000e+00 1.000000000000000000e+00
-2.404677867889404297e-01 -5.579528212547302246e-02 9.690520167350769043e-01 4.680074415380899744e+00
-1.779893636703491211e-01 -9.788841605186462402e-01 -1.005289256572723389e-01 2.447653388956658460e-01
9.541987180709838867e-01 -1.966548711061477661e-01 2.254591137170791626e-01 2.111553299902697578e+00
0.000000000000000000e+00 0.000000000000000000e+00 0.000000000000000000e+00 1.000000000000000000e+00
-2.344576269388198853e-01 -5.133100226521492004e-02 9.707702994346618652e-01 4.673091594150170280e+00
-1.905012428760528564e-01 -9.768170714378356934e-01 -9.766001254320144653e-02 3.042299822125004716e-01
9.532782435417175293e-01 -2.078300863504409790e-01 2.192435562610626221e-01 2.203107145611801432e+00
0.000000000000000000e+00 0.000000000000000000e+00 0.000000000000000000e+00 1.000000000000000000e+00
-1.794173419475555420e-01 -5.035572126507759094e-02 9.824833273887634277e-01 4.744972153528283165e+00
-2.158577740192413330e-01 -9.723368287086486816e-01 -8.925476670265197754e-02 3.634119417040103106e-01
9.597994685173034668e-01 -2.280905097723007202e-01 1.635844707489013672e-01 2.055626048584992205e+00
0.000000000000000000e+00 0.000000000000000000e+00 0.000000000000000000e+00 1.000000000000000000e+00
-1.132855638861656189e-01 -7.006841897964477539e-02 9.910887479782104492e-01 4.855907623716665178e+00
-2.363910079002380371e-01 -9.669651985168457031e-01 -9.538334608078002930e-02 3.220407496880570708e-01
9.650318622589111328e-01 -2.450900375843048096e-01 9.297943115234375000e-02 1.959537158695893400e+00
0.000000000000000000e+00 0.000000000000000000e+00 0.000000000000000000e+00 1.000000000000000000e+00
-7.805356383323669434e-02 -1.200805380940437317e-01 9.896903634071350098e-01 5.045543778787082267e+00
-2.434459179639816284e-01 -9.603707790374755859e-01 -1.357229501008987427e-01 1.343577617781768763e-01
9.667683839797973633e-01 -2.515299618244171143e-01 4.572727158665657043e-02 2.074308279848429581e+00
0.000000000000000000e+00 0.000000000000000000e+00 0.000000000000000000e+00 1.000000000000000000e+00
-6.157292798161506653e-02 -1.330406069755554199e-01 9.891956448554992676e-01 5.173125005921909825e+00
-2.747288346290588379e-01 -9.505344033241271973e-01 -1.449415832757949829e-01 1.061367742966012884e-01
9.595478177070617676e-01 -2.806852161884307861e-01 2.197701670229434967e-02 2.013477141233494638e+00
0.000000000000000000e+00 0.000000000000000000e+00 0.000000000000000000e+00 1.000000000000000000e+00
-1.199750229716300964e-01 -1.734228134155273438e-01 9.775124192237854004e-01 4.997144577794327525e+00
-2.076391279697418213e-01 -9.584647417068481445e-01 -1.955281347036361694e-01 -1.934173702396272676e-01
9.708198904991149902e-01 -2.264283597469329834e-01 7.898242771625518799e-02 2.142438305904826201e+00
0.000000000000000000e+00 0.000000000000000000e+00 0.000000000000000000e+00 1.000000000000000000e+00
-1.013061255216598511e-01 -1.911799460649490356e-01 9.763131141662597656e-01 4.970947391227853451e+00
-1.637530475854873657e-01 -9.647719264030456543e-01 -2.059117406606674194e-01 -2.517251502142801578e-01
9.812857508659362793e-01 -1.807343661785125732e-01 6.643120199441909790e-02 1.989954315278744224e+00
0.000000000000000000e+00 0.000000000000000000e+00 0.000000000000000000e+00 1.000000000000000000e+00
-8.017422258853912354e-02 -2.581706941127777100e-01 9.627674818038940430e-01 4.735051285562752454e+00
-6.990053504705429077e-02 -9.620417356491088867e-01 -2.637971043586730957e-01 -6.539351273192783864e-01
9.943267703056335449e-01 -8.844786882400512695e-02 5.908518657088279724e-02 1.702889609895579248e+00
0.000000000000000000e+00 0.000000000000000000e+00 0.000000000000000000e+00 1.000000000000000000e+00
-8.800717443227767944e-02 -3.187403678894042969e-01 9.437476396560668945e-01 4.451555172060473353e+00
-3.133999556303024292e-02 -9.460684061050415039e-01 -3.224467635154724121e-01 -1.058838413135890111e+00
9.956269860267639160e-01 -5.795466527342796326e-02 7.327149808406829834e-02 1.621897296178659520e+00
0.000000000000000000e+00 0.000000000000000000e+00 0.000000000000000000e+00 1.000000000000000000e+00
-6.371239572763442993e-02 -3.960224688053131104e-01 9.160275459289550781e-01 4.221969676501201363e+00
6.568589247763156891e-03 -9.180392622947692871e-01 -3.964351415634155273e-01 -1.439101083911298540e+00
9.979464411735534668e-01 -1.924089342355728149e-02 6.109174713492393494e-02 1.487649115614413819e+00
0.000000000000000000e+00 0.000000000000000000e+00 0.000000000000000000e+00 1.000000000000000000e+00
2.727249078452587128e-02 -4.419730901718139648e-01 8.966134190559387207e-01 4.103045449307816561e+00
5.529670417308807373e-02 -8.949069380760192871e-01 -4.428136944770812988e-01 -1.671698632920126881e+00
9.980974793434143066e-01 6.165636703372001648e-02 3.332615233375690877e-05 1.131774931106015902e+00
0.000000000000000000e+00 0.000000000000000000e+00 0.000000000000000000e+00 1.000000000000000000e+00
2.857455313205718994e-01 -4.712895750999450684e-01 8.344071507453918457e-01 3.879222557028231044e+00
1.125250756740570068e-01 -8.481867313385009766e-01 -5.176070332527160645e-01 -2.057728569596660506e+00
9.516763091087341309e-01 2.417957037687301636e-01 -1.893337219953536987e-01 1.895429662770383161e-01
0.000000000000000000e+00 0.000000000000000000e+00 0.000000000000000000e+00 1.000000000000000000e+00
3.670435249805450439e-01 -4.897422194480895996e-01 7.908425927162170410e-01 3.671586302290422488e+00
1.369287818670272827e-01 -8.124742507934570312e-01 -5.666888952255249023e-01 -2.299272796304415500e+00
9.200704097747802734e-01 3.162885010242462158e-01 -2.311535775661468506e-01 -4.498214112610637166e-02
0.000000000000000000e+00 0.000000000000000000e+00 0.000000000000000000e+00 1.000000000000000000e+00
4.080946445465087891e-01 -5.274823904037475586e-01 7.451314926147460938e-01 3.410104904719174712e+00
1.596211642026901245e-01 -7.623906731605529785e-01 -6.271217465400695801e-01 -2.563260303296738929e+00
8.988769054412841797e-01 3.748637437820434570e-01 -2.269301414489746094e-01 -7.697899478251490901e-02
0.000000000000000000e+00 0.000000000000000000e+00 0.000000000000000000e+00 1.000000000000000000e+00
4.227679073810577393e-01 -5.449919104576110840e-01 7.240517139434814453e-01 3.236552611109454691e+00
1.575345844030380249e-01 -7.426040172576904297e-01 -6.509392261505126953e-01 -2.674049942559264537e+00
8.924404382705688477e-01 3.892594277858734131e-01 -2.280940562486648560e-01 -1.150582055544772664e-01
0.000000000000000000e+00 0.000000000000000000e+00 0.000000000000000000e+00 1.000000000000000000e+00
4.373236894607543945e-01 -5.584248304367065430e-01 7.049182057380676270e-01 3.075212615890726919e+00
1.756171435117721558e-01 -7.157274484634399414e-01 -6.759383082389831543e-01 -2.770010263142302254e+00
8.819901943206787109e-01 4.193997085094451904e-01 -2.149356007575988770e-01 -1.001556055946879464e-01
0.000000000000000000e+00 0.000000000000000000e+00 0.000000000000000000e+00 1.000000000000000000e+00
4.308584034442901611e-01 -5.931598544120788574e-01 6.800898909568786621e-01 2.883872917515000633e+00
1.809747964143753052e-01 -6.815248131752014160e-01 -7.090643048286437988e-01 -2.893974486497048471e+00
8.840865492820739746e-01 4.285854697227478027e-01 -1.862935423851013184e-01 -3.389779720434506899e-02
0.000000000000000000e+00 0.000000000000000000e+00 0.000000000000000000e+00 1.000000000000000000e+00
4.262962937355041504e-01 -6.466358304023742676e-01 6.325609087944030762e-01 2.561319710698799934e+00
1.418037414550781250e-01 -6.428679227828979492e-01 -7.527365088462829590e-01 -3.045219211867487008e+00
8.933996558189392090e-01 4.105884730815887451e-01 -1.823569089174270630e-01 -1.329308891705781315e-01
0.000000000000000000e+00 0.000000000000000000e+00 0.000000000000000000e+00 1.000000000000000000e+00
3.337622582912445068e-01 -7.067207694053649902e-01 6.238174438476562500e-01 2.461401518947080369e+00
1.326934397220611572e-01 -6.199529170989990234e-01 -7.733372449874877930e-01 -3.099145702564328975e+00
9.332710504531860352e-01 3.408873379230499268e-01 -1.131397262215614319e-01 7.155849291479043917e-02
0.000000000000000000e+00 0.000000000000000000e+00 0.000000000000000000e+00 1.000000000000000000e+00
3.117303550243377686e-01 -7.668921351432800293e-01 5.609819293022155762e-01 2.146931908840044034e+00
1.195481121540069580e-01 -5.540539026260375977e-01 -8.238523006439208984e-01 -3.245897644961856621e+00
9.426198601722717285e-01 3.238841295242309570e-01 -8.103495836257934570e-02 5.465072392477187541e-02
0.000000000000000000e+00 0.000000000000000000e+00 0.000000000000000000e+00 1.000000000000000000e+00
3.707140684127807617e-01 -7.772160172462463379e-01 5.084356665611267090e-01 1.908699532219898520e+00
1.008908152580261230e-01 -5.105019211769104004e-01 -8.539372086524963379e-01 -3.295576983551379513e+00
9.232512116432189941e-01 3.678629696369171143e-01 -1.108363270759582520e-01 -1.728554284815660147e-01
0.000000000000000000e+00 0.000000000000000000e+00 0.000000000000000000e+00 1.000000000000000000e+00
4.872683286666870117e-01 -7.623631954193115234e-01 4.258777201175689697e-01 1.528508784860303615e+00
2.374687045812606812e-02 -4.759430587291717529e-01 -8.791552782058715820e-01 -3.291634786727109852e+00
8.729293346405029297e-01 4.384978115558624268e-01 -2.138082534074783325e-01 -6.248407619361984189e-01
0.000000000000000000e+00 0.000000000000000000e+00 0.000000000000000000e+00 1.000000000000000000e+00
5.915586948394775391e-01 -7.308506965637207031e-01 3.404630720615386963e-01 1.249002486443798077e+00
-3.703748062252998352e-02 -4.464607536792755127e-01 -8.940364122390747070e-01 -3.237503339096377442e+00
8.054106235504150391e-01 5.162653326988220215e-01 -2.911766767501831055e-01 -9.064250518414442848e-01
0.000000000000000000e+00 0.000000000000000000e+00 0.000000000000000000e+00 1.000000000000000000e+00
5.805491805076599121e-01 -7.813973426818847656e-01 2.288678288459777832e-01 9.171609409023788739e-01
-1.167290955781936646e-01 -3.580565154552459717e-01 -9.263744950294494629e-01 -3.391661905252020048e+00
8.058144450187683105e-01 5.110905170440673828e-01 -2.990811765193939209e-01 -8.763286240907658398e-01
0.000000000000000000e+00 0.000000000000000000e+00 0.000000000000000000e+00 1.000000000000000000e+00
5.677778124809265137e-01 -8.167093396186828613e-01 1.030249297618865967e-01 4.644162821855901679e-01
-1.883724778890609741e-01 -2.507391273975372314e-01 -9.495500922203063965e-01 -3.598522775965003806e+00
8.013392090797424316e-01 5.197266936302185059e-01 -2.962097823619842529e-01 -8.097013014013131338e-01
0.000000000000000000e+00 0.000000000000000000e+00 0.000000000000000000e+00 1.000000000000000000e+00
5.793566703796386719e-01 -8.150185346603393555e-01 -9.550896473228931427e-03 -1.125289887109255996e-02
-2.044702619314193726e-01 -1.339848488569259644e-01 -9.696593284606933594e-01 -3.789518829220208662e+00
7.890108227729797363e-01 5.637311339378356934e-01 -2.442720085382461548e-01 -6.115265472125882562e-01
0.000000000000000000e+00 0.000000000000000000e+00 0.000000000000000000e+00 1.000000000000000000e+00
5.967233777046203613e-01 -7.928050160408020020e-01 -1.240250095725059509e-01 -5.607404049349697939e-01
-2.443668544292449951e-01 -3.231724351644515991e-02 -9.691439270973205566e-01 -3.869604808693167364e+00
7.643339037895202637e-01 6.086184382438659668e-01 -2.130197137594223022e-01 -5.094944518665773803e-01
0.000000000000000000e+00 0.000000000000000000e+00 0.000000000000000000e+00 1.000000000000000000e+00
6.130215525627136230e-01 -7.562299966812133789e-01 -2.287385761737823486e-01 -1.111519556342145387e+00
-2.372133582830429077e-01 9.998653084039688110e-02 -9.662979841232299805e-01 -3.951527662603646185e+00
7.536143660545349121e-01 6.466214060783386230e-01 -1.180940121412277222e-01 -1.718191360655833000e-01
0.000000000000000000e+00 0.000000000000000000e+00 0.000000000000000000e+00 1.000000000000000000e+00
5.817083716392517090e-01 -8.079029917716979980e-01 -9.438427537679672241e-02 -4.221491909097724871e-01
-3.084008693695068359e-01 -1.116925105452537537e-01 -9.446763396263122559e-01 -3.627513567206384071e+00
7.526648640632629395e-01 5.786340832710266113e-01 -3.141303360462188721e-01 -1.095456653400182834e+00
0.000000000000000000e+00 0.000000000000000000e+00 0.000000000000000000e+00 1.000000000000000000e+00
5.608457326889038086e-01 -8.279105424880981445e-01 -4.059795755892992020e-03 -8.550128510122902842e-03
-3.864013552665710449e-01 -2.574140429496765137e-01 -8.856816887855529785e-01 -3.257008175827297958e+00
7.322199940681457520e-01 4.982995092868804932e-01 -4.642752408981323242e-01 -1.649949483578764031e+00
0.000000000000000000e+00 0.000000000000000000e+00 0.000000000000000000e+00 1.000000000000000000e+00
5.471116900444030762e-01 -8.297640085220336914e-01 1.102748513221740723e-01 4.642095395668932589e-01
-4.549176096916198730e-01 -4.053346514701843262e-01 -7.929397225379943848e-01 -2.719270029368352493e+00
7.026512026786804199e-01 3.836606740951538086e-01 -5.992376208305358887e-01 -2.105838386023138664e+00
0.000000000000000000e+00 0.000000000000000000e+00 0.000000000000000000e+00 1.000000000000000000e+00
5.478466153144836426e-01 -8.128989338874816895e-01 1.976345777511596680e-01 7.939368838998867028e-01
-5.163751840591430664e-01 -5.144521594047546387e-01 -6.846135258674621582e-01 -2.160501277716126989e+00
6.581951975822448730e-01 2.730095088481903076e-01 -7.016016840934753418e-01 -2.399297430288610755e+00
0.000000000000000000e+00 0.000000000000000000e+00 0.000000000000000000e+00 1.000000000000000000e+00
5.726791024208068848e-01 -7.893937230110168457e-01 2.211243957281112671e-01 8.569800891711092383e-01
-5.705994367599487305e-01 -5.775045752525329590e-01 -5.838707685470581055e-01 -1.717398473713868778e+00
5.886043310165405273e-01 2.081970870494842529e-01 -7.811523675918579102e-01 -2.618959081741007999e+00
0.000000000000000000e+00 0.000000000000000000e+00 0.000000000000000000e+00 1.000000000000000000e+00
5.748620033264160156e-01 -7.937358021736145020e-01 1.987892091274261475e-01 7.232484675394713625e-01
-6.636855006217956543e-01 -5.944018959999084473e-01 -4.541010558605194092e-01 -1.233324223080513260e+00
4.785969257354736328e-01 1.291117966175079346e-01 -8.684900999069213867e-01 -2.864513559705098800e+00
0.000000000000000000e+00 0.000000000000000000e+00 0.000000000000000000e+00 1.000000000000000000e+00
5.702456831932067871e-01 -7.894494533538818359e-01 2.271323800086975098e-01 7.591651365071985236e-01
-7.095849514007568359e-01 -6.126822233200073242e-01 -3.480082452297210693e-01 -8.315915694447376660e-01
4.138950109481811523e-01 3.728044778108596802e-02 -9.095610976219177246e-01 -2.952521432207531493e+00
0.000000000000000000e+00 0.000000000000000000e+00 0.000000000000000000e+00 1.000000000000000000e+00
5.658196210861206055e-01 -7.790229916572570801e-01 2.701310813426971436e-01 8.492223799391130923e-01
-7.517251968383789062e-01 -6.219915151596069336e-01 -2.191703170537948608e-01 -3.303450328588258822e-01
3.387580513954162598e-01 -7.905361801385879517e-02 -9.375466704368591309e-01 -2.984387175987221141e+00
0.000000000000000000e+00 0.000000000000000000e+00 0.000000000000000000e+00 1.000000000000000000e+00
5.541042089462280273e-01 -7.854961156845092773e-01 2.756163179874420166e-01 8.475435386069596344e-01
-7.827435135841369629e-01 -6.043267250061035156e-01 -1.486658155918121338e-01 -7.340930677228962864e-02
2.833386957645416260e-01 -1.333605647087097168e-01 -9.497020840644836426e-01 -2.998407579449407834e+00
0.000000000000000000e+00 0.000000000000000000e+00 0.000000000000000000e+00 1.000000000000000000e+00
5.392619371414184570e-01 -7.959541082382202148e-01 2.750515639781951904e-01 8.034741272461752848e-01
-8.255008459091186523e-01 -5.642196536064147949e-01 -1.429450418800115585e-02 3.940393378716372519e-01
1.665672957897186279e-01 -2.193469107151031494e-01 -9.613231420516967773e-01 -3.005416987542809615e+00
0.000000000000000000e+00 0.000000000000000000e+00 0.000000000000000000e+00 1.000000000000000000e+00
5.307291150093078613e-01 -8.002221584320068359e-01 2.792326509952545166e-01 7.764981836946864835e-01
-8.460515141487121582e-01 -5.197438597679138184e-01 1.185878962278366089e-01 8.629474202277197525e-01
5.023277178406715393e-02 -2.991833388805389404e-01 -9.528725743293762207e-01 -2.951731365885409186e+00
0.000000000000000000e+00 0.000000000000000000e+00 0.000000000000000000e+00 1.000000000000000000e+00
5.411933660507202148e-01 -7.870007753372192383e-01 2.962083220481872559e-01 7.889419266775308248e-01
-8.393203020095825195e-01 -4.839868843555450439e-01 2.475843280553817749e-01 1.296452267600271879e+00
-5.148814246058464050e-02 -3.826046586036682129e-01 -9.224764108657836914e-01 -2.798262272474461465e+00
0.000000000000000000e+00 0.000000000000000000e+00 0.000000000000000000e+00 1.000000000000000000e+00
5.078900456428527832e-01 -8.048949837684631348e-01 3.069063425064086914e-01 8.116819282540965741e-01
-8.414516448974609375e-01 -3.872902393341064453e-01 3.767827451229095459e-01 1.740228770798101676e+00
-1.844087541103363037e-01 -4.496110677719116211e-01 -8.739812374114990234e-01 -2.549820540587839357e+00
0.000000000000000000e+00 0.000000000000000000e+00 0.000000000000000000e+00 1.000000000000000000e+00
4.894134700298309326e-01 -8.126627802848815918e-01 3.163125813007354736e-01 8.448102503966249399e-01
-8.232401609420776367e-01 -3.109037578105926514e-01 4.749888181686401367e-01 2.074012744590041812e+00
-2.876630723476409912e-01 -4.928670525550842285e-01 -8.211772441864013672e-01 -2.315013107426375338e+00
0.000000000000000000e+00 0.000000000000000000e+00 0.000000000000000000e+00 1.000000000000000000e+00
4.697538316249847412e-01 -8.177700638771057129e-01 3.325407803058624268e-01 9.490493033562830139e-01
-8.044540286064147949e-01 -2.413976937532424927e-01 5.427531003952026367e-01 2.298141187380945194e+00
-3.635726869106292725e-01 -5.224740505218505859e-01 -7.712559103965759277e-01 -2.093078080806003882e+00
0.000000000000000000e+00 0.000000000000000000e+00 0.000000000000000000e+00 1.000000000000000000e+00
4.234084784984588623e-01 -8.510888218879699707e-01 3.104399740695953369e-01 9.535448640611148274e-01
-7.854992151260375977e-01 -1.741682142019271851e-01 5.938487648963928223e-01 2.448102799013271547e+00
-4.513492882251739502e-01 -4.952909648418426514e-01 -7.422739863395690918e-01 -1.908379939453560326e+00
0.000000000000000000e+00 0.000000000000000000e+00 0.000000000000000000e+00 1.000000000000000000e+00
3.837478458881378174e-01 -8.723503351211547852e-01 3.028904199600219727e-01 1.026621931464228865e+00
-7.765074968338012695e-01 -1.273180842399597168e-01 6.171112656593322754e-01 2.479818743678646076e+00
-4.997737407684326172e-01 -4.720117747783660889e-01 -7.262445092201232910e-01 -1.765383490613321893e+00
0.000000000000000000e+00 0.000000000000000000e+00 0.000000000000000000e+00 1.000000000000000000e+00
2.655774652957916260e-01 -9.352894425392150879e-01 2.338852286338806152e-01 9.393015476122618113e-01
-7.704109549522399902e-01 -6.003855913877487183e-02 6.347144246101379395e-01 2.463407308260685102e+00
-5.795995593070983887e-01 -3.487535715103149414e-01 -7.365021109580993652e-01 -1.719701903486489769e+00
0.000000000000000000e+00 0.000000000000000000e+00 0.000000000000000000e+00 1.000000000000000000e+00
9.088578075170516968e-02 -9.754865169525146484e-01 2.004142850637435913e-01 9.821696891218940628e-01
-7.850898504257202148e-01 5.362790822982788086e-02 6.170558929443359375e-01 2.236007689313873836e+00
-6.126775145530700684e-01 -2.134248763322830200e-01 -7.609705328941345215e-01 -1.772881382705986386e+00
0.000000000000000000e+00 0.000000000000000000e+00 0.000000000000000000e+00 1.000000000000000000e+00
-7.146882265806198120e-02 -9.800886511802673340e-01 1.852518767118453979e-01 9.562827156881769097e-01
-7.905552983283996582e-01 1.689090579748153687e-01 5.886356234550476074e-01 2.018244617629529447e+00
-6.082059144973754883e-01 -1.043827757239341736e-01 -7.868862748146057129e-01 -1.864750104169285549e+00
0.000000000000000000e+00 0.000000000000000000e+00 0.000000000000000000e+00 1.000000000000000000e+00
-1.943407952785491943e-01 -9.585384726524353027e-01 2.084124237298965454e-01 1.012822655303901698e+00
-7.507322430610656738e-01 2.820889949798583984e-01 5.973501801490783691e-01 2.076842658189345325e+00
-6.313739418983459473e-01 -4.037247225642204285e-02 -7.744268774986267090e-01 -1.799561299398457992e+00
0.000000000000000000e+00 0.000000000000000000e+00 0.000000000000000000e+00 1.000000000000000000e+00
-2.335835397243499756e-01 -9.547658562660217285e-01 1.840134859085083008e-01 1.021132736369345206e+00
-7.068986296653747559e-01 2.966920733451843262e-01 6.420810818672180176e-01 2.271134887187747697e+00
-6.676324605941772461e-01 1.990070752799510956e-02 -7.442250251770019531e-01 -1.654951980359191444e+00
0.000000000000000000e+00 0.000000000000000000e+00 0.000000000000000000e+00 1.000000000000000000e+00
-3.467010557651519775e-01 -9.283556938171386719e-01 1.339916735887527466e-01 1.023862949233624420e+00
-6.934689283370971680e-01 3.498851358890533447e-01 6.298261880874633789e-01 2.192897488308262588e+00
-6.315845251083374023e-01 1.254424303770065308e-01 -7.650915980339050293e-01 -1.632915637801060083e+00
0.000000000000000000e+00 0.000000000000000000e+00 0.000000000000000000e+00 1.000000000000000000e+00
2.227291315793991089e-01 -9.218957424163818359e-01 3.170174360275268555e-01 9.547155788611351168e-01
-7.349178791046142578e-01 5.488095432519912720e-02 6.759318113327026367e-01 2.447857564966525512e+00
-6.405368447303771973e-01 -3.835314810276031494e-01 -6.652940511703491211e-01 -1.386433298170619777e+00
0.000000000000000000e+00 0.000000000000000000e+00 0.000000000000000000e+00 1.000000000000000000e+00
5.416955351829528809e-01 -7.652500867843627930e-01 3.477902710437774658e-01 8.409566433796951124e-01
-7.685580849647521973e-01 -2.833398580551147461e-01 5.736173987388610840e-01 2.323547513987605395e+00
-3.404179811477661133e-01 -5.780230760574340820e-01 -7.416231036186218262e-01 -2.128590192960368999e+00
0.000000000000000000e+00 0.000000000000000000e+00 0.000000000000000000e+00 1.000000000000000000e+00
5.997003912925720215e-01 -7.248920202255249023e-01 3.389557003974914551e-01 7.861254057142754714e-01
-7.677152752876281738e-01 -4.016703367233276367e-01 4.992734193801879883e-01 2.100887300926411516e+00
-2.257708013057708740e-01 -5.596360564231872559e-01 -7.973926067352294922e-01 -2.513410228975853311e+00
0.000000000000000000e+00 0.000000000000000000e+00 0.000000000000000000e+00 1.000000000000000000e+00
6.095921397209167480e-01 -7.265592813491821289e-01 3.170314133167266846e-01 7.066586620502930405e-01
-7.693625688552856445e-01 -4.459016621112823486e-01 4.574417173862457275e-01 1.973708844920139205e+00
-1.909937411546707153e-01 -5.227649211883544922e-01 -8.308057188987731934e-01 -2.724059727619755567e+00
0.000000000000000000e+00 0.000000000000000000e+00 0.000000000000000000e+00 1.000000000000000000e+00
6.339907050132751465e-01 -7.293567061424255371e-01 2.570886015892028809e-01 4.716144768449133107e-01
-7.576661705970764160e-01 -5.192206501960754395e-01 3.954133093357086182e-01 1.745711815200874373e+00
-1.549117416143417358e-01 -4.454756677150726318e-01 -8.817901015281677246e-01 -2.993524921960432739e+00
0.000000000000000000e+00 0.000000000000000000e+00 0.000000000000000000e+00 1.000000000000000000e+00
6.444930434226989746e-01 -7.421090602874755859e-01 1.841268539428710938e-01 1.902242313552965913e-01
-7.457745671272277832e-01 -5.569952726364135742e-01 3.654809296131134033e-01 1.653644981928775737e+00
-1.686690300703048706e-01 -3.728668689727783203e-01 -9.124258756637573242e-01 -3.162845142578976976e+00
0.000000000000000000e+00 0.000000000000000000e+00 0.000000000000000000e+00 1.000000000000000000e+00
6.602148413658142090e-01 -7.434275150299072266e-01 1.069171130657196045e-01 -1.262556196228426242e-01
-7.284106016159057617e-01 -5.990630388259887695e-01 3.324775397777557373e-01 1.528624526011041818e+00
-1.831230521202087402e-01 -2.973860502243041992e-01 -9.370311498641967773e-01 -3.306820741921392859e+00
0.000000000000000000e+00 0.000000000000000000e+00 0.000000000000000000e+00 1.000000000000000000e+00
6.761251688003540039e-01 -7.347950339317321777e-01 5.413030087947845459e-02 -3.606059980776954998e-01
-7.182516455650329590e-01 -6.409600973129272461e-01 2.707107365131378174e-01 1.292977126557588008e+00
-1.642217934131622314e-01 -2.219135761260986328e-01 -9.611376523971557617e-01 -3.452126478035157042e+00
0.000000000000000000e+00 0.000000000000000000e+00 0.000000000000000000e+00 1.000000000000000000e+00
7.194117307662963867e-01 -6.943040490150451660e-01 -1.970290206372737885e-02 -7.272608701864964331e-01
-6.769773960113525391e-01 -7.072402238845825195e-01 2.037467062473297119e-01 1.018118568873304541e+00
-1.553970128297805786e-01 -1.332393139600753784e-01 -9.788253307342529297e-01 -3.579966827876335689e+00
0.000000000000000000e+00 0.000000000000000000e+00 0.000000000000000000e+00 1.000000000000000000e+00
7.545755505561828613e-01 -6.538327932357788086e-01 -5.583349987864494324e-02 -9.267267736949624801e-01
-6.413747668266296387e-01 -7.528308629989624023e-01 1.479332596063613892e-01 7.791427521454262761e-01
-1.387568712234497070e-01 -7.581659406423568726e-02 -9.874200224876403809e-01 -3.658775050665601380e+00
0.000000000000000000e+00 0.000000000000000000e+00 0.000000000000000000e+00 1.000000000000000000e+00
7.805990576744079590e-01 -6.122691631317138672e-01 -1.256633102893829346e-01 -1.264324275800399855e+00
-6.099045872688293457e-01 -7.901182770729064941e-01 6.106819957494735718e-02 3.969179361830929564e-01
-1.366791278123855591e-01 2.897298336029052734e-02 -9.901914000511169434e-01 -3.703770736417351550e+00
0.000000000000000000e+00 0.000000000000000000e+00 0.000000000000000000e+00 1.000000000000000000e+00
8.035603165626525879e-01 -5.716838240623474121e-01 -1.657355725765228271e-01 -1.488197365663987526e+00
-5.821049809455871582e-01 -8.129084110260009766e-01 -1.828160509467124939e-02 4.525956749377912924e-02
-1.242764815688133240e-01 1.111658215522766113e-01 -9.860006570816040039e-01 -3.735426959846423589e+00
0.000000000000000000e+00 0.000000000000000000e+00 0.000000000000000000e+00 1.000000000000000000e+00
8.378155827522277832e-01 -5.127679705619812012e-01 -1.874402165412902832e-01 -1.638707678555436864e+00
-5.362115502357482910e-01 -8.374166488647460938e-01 -1.058771759271621704e-01 -3.698137017194456644e-01
-1.026751473546028137e-01 1.892131865024566650e-01 -9.765533804893493652e-01 -3.742655015123898199e+00
0.000000000000000000e+00 0.000000000000000000e+00 0.000000000000000000e+00 1.000000000000000000e+00
8.520186543464660645e-01 -4.929251074790954590e-01 -1.763211488723754883e-01 -1.643086673724295066e+00
-5.214660763740539551e-01 -8.288502097129821777e-01 -2.026841342449188232e-01 -8.104345278466927871e-01
-4.623563215136528015e-02 2.646361589431762695e-01 -9.632390141487121582e-01 -3.741468129955908939e+00
0.000000000000000000e+00 0.000000000000000000e+00 0.000000000000000000e+00 1.000000000000000000e+00
8.570445775985717773e-01 -4.958645999431610107e-01 -1.399734169244766235e-01 -1.540982605360114999e+00
-5.145093202590942383e-01 -8.091549873352050781e-01 -2.838107645511627197e-01 -1.202262930306108091e+00
2.747165039181709290e-02 3.152559697628021240e-01 -9.486089944839477539e-01 -3.741277260091046664e+00
0.000000000000000000e+00 0.000000000000000000e+00 0.000000000000000000e+00 1.000000000000000000e+00
8.614892363548278809e-01 -4.993442595005035400e-01 -9.214414656162261963e-02 -1.381657854650124806e+00
-4.958989620208740234e-01 -7.883542776107788086e-01 -3.641172349452972412e-01 -1.580865211825695837e+00
1.091777160763740540e-01 3.593775033950805664e-01 -9.267838001251220703e-01 -3.722192654517900046e+00
0.000000000000000000e+00 0.000000000000000000e+00 0.000000000000000000e+00 1.000000000000000000e+00
8.734980225563049316e-01 -4.848452210426330566e-01 -4.388752952218055725e-02 -1.225600113498160892e+00
-4.505782425403594971e-01 -7.710301876068115234e-01 -4.499899744987487793e-01 -2.017291737155658016e+00
1.843371838331222534e-01 4.128403961658477783e-01 -8.919541835784912109e-01 -3.662557527904409582e+00
0.000000000000000000e+00 0.000000000000000000e+00 0.000000000000000000e+00 1.000000000000000000e+00
8.887771368026733398e-01 -4.583181440830230713e-01 4.427745938301086426e-03 -1.051622826904516916e+00
-3.819731175899505615e-01 -7.459980249404907227e-01 -5.455116629600524902e-01 -2.507897923606125623e+00
2.533211112022399902e-01 4.831472635269165039e-01 -8.380914330482482910e-01 -3.581612435630148195e+00
0.000000000000000000e+00 0.000000000000000000e+00 0.000000000000000000e+00 1.000000000000000000e+00
9.212673306465148926e-01 -3.878800570964813232e-01 2.854683063924312592e-02 -9.571031571414003736e-01
-2.900574207305908203e-01 -7.341114282608032227e-01 -6.139596104621887207e-01 -2.855050129087069788e+00
2.590993940830230713e-01 5.573409795761108398e-01 -7.888206243515014648e-01 -3.508768796913115384e+00
0.000000000000000000e+00 0.000000000000000000e+00 0.000000000000000000e+00 1.000000000000000000e+00
9.396950006484985352e-01 -3.298725187778472900e-01 9.031675755977630615e-02 -6.907207492095559509e-01
-1.864954680204391479e-01 -7.155746817588806152e-01 -6.731809377670288086e-01 -3.175270636317839124e+00
2.866922616958618164e-01 6.157409548759460449e-01 -7.339416742324829102e-01 -3.405162570807904299e+00
0.000000000000000000e+00 0.000000000000000000e+00 0.000000000000000000e+00 1.000000000000000000e+00
9.159683585166931152e-01 -3.564250171184539795e-01 1.842899918556213379e-01 -2.416890686308983127e-01
-1.193326488137245178e-01 -6.804866790771484375e-01 -7.229781150817871094e-01 -3.422196718622670719e+00
3.830945193767547607e-01 6.402333974838256836e-01 -6.658375859260559082e-01 -3.263553003833972177e+00
0.000000000000000000e+00 0.000000000000000000e+00 0.000000000000000000e+00 1.000000000000000000e+00
8.661790490150451660e-01 -4.170390963554382324e-01 2.753399014472961426e-01 2.449635558555422199e-01
-7.426965981721878052e-02 -6.522828936576843262e-01 -7.543280720710754395e-01 -3.591675269960715955e+00
4.941838681697845459e-01 6.329337358474731445e-01 -5.959673523902893066e-01 -3.053955471950464240e+00
0.000000000000000000e+00 0.000000000000000000e+00 0.000000000000000000e+00 1.000000000000000000e+00
9.449090957641601562e-01 -2.463470697402954102e-01 2.155446261167526245e-01 -1.569191976088298857e-01
-2.245553210377693176e-02 -7.057223916053771973e-01 -7.081322669982910156e-01 -3.334049761114761701e+00
3.265611231327056885e-01 6.642807722091674805e-01 -6.723756790161132812e-01 -3.142772854898466139e+00
0.000000000000000000e+00 0.000000000000000000e+00 0.000000000000000000e+00 1.000000000000000000e+00
9.177226424217224121e-01 -2.736169099807739258e-01 2.879570722579956055e-01 1.455868234190088317e-01
-6.158841773867607117e-03 -7.346411943435668945e-01 -6.784275174140930176e-01 -3.144722331106429181e+00
3.971742689609527588e-01 6.208347678184509277e-01 -6.758819222450256348e-01 -3.233881073043660681e+00
0.000000000000000000e+00 0.000000000000000000e+00 0.000000000000000000e+00 1.000000000000000000e+00
9.011960625648498535e-01 -3.325156569480895996e-01 2.779915034770965576e-01 7.162450277312022717e-02
-4.246881231665611267e-02 -7.060647010803222656e-01 -7.068727612495422363e-01 -3.254307228352901316e+00
4.313260614871978760e-01 6.252245903015136719e-01 -6.504241824150085449e-01 -3.122472991609850368e+00
0.000000000000000000e+00 0.000000000000000000e+00 0.000000000000000000e+00 1.000000000000000000e+00
8.149877190589904785e-01 -4.274451136589050293e-01 3.912614881992340088e-01 6.708298884569254827e-01
3.332401439547538757e-02 -6.395077705383300781e-01 -7.680618762969970703e-01 -3.631201601559875591e+00
5.785191655158996582e-01 6.389994621276855469e-01 -5.069468021392822266e-01 -2.564046496212185389e+00
0.000000000000000000e+00 0.000000000000000000e+00 0.000000000000000000e+00 1.000000000000000000e+00
7.108061909675598145e-01 -5.238780975341796875e-01 4.693679213523864746e-01 1.162684268587069081e+00
8.274573087692260742e-02 -6.003843545913696289e-01 -7.954194545745849609e-01 -3.801318634420921772e+00
6.985039710998535156e-01 6.042271256446838379e-01 -3.834081888198852539e-01 -2.060992499385703614e+00
0.000000000000000000e+00 0.000000000000000000e+00 0.000000000000000000e+00 1.000000000000000000e+00
5.842867493629455566e-01 -6.152656674385070801e-01 5.292042493820190430e-01 1.597851290900248244e+00
1.266199201345443726e-01 -5.749935507774353027e-01 -8.083006143569946289e-01 -3.890966360803901125e+00
8.016085624694824219e-01 5.392868518829345703e-01 -2.580561637878417969e-01 -1.507328921390273413e+00
0.000000000000000000e+00 0.000000000000000000e+00 0.000000000000000000e+00 1.000000000000000000e+00
4.312208294868469238e-01 -6.635077595710754395e-01 6.113967299461364746e-01 2.153088156414830756e+00
2.619194388389587402e-01 -5.563985109329223633e-01 -7.885546684265136719e-01 -3.889448131899612360e+00
8.633925914764404297e-01 5.001780390739440918e-01 -6.614512950181961060e-02 -5.929229852853442617e-01
0.000000000000000000e+00 0.000000000000000000e+00 0.000000000000000000e+00 1.000000000000000000e+00
3.748744726181030273e-01 -6.715274453163146973e-01 6.391558051109313965e-01 2.351005325570232340e+00
3.338565230369567871e-01 -5.453894138336181641e-01 -7.688237428665161133e-01 -3.835109743240760150e+00
8.648748993873596191e-01 5.015987157821655273e-01 1.974115520715713501e-02 -1.408614378111274490e-01
0.000000000000000000e+00 0.000000000000000000e+00 0.000000000000000000e+00 1.000000000000000000e+00
3.279035687446594238e-01 -6.801686286926269531e-01 6.556290984153747559e-01 2.491315509233371195e+00
3.764737248420715332e-01 -5.424319505691528320e-01 -7.510224580764770508e-01 -3.767033486137978393e+00
8.664562106132507324e-01 4.930901229381561279e-01 7.820023596286773682e-02 1.928102238468432927e-01
0.000000000000000000e+00 0.000000000000000000e+00 0.000000000000000000e+00 1.000000000000000000e+00
5.726767778396606445e-01 -4.147272706031799316e-01 7.071369290351867676e-01 2.777471896278345564e+00
