1.000000000000000000e+00 0.000000000000000000e+00 0.000000000000000000e+00 -1.792658120393753052e-02
0.000000000000000000e+00 1.000000000000000000e+00 0.000000000000000000e+00 2.243540808558464050e-02
0.000000000000000000e+00 0.000000000000000000e+00 1.000000000000000000e+00 -3.816788792610168457e-01
0.000000000000000000e+00 0.000000000000000000e+00 0.000000000000000000e+00 1.000000000000000000e+00
9.953278303146362305e-01 5.152200162410736084e-02 -8.165656030178070068e-02 1.652539893984794617e-02
-5.325780063867568970e-02 9.983957409858703613e-01 -1.922229863703250885e-02 2.654026634991168976e-02
8.053516596555709839e-02 2.348138019442558289e-02 9.964750409126281738e-01 -3.788289725780487061e-01
0.000000000000000000e+00 0.000000000000000000e+00 0.000000000000000000e+00 1.000000000000000000e+00
9.742949604988098145e-01 6.687080115079879761e-02 -2.151231318712234497e-01 7.045058906078338623e-02
-7.328218966722488403e-02 9.970693588256835938e-01 -2.195785567164421082e-02 2.847507409751415253e-02
2.130243182182312012e-01 3.715809062123298645e-02 9.763399362564086914e-01 -3.694960176944732666e-01
0.000000000000000000e+00 0.000000000000000000e+00 0.000000000000000000e+00 1.000000000000000000e+00
9.987896084785461426e-01 4.738435521721839905e-02 1.318809017539024353e-02 -2.033636346459388733e-02
-4.745894670486450195e-02 9.988585710525512695e-01 5.400756839662790298e-03 1.789797469973564148e-02
-1.291710697114467621e-02 -6.020165514200925827e-03 9.998984336853027344e-01 -3.676728606224060059e-01
0.000000000000000000e+00 0.000000000000000000e+00 0.000000000000000000e+00 1.000000000000000000e+00
9.957840442657470703e-01 5.316776409745216370e-02 -7.474981993436813354e-02 1.626881211996078491e-02
-5.069557577371597290e-02 9.981148838996887207e-01 3.459110110998153687e-02 9.862814098596572876e-03
7.644806057214736938e-02 -3.065575100481510162e-02 9.966023564338684082e-01 -3.665786683559417725e-01
0.000000000000000000e+00 0.000000000000000000e+00 0.000000000000000000e+00 1.000000000000000000e+00
6.784095615148544312e-02 8.566060662269592285e-02 -9.940119385719299316e-01 4.052787125110626221e-01
-3.417230397462844849e-02 9.959222078323364258e-01 8.349300175905227661e-02 -4.811758175492286682e-03
9.971106648445129395e-01 2.830343507230281830e-02 7.049158215522766113e-02 -2.515441738069057465e-02
0.000000000000000000e+00 0.000000000000000000e+00 0.000000000000000000e+00 1.000000000000000000e+00
4.118768125772476196e-02 1.004056483507156372e-01 -9.940938949584960938e-01 4.024908840656280518e-01
-2.067183144390583038e-02 9.948106408119201660e-01 9.962156414985656738e-02 -6.425804458558559418e-03
9.989376068115234375e-01 1.644656434655189514e-02 4.304957389831542969e-02 -7.905546575784683228e-03
0.000000000000000000e+00 0.000000000000000000e+00 0.000000000000000000e+00 1.000000000000000000e+00
2.989978529512882233e-02 9.647100418806076050e-02 -9.948864579200744629e-01 3.985140621662139893e-01
-2.391124516725540161e-02 9.951155185699462891e-01 9.577462077140808105e-02 -1.218925230205059052e-03
9.992666244506835938e-01 2.092535793781280518e-02 3.206051886081695557e-02 4.274598322808742523e-03
0.000000000000000000e+00 0.000000000000000000e+00 0.000000000000000000e+00 1.000000000000000000e+00
5.441156402230262756e-02 9.535529464483261108e-02 -9.939550161361694336e-01 3.937011659145355225e-01
-3.209203109145164490e-02 9.950825572013854980e-01 9.370664507150650024e-02 1.472136937081813812e-03
9.980024099349975586e-01 2.679931931197643280e-02 5.720405653119087219e-02 3.878397867083549500e-03
0.000000000000000000e+00 0.000000000000000000e+00 0.000000000000000000e+00 1.000000000000000000e+00
6.125859916210174561e-02 9.929756075143814087e-02 -9.931700825691223145e-01 3.904218077659606934e-01
-5.178719013929367065e-02 9.940151572227478027e-01 9.618787467479705811e-02 2.450369764119386673e-03
9.967773556709289551e-01 4.554118588566780090e-02 6.603432446718215942e-02 9.612591937184333801e-03
0.000000000000000000e+00 0.000000000000000000e+00 0.000000000000000000e+00 1.000000000000000000e+00
7.406462728977203369e-02 8.572694659233093262e-02 -9.935617446899414062e-01 3.869828879833221436e-01
-7.251282781362533569e-02 9.941236972808837891e-01 8.036997914314270020e-02 1.092732418328523636e-02
9.946138858795166016e-01 6.609348207712173462e-02 7.984579354524612427e-02 1.399242132902145386e-02
0.000000000000000000e+00 0.000000000000000000e+00 0.000000000000000000e+00 1.000000000000000000e+00
7.875499129295349121e-02 7.858166843652725220e-02 -9.937919974327087402e-01 3.849077522754669189e-01
-1.037716194987297058e-01 9.921190738677978516e-01 7.022580504417419434e-02 1.788019575178623199e-02
9.914782047271728516e-01 9.759678691625595093e-02 8.628885447978973389e-02 2.013499103486537933e-02
0.000000000000000000e+00 0.000000000000000000e+00 0.000000000000000000e+00 1.000000000000000000e+00
8.840824663639068604e-02 8.978135138750076294e-02 -9.920296072959899902e-01 3.848327994346618652e-01
-1.031807139515876770e-01 9.913975000381469727e-01 8.052882552146911621e-02 1.824812963604927063e-02
9.907257556915283203e-01 9.523889422416687012e-02 9.691140800714492798e-02 2.187231741845607758e-02
0.000000000000000000e+00 0.000000000000000000e+00 0.000000000000000000e+00 1.000000000000000000e+00
9.802694618701934814e-02 9.880098700523376465e-02 -9.902673363685607910e-01 3.857378065586090088e-01
-1.307839602231979370e-01 9.877087473869323730e-01 8.559939265251159668e-02 1.979441568255424500e-02
9.865527153015136719e-01 1.211200580000877380e-01 1.097435802221298218e-01 2.326910570263862610e-02
0.000000000000000000e+00 0.000000000000000000e+00 0.000000000000000000e+00 1.000000000000000000e+00
1.195793300867080688e-01 1.030600443482398987e-01 -9.874613285064697266e-01 3.869843780994415283e-01
-1.465324163436889648e-01 9.855369329452514648e-01 8.511444926261901855e-02 2.246523462235927582e-02
9.819514751434326172e-01 1.345171630382537842e-01 1.329515129327774048e-01 2.091163769364356995e-02
0.000000000000000000e+00 0.000000000000000000e+00 0.000000000000000000e+00 1.000000000000000000e+00
1.199492737650871277e-01 1.136900633573532104e-01 -9.862487316131591797e-01 3.886200785636901855e-01
-1.735915988683700562e-01 9.805186390876770020e-01 9.191696345806121826e-02 2.211438305675983429e-02
9.774854779243469238e-01 1.601791232824325562e-01 1.373481899499893188e-01 2.798159606754779816e-02
0.000000000000000000e+00 0.000000000000000000e+00 0.000000000000000000e+00 1.000000000000000000e+00
1.555710732936859131e-01 1.188752204179763794e-01 -9.806461930274963379e-01 3.902863860130310059e-01
-1.884264647960662842e-01 9.780763387680053711e-01 8.867149055004119873e-02 2.634876593947410583e-02
9.696872234344482422e-01 1.709849834442138672e-01 1.745597124099731445e-01 2.281275205314159393e-02
0.000000000000000000e+00 0.000000000000000000e+00 0.000000000000000000e+00 1.000000000000000000e+00
1.888956129550933838e-01 1.198790371417999268e-01 -9.746525883674621582e-01 3.914686441421508789e-01
-2.125397175550460815e-01 9.739853739738464355e-01 7.860511541366577148e-02 3.123109787702560425e-02
9.587207436561584473e-01 1.923041194677352905e-01 2.094605565071105957e-01 1.839110441505908966e-02
0.000000000000000000e+00 0.000000000000000000e+00 0.000000000000000000e+00 1.000000000000000000e+00
2.600051462650299072e-01 1.489735990762710571e-01 -9.540460109710693359e-01 3.964082598686218262e-01
-2.264809608459472656e-01 9.698742032051086426e-01 8.972251415252685547e-02 2.730330079793930054e-02
9.386714100837707520e-01 1.927450746297836304e-01 2.859121859073638916e-01 5.553720053285360336e-03
0.000000000000000000e+00 0.000000000000000000e+00 0.000000000000000000e+00 1.000000000000000000e+00
3.119401037693023682e-01 2.015276253223419189e-01 -9.284825325012207031e-01 4.123848676681518555e-01
-2.377829104661941528e-01 9.627046585083007812e-01 1.290682256221771240e-01 1.299258787184953690e-02
9.198654294013977051e-01 1.805157959461212158e-01 3.482260107994079590e-01 2.845755079761147499e-04
0.000000000000000000e+00 0.000000000000000000e+00 0.000000000000000000e+00 1.000000000000000000e+00
3.436222374439239502e-01 2.265558838844299316e-01 -9.113702178001403809e-01 4.186444878578186035e-01
-2.652589082717895508e-01 9.543612003326416016e-01 1.372299939393997192e-01 1.213895063847303391e-02
9.008666872978210449e-01 1.945938616991043091e-01 3.880358636379241943e-01 -1.575462706387042999e-02
0.000000000000000000e+00 0.000000000000000000e+00 0.000000000000000000e+00 1.000000000000000000e+00
3.193861544132232666e-01 2.329425364732742310e-01 -9.185475707054138184e-01 4.099259674549102783e-01
-1.929725557565689087e-01 9.649930596351623535e-01 1.776229292154312134e-01 -5.437310785055160522e-03
9.277682304382324219e-01 1.205242797732353210e-01 3.531568944454193115e-01 -1.095547899603843689e-02
0.000000000000000000e+00 0.000000000000000000e+00 0.000000000000000000e+00 1.000000000000000000e+00
3.252034783363342285e-01 2.404029667377471924e-01 -9.145758748054504395e-01 4.038821160793304443e-01
-1.673745661973953247e-01 9.665091633796691895e-01 1.945392042398452759e-01 -1.493988838046789169e-02
9.307140111923217773e-01 8.981189876794815063e-02 3.545495867729187012e-01 -1.512347441166639328e-02
0.000000000000000000e+00 0.000000000000000000e+00 0.000000000000000000e+00 1.000000000000000000e+00
2.795026302337646484e-01 2.633416354656219482e-01 -9.233255386352539062e-01 3.823338449001312256e-01
-6.619518250226974487e-02 9.646491408348083496e-01 2.550894618034362793e-01 -4.554027691483497620e-02
9.578602313995361328e-01 -1.017838437110185623e-02 2.870537042617797852e-01 -8.490983163937926292e-04
0.000000000000000000e+00 0.000000000000000000e+00 0.000000000000000000e+00 1.000000000000000000e+00
2.554921209812164307e-01 3.110678493976593018e-01 -9.154017567634582520e-01 3.609621524810791016e-01
-3.291862830519676208e-02 9.490759968757629395e-01 3.133230805397033691e-01 -7.675416767597198486e-02
9.662507176399230957e-01 -4.991780593991279602e-02 2.527214288711547852e-01 6.648895796388387680e-03
0.000000000000000000e+00 0.000000000000000000e+00 0.000000000000000000e+00 1.000000000000000000e+00
2.589887380599975586e-01 3.683609664440155029e-01 -8.928799629211425781e-01 3.423491716384887695e-01
1.389007177203893661e-02 9.229051470756530762e-01 3.847768008708953857e-01 -1.046446710824966431e-01
9.657804965972900391e-01 -1.120550632476806641e-01 2.339056879281997681e-01 1.016044337302446365e-02
0.000000000000000000e+00 0.000000000000000000e+00 0.000000000000000000e+00 1.000000000000000000e+00
2.969212532043457031e-01 3.956572413444519043e-01 -8.690759539604187012e-01 3.274894952774047852e-01
5.976022779941558838e-02 9.006373882293701172e-01 4.304430782794952393e-01 -1.220103427767753601e-01
9.530301690101623535e-01 -1.797438859939575195e-01 2.437737137079238892e-01 2.904508262872695923e-03
0.000000000000000000e+00 0.000000000000000000e+00 0.000000000000000000e+00 1.000000000000000000e+00
3.359030187129974365e-01 4.499763548374176025e-01 -8.274600505828857422e-01 3.047719895839691162e-01
1.267019212245941162e-01 8.489332199096679688e-01 5.130873918533325195e-01 -1.523741930723190308e-01
9.333360195159912109e-01 -2.771883606910705566e-01 2.281463742256164551e-01 3.023326862603425980e-03
0.000000000000000000e+00 0.000000000000000000e+00 0.000000000000000000e+00 1.000000000000000000e+00
3.511779010295867920e-01 4.915142059326171875e-01 -7.969239354133605957e-01 2.899880409240722656e-01
1.494134664535522461e-01 8.108088374137878418e-01 5.659194588661193848e-01 -1.723325848579406738e-01
9.243106245994567871e-01 -3.178096115589141846e-01 2.112993448972702026e-01 5.358794704079627991e-03
0.000000000000000000e+00 0.000000000000000000e+00 0.000000000000000000e+00 1.000000000000000000e+00
3.556317687034606934e-01 5.457752943038940430e-01 -7.587193250656127930e-01 2.713318765163421631e-01
1.678220182657241821e-01 7.613058090209960938e-01 6.262984275817871094e-01 -1.922952383756637573e-01
9.194355010986328125e-01 -3.500613570213317871e-01 1.791514605283737183e-01 1.258842553943395615e-02
0.000000000000000000e+00 0.000000000000000000e+00 0.000000000000000000e+00 1.000000000000000000e+00
3.927954137325286865e-01 5.543327331542968750e-01 -7.337756752967834473e-01 2.581872940063476562e-01
1.718416959047317505e-01 7.396100163459777832e-01 6.507279276847839355e-01 -2.006602138280868530e-01
9.034277200698852539e-01 -3.816961646080017090e-01 1.952580064535140991e-01 4.183765966445207596e-03
0.000000000000000000e+00 0.000000000000000000e+00 0.000000000000000000e+00 1.000000000000000000e+00
3.929236829280853271e-01 5.762670040130615234e-01 -7.166084051132202148e-01 2.460573911666870117e-01
1.821008622646331787e-01 7.150914072990417480e-01 6.748948693275451660e-01 -2.081606537103652954e-01
9.013602137565612793e-01 -3.956770300865173340e-01 1.760378330945968628e-01 7.263478823006153107e-03
0.000000000000000000e+00 0.000000000000000000e+00 0.000000000000000000e+00 1.000000000000000000e+00
3.857434093952178955e-01 6.124595999717712402e-01 -6.899963617324829102e-01 2.315857857465744019e-01
1.878424137830734253e-01 6.800766587257385254e-01 7.086683511734008789e-01 -2.176632136106491089e-01
9.032812714576721191e-01 -4.029746949672698975e-01 1.472892761230468750e-01 1.198955439031124115e-02
0.000000000000000000e+00 0.000000000000000000e+00 0.000000000000000000e+00 1.000000000000000000e+00
3.079329729080200195e-01 6.953260302543640137e-01 -6.493835449218750000e-01 2.082344293594360352e-01
1.462130993604660034e-01 6.398560404777526855e-01 7.544570565223693848e-01 -2.295101284980773926e-01
9.401056170463562012e-01 -3.272706568241119385e-01 9.536702930927276611e-02 1.842190884053707123e-02
0.000000000000000000e+00 0.000000000000000000e+00 0.000000000000000000e+00 1.000000000000000000e+00
2.142476588487625122e-01 7.455071806907653809e-01 -6.311236619949340820e-01 1.985921710729598999e-01
1.390776038169860840e-01 6.162615418434143066e-01 7.751638889312744141e-01 -2.334124445915222168e-01
9.668278098106384277e-01 -2.538522779941558838e-01 2.834919281303882599e-02 3.260844573378562927e-02
0.000000000000000000e+00 0.000000000000000000e+00 0.000000000000000000e+00 1.000000000000000000e+00
2.715468704700469971e-01 7.786710858345031738e-01 -5.656264424324035645e-01 1.759289801120758057e-01
1.342169195413589478e-01 5.513277649879455566e-01 8.234216570854187012e-01 -2.440170943737030029e-01
9.530205130577087402e-01 -2.995142936706542969e-01 4.520059004426002502e-02 1.685898751020431519e-02
0.000000000000000000e+00 0.000000000000000000e+00 0.000000000000000000e+00 1.000000000000000000e+00
4.220043122768402100e-01 7.492909431457519531e-01 -5.103674530982971191e-01 1.562405079603195190e-01
1.239850223064422607e-01 5.099622607231140137e-01 8.512144684791564941e-01 -2.476665526628494263e-01
8.980756402015686035e-01 -4.224940836429595947e-01 1.223053187131881714e-01 -1.318887900561094284e-02
0.000000000000000000e+00 0.000000000000000000e+00 0.000000000000000000e+00 1.000000000000000000e+00
5.613081455230712891e-01 7.129669785499572754e-01 -4.202511310577392578e-01 1.252541095018386841e-01
4.590657353401184082e-02 4.801865518093109131e-01 8.759642839431762695e-01 -2.471664249897003174e-01
8.263326287269592285e-01 -5.109779238700866699e-01 2.368025928735733032e-01 -4.984540864825248718e-02
0.000000000000000000e+00 0.000000000000000000e+00 0.000000000000000000e+00 1.000000000000000000e+00
6.574906110763549805e-01 6.778918504714965820e-01 -3.288900256156921387e-01 1.023506894707679749e-01
-1.748356409370899200e-02 4.501134753227233887e-01 8.928003907203674316e-01 -2.434285283088684082e-01
7.532600164413452148e-01 -5.812574625015258789e-01 3.077974319458007812e-01 -6.951073557138442993e-02
0.000000000000000000e+00 0.000000000000000000e+00 0.000000000000000000e+00 1.000000000000000000e+00
6.547849178314208984e-01 7.248169183731079102e-01 -2.142363190650939941e-01 7.685564458370208740e-02
-9.429695457220077515e-02 3.595777750015258789e-01 9.283385276794433594e-01 -2.558570206165313721e-01
7.499099373817443848e-01 -5.876602530479431152e-01 3.037943243980407715e-01 -6.467150151729583740e-02
0.000000000000000000e+00 0.000000000000000000e+00 0.000000000000000000e+00 1.000000000000000000e+00
6.444914340972900391e-01 7.596214413642883301e-01 -8.721076697111129761e-02 4.278591275215148926e-02
-1.691089421510696411e-01 2.528461515903472900e-01 9.526125788688659668e-01 -2.715390026569366455e-01
7.456759214401245117e-01 -5.992029309272766113e-01 2.914159595966339111e-01 -5.748087540268898010e-02
0.000000000000000000e+00 0.000000000000000000e+00 0.000000000000000000e+00 1.000000000000000000e+00
6.586999893188476562e-01 7.519288063049316406e-01 2.679173462092876434e-02 6.982462946325540543e-03
-2.020375579595565796e-01 1.424629688262939453e-01 9.689603447914123535e-01 -2.847339808940887451e-01
7.247725725173950195e-01 -6.436671018600463867e-01 2.457581609487533569e-01 -4.321883246302604675e-02
0.000000000000000000e+00 0.000000000000000000e+00 0.000000000000000000e+00 1.000000000000000000e+00
6.704046726226806641e-01 7.294905781745910645e-01 1.356509476900100708e-01 -3.321217000484466553e-02
-2.320337742567062378e-01 3.246271982789039612e-02 9.721660614013671875e-01 -2.922777533531188965e-01
7.047822475433349609e-01 -6.832202076911926270e-01 1.910296082496643066e-01 -2.810218371450901031e-02
0.000000000000000000e+00 0.000000000000000000e+00 0.000000000000000000e+00 1.000000000000000000e+00
6.823848485946655273e-01 6.926186680793762207e-01 2.337309867143630981e-01 -7.222159951925277710e-02
-2.370334714651107788e-01 -9.281214326620101929e-02 9.670580029487609863e-01 -2.977451682090759277e-01
6.914954781532287598e-01 -7.153077721595764160e-01 1.008401960134506226e-01 -2.649870002642273903e-03
0.000000000000000000e+00 0.000000000000000000e+00 0.000000000000000000e+00 1.000000000000000000e+00
6.461226940155029297e-01 7.555625438690185547e-01 1.079377830028533936e-01 -2.417091280221939087e-02
-2.986157238483428955e-01 1.201071143150329590e-01 9.467856287956237793e-01 -2.737571001052856445e-01
7.023917436599731445e-01 -6.439714431762695312e-01 3.032267689704895020e-01 -7.527937740087509155e-02
0.000000000000000000e+00 0.000000000000000000e+00 0.000000000000000000e+00 1.000000000000000000e+00
6.359584331512451172e-01 7.705119848251342773e-01 4.321675375103950500e-02 -5.685028154402971268e-04
-3.717077672481536865e-01 2.567584514617919922e-01 8.921369314193725586e-01 -2.472597807645797729e-01
6.763060092926025391e-01 -5.834262371063232422e-01 4.496932327747344971e-01 -1.168145313858985901e-01
0.000000000000000000e+00 0.000000000000000000e+00 0.000000000000000000e+00 1.000000000000000000e+00
6.288815140724182129e-01 7.756814956665039062e-01 -5.316231399774551392e-02 2.982977963984012604e-02
-4.432000815868377686e-01 4.138224422931671143e-01 7.951883077621459961e-01 -2.052664607763290405e-01
6.388126611709594727e-01 -4.765176475048065186e-01 6.040274500846862793e-01 -1.566766649484634399e-01
0.000000000000000000e+00 0.000000000000000000e+00 0.000000000000000000e+00 1.000000000000000000e+00
6.263194084167480469e-01 7.702275514602661133e-01 -1.203056052327156067e-01 4.988725855946540833e-02
-5.097282528877258301e-01 5.213835835456848145e-01 6.843509078025817871e-01 -1.627640426158905029e-01
5.898313522338867188e-01 -3.672990500926971436e-01 7.191594839096069336e-01 -1.823269724845886230e-01
0.000000000000000000e+00 0.000000000000000000e+00 0.000000000000000000e+00 1.000000000000000000e+00
6.274232864379882812e-01 7.646675705909729004e-01 -1.470492333173751831e-01 5.630736798048019409e-02
-5.682224631309509277e-01 5.787299871444702148e-01 5.849742293357849121e-01 -1.292076706886291504e-01
5.324126482009887695e-01 -2.834697663784027100e-01 7.976099848747253418e-01 -1.986093819141387939e-01
0.000000000000000000e+00 0.000000000000000000e+00 0.000000000000000000e+00 1.000000000000000000e+00
6.096113920211791992e-01 7.809539437294006348e-01 -1.359586566686630249e-01 5.005792900919914246e-02
-6.613185405731201172e-01 5.956059098243713379e-01 4.559729099273681641e-01 -9.393937140703201294e-02
4.370716512203216553e-01 -1.880542486906051636e-01 8.795475363731384277e-01 -2.151235193014144897e-01
0.000000000000000000e+00 0.000000000000000000e+00 0.000000000000000000e+00 1.000000000000000000e+00
5.943584442138671875e-01 7.867043018341064453e-01 -1.668361127376556396e-01 5.403853952884674072e-02
-7.100423574447631836e-01 6.107591986656188965e-01 3.504466414451599121e-01 -6.329785287380218506e-02
3.775946199893951416e-01 -8.983018249273300171e-02 9.216033816337585449e-01 -2.217643558979034424e-01
0.000000000000000000e+00 0.000000000000000000e+00 0.000000000000000000e+00 1.000000000000000000e+00
5.837891697883605957e-01 7.824290394783020020e-01 -2.167834043502807617e-01 6.278372555971145630e-02
-7.519055008888244629e-01 6.217542290687561035e-01 2.192254811525344849e-01 -2.566024474799633026e-02
3.063143789768218994e-01 3.501915186643600464e-02 9.512858390808105469e-01 -2.243642359972000122e-01
0.000000000000000000e+00 0.000000000000000000e+00 0.000000000000000000e+00 1.000000000000000000e+00
5.712131857872009277e-01 7.902905941009521484e-01 -2.217116057872772217e-01 6.256972998380661011e-02
-7.813324928283691406e-01 6.062878966331481934e-01 1.481030285358428955e-01 -6.104051135480403900e-03
2.514655292034149170e-01 8.863209933042526245e-02 9.637994170188903809e-01 -2.254126816987991333e-01
0.000000000000000000e+00 0.000000000000000000e+00 0.000000000000000000e+00 1.000000000000000000e+00
5.455262064933776855e-01 8.047224283218383789e-01 -2.341435998678207397e-01 6.276234239339828491e-02
-8.252937793731689453e-01 5.644448995590209961e-01 1.709210872650146484e-02 2.832686714828014374e-02
1.459154635667800903e-01 1.839131414890289307e-01 9.720517992973327637e-01 -2.252179831266403198e-01
0.000000000000000000e+00 0.000000000000000000e+00 0.000000000000000000e+00 1.000000000000000000e+00
5.301678180694580078e-01 8.117904067039489746e-01 -2.447821497917175293e-01 6.266435235738754272e-02
-8.473720550537109375e-01 5.173975229263305664e-01 -1.194170787930488586e-01 6.420375406742095947e-02
2.970799617469310760e-02 2.707326710224151611e-01 9.621961116790771484e-01 -2.206203490495681763e-01
0.000000000000000000e+00 0.000000000000000000e+00 0.000000000000000000e+00 1.000000000000000000e+00
5.383828878402709961e-01 7.994046807289123535e-01 -2.666380107402801514e-01 6.503263115882873535e-02
-8.400151729583740234e-01 4.838565289974212646e-01 -2.454734146595001221e-01 9.638313204050064087e-02
-6.721810996532440186e-02 3.561385571956634521e-01 9.320122599601745605e-01 -2.091627120971679688e-01
0.000000000000000000e+00 0.000000000000000000e+00 0.000000000000000000e+00 1.000000000000000000e+00
4.947212934494018555e-01 8.231412172317504883e-01 -2.787280380725860596e-01 6.739610433578491211e-02
-8.446416854858398438e-01 3.799431324005126953e-01 -3.771252930164337158e-01 1.302504837512969971e-01
-2.045266479253768921e-01 4.219972193241119385e-01 8.832255005836486816e-01 -1.903084814548492432e-01
0.000000000000000000e+00 0.000000000000000000e+00 0.000000000000000000e+00 1.000000000000000000e+00
4.761172831058502197e-01 8.278201818466186523e-01 -2.966921031475067139e-01 7.222818583250045776e-02
-8.254293203353881836e-01 3.043444454669952393e-01 -4.754376709461212158e-01 1.553395390510559082e-01
-3.032802641391754150e-01 4.712622761726379395e-01 8.282106518745422363e-01 -1.721965968608856201e-01
0.000000000000000000e+00 0.000000000000000000e+00 0.000000000000000000e+00 1.000000000000000000e+00
4.536909162998199463e-01 8.386173248291015625e-01 -3.014712929725646973e-01 7.701694965362548828e-02
-8.057093024253845215e-01 2.414553761482238770e-01 -5.408619046211242676e-01 1.716280430555343628e-01
-3.807844519615173340e-01 4.882824718952178955e-01 7.852282524108886719e-01 -1.574530750513076782e-01
0.000000000000000000e+00 0.000000000000000000e+00 0.000000000000000000e+00 1.000000000000000000e+00
3.993554711341857910e-01 8.713614344596862793e-01 -2.850334942340850830e-01 7.938482612371444702e-02
-7.866732478141784668e-01 1.660323143005371094e-01 -5.946248769760131836e-01 1.830384880304336548e-01
-4.708085358142852783e-01 4.616950452327728271e-01 7.517828941345214844e-01 -1.424204856157302856e-01
0.000000000000000000e+00 0.000000000000000000e+00 0.000000000000000000e+00 1.000000000000000000e+00
3.633168041706085205e-01 8.902190327644348145e-01 -2.747918665409088135e-01 8.444054424762725830e-02
-7.762321233749389648e-01 1.261247694492340088e-01 -6.177021861076354980e-01 1.855552047491073608e-01
-5.152322053909301758e-01 4.377239644527435303e-01 7.368401288986206055e-01 -1.321989148855209351e-01
0.000000000000000000e+00 0.000000000000000000e+00 0.000000000000000000e+00 1.000000000000000000e+00
2.610440850257873535e-01 9.384850263595581055e-01 -2.260573953390121460e-01 8.235879242420196533e-02
-7.703238725662231445e-01 6.138829886913299561e-02 -6.346908807754516602e-01 1.840928345918655396e-01
-5.817704200744628906e-01 3.398197591304779053e-01 7.389624714851379395e-01 -1.270586252212524414e-01
0.000000000000000000e+00 0.000000000000000000e+00 0.000000000000000000e+00 1.000000000000000000e+00
7.613675296306610107e-02 9.799317121505737305e-01 -1.842207461595535278e-01 8.359823375940322876e-02
-7.831336259841918945e-01 -5.558998137712478638e-02 -6.193640828132629395e-01 1.676276326179504395e-01
-6.171749830245971680e-01 1.914257556200027466e-01 7.631849646568298340e-01 -1.312231868505477905e-01
0.000000000000000000e+00 0.000000000000000000e+00 0.000000000000000000e+00 1.000000000000000000e+00
-1.006634905934333801e-01 9.818418622016906738e-01 -1.607902646064758301e-01 8.001258969306945801e-02
-7.871137857437133789e-01 -1.774400323629379272e-01 -5.907343029975891113e-01 1.511471569538116455e-01
-6.085382103919982910e-01 6.709488481283187866e-02 7.906830906867980957e-01 -1.390684098005294800e-01
0.000000000000000000e+00 0.000000000000000000e+00 0.000000000000000000e+00 1.000000000000000000e+00
-2.168687134981155396e-01 9.592138528823852539e-01 -1.813177317380905151e-01 8.358240872621536255e-02
-7.505232691764831543e-01 -2.826047837734222412e-01 -5.973687171936035156e-01 1.554717123508453369e-01
-6.242458224296569824e-01 6.532510276883840561e-03 7.812007069587707520e-01 -1.347681879997253418e-01
0.000000000000000000e+00 0.000000000000000000e+00 0.000000000000000000e+00 1.000000000000000000e+00
-2.687835693359375000e-01 9.523359537124633789e-01 -1.442614346742630005e-01 8.187218010425567627e-02
-7.059969902038574219e-01 -2.966727912425994873e-01 -6.430812478065490723e-01 1.699181497097015381e-01
-6.552279591560363770e-01 -7.100151479244232178e-02 7.520872950553894043e-01 -1.249676719307899475e-01
0.000000000000000000e+00 0.000000000000000000e+00 0.000000000000000000e+00 1.000000000000000000e+00
-3.654224574565887451e-01 9.239040613174438477e-01 -1.134353131055831909e-01 8.621890097856521606e-02
-6.927174925804138184e-01 -3.513163328170776367e-01 -6.298565268516540527e-01 1.639619022607803345e-01
-6.217787265777587891e-01 -1.515851765871047974e-01 7.683835029602050781e-01 -1.216324195265769958e-01
0.000000000000000000e+00 0.000000000000000000e+00 0.000000000000000000e+00 1.000000000000000000e+00
2.099778503179550171e-01 9.305346012115478516e-01 -3.000246882438659668e-01 8.145694434642791748e-02
-7.341352105140686035e-01 -5.260764807462692261e-02 -6.769621968269348145e-01 1.832692772150039673e-01
-6.457204222679138184e-01 3.624057769775390625e-01 6.720918416976928711e-01 -1.027485653758049011e-01
0.000000000000000000e+00 0.000000000000000000e+00 0.000000000000000000e+00 1.000000000000000000e+00
5.283095240592956543e-01 7.861032485961914062e-01 -3.208274543285369873e-01 6.977654248476028442e-02
-7.675934433937072754e-01 2.807105779647827148e-01 -5.761958956718444824e-01 1.743588298559188843e-01
-3.628900051116943359e-01 5.506747961044311523e-01 7.517099976539611816e-01 -1.585187613964080811e-01
0.000000000000000000e+00 0.000000000000000000e+00 0.000000000000000000e+00 1.000000000000000000e+00
5.946744084358215332e-01 7.377820611000061035e-01 -3.194372057914733887e-01 6.687102466821670532e-02
-7.673327922821044922e-01 4.022809267044067383e-01 -4.993703365325927734e-01 1.569954305887222290e-01
-2.399228513240814209e-01 5.420770645141601562e-01 8.053502440452575684e-01 -1.872579902410507202e-01
0.000000000000000000e+00 0.000000000000000000e+00 0.000000000000000000e+00 1.000000000000000000e+00
5.997571945190429688e-01 7.463658452033996582e-01 -2.884947657585144043e-01 5.849486216902732849e-02
-7.715388536453247070e-01 4.437949955463409424e-01 -4.558223783969879150e-01 1.472557783126831055e-01
-2.121777087450027466e-01 4.959675073623657227e-01 8.420193195343017578e-01 -2.035027742385864258e-01
0.000000000000000000e+00 0.000000000000000000e+00 0.000000000000000000e+00 1.000000000000000000e+00
6.244453191757202148e-01 7.484633326530456543e-01 -2.233174741268157959e-01 3.912596777081489563e-02
-7.602235674858093262e-01 5.167964100837707520e-01 -3.936764597892761230e-01 1.303846389055252075e-01
-1.792427450418472290e-01 4.156006872653961182e-01 8.917107582092285156e-01 -2.230741828680038452e-01
0.000000000000000000e+00 0.000000000000000000e+00 0.000000000000000000e+00 1.000000000000000000e+00
6.365959644317626953e-01 7.573065757751464844e-01 -1.457133889198303223e-01 1.657979190349578857e-02
-7.455950379371643066e-01 5.560955405235290527e-01 -3.672132194042205811e-01 1.240588426589965820e-01
-1.970624625682830811e-01 3.424094915390014648e-01 9.186522960662841797e-01 -2.346478849649429321e-01
0.000000000000000000e+00 0.000000000000000000e+00 0.000000000000000000e+00 1.000000000000000000e+00
6.498107910156250000e-01 7.567213773727416992e-01 -7.154285162687301636e-02 -6.473719608038663864e-03
-7.311529517173767090e-01 5.965661406517028809e-01 -3.309439718723297119e-01 1.140407025814056396e-01
-2.077524662017822266e-01 2.673597335815429688e-01 9.409344196319580078e-01 -2.448468655347824097e-01
0.000000000000000000e+00 0.000000000000000000e+00 0.000000000000000000e+00 1.000000000000000000e+00
6.667522788047790527e-01 7.450900077819824219e-01 -1.679197326302528381e-02 -2.465763315558433533e-02
-7.199434638023376465e-01 6.380977630615234375e-01 -2.729694247245788574e-01 9.705891460180282593e-02
-1.926719695329666138e-01 1.940921992063522339e-01 9.618761539459228516e-01 -2.547919154167175293e-01
0.000000000000000000e+00 0.000000000000000000e+00 0.000000000000000000e+00 1.000000000000000000e+00
7.087283730506896973e-01 7.030620574951171875e-01 5.837307870388031006e-02 -5.251175910234451294e-02
-6.808204650878906250e-01 7.032944560050964355e-01 -2.045972496271133423e-01 7.662776112556457520e-02
-1.848981380462646484e-01 1.052622571587562561e-01 9.771041274070739746e-01 -2.633377015590667725e-01
0.000000000000000000e+00 0.000000000000000000e+00 0.000000000000000000e+00 1.000000000000000000e+00
7.451485991477966309e-01 6.601315140724182129e-01 9.476103633642196655e-02 -6.772735714912414551e-02
-6.452113986015319824e-01 7.495436072349548340e-01 -1.479404270648956299e-01 5.788708478212356567e-02
-1.686877310276031494e-01 4.909663274884223938e-02 9.844460487365722656e-01 -2.688364088535308838e-01
0.000000000000000000e+00 0.000000000000000000e+00 0.000000000000000000e+00 1.000000000000000000e+00
7.715904712677001953e-01 6.155791878700256348e-01 1.603435277938842773e-01 -9.226199984550476074e-02
-6.143215298652648926e-01 7.865101099014282227e-01 -6.332953274250030518e-02 3.025136701762676239e-02
-1.650961637496948242e-01 -4.963810741901397705e-02 9.850274920463562012e-01 -2.714545130729675293e-01
0.000000000000000000e+00 0.000000000000000000e+00 0.000000000000000000e+00 1.000000000000000000e+00
7.911945581436157227e-01 5.754624605178833008e-01 2.070121467113494873e-01 -1.107339709997177124e-01
-5.907279253005981445e-01 8.067282438278198242e-01 1.516270078718662262e-02 4.551039077341556549e-03
-1.582769900560379028e-01 -1.342845261096954346e-01 9.782208204269409180e-01 -2.726468741893768311e-01
0.000000000000000000e+00 0.000000000000000000e+00 0.000000000000000000e+00 1.000000000000000000e+00
8.249139189720153809e-01 5.150040984153747559e-01 2.329966425895690918e-01 -1.232357844710350037e-01
-5.475554466247558594e-01 8.303874731063842773e-01 1.031481102108955383e-01 -2.626456692814826965e-02
-1.403557509183883667e-01 -2.126669585704803467e-01 9.669916629791259766e-01 -2.721156179904937744e-01
0.000000000000000000e+00 0.000000000000000000e+00 0.000000000000000000e+00 1.000000000000000000e+00
8.421377539634704590e-01 4.922307729721069336e-01 2.202562689781188965e-01 -1.237389221787452698e-01
-5.332812070846557617e-01 8.208287954330444336e-01 2.045754045248031616e-01 -6.077017635107040405e-02
-8.009429275989532471e-02 -2.897392511367797852e-01 9.537484049797058105e-01 -2.721516489982604980e-01
0.000000000000000000e+00 0.000000000000000000e+00 0.000000000000000000e+00 1.000000000000000000e+00
8.552358746528625488e-01 4.849658012390136719e-01 1.827006191015243530e-01 -1.156373098492622375e-01
-5.181516408920288086e-01 8.066525459289550781e-01 2.843066155910491943e-01 -8.981149643659591675e-02
-9.496797807514667511e-03 -3.378159403800964355e-01 9.411642551422119141e-01 -2.724922895431518555e-01
0.000000000000000000e+00 0.000000000000000000e+00 0.000000000000000000e+00 1.000000000000000000e+00
8.628740906715393066e-01 4.868239462375640869e-01 1.358332037925720215e-01 -1.044337302446365356e-01
-5.004499554634094238e-01 7.853643894195556641e-01 3.643519878387451172e-01 -1.185571998357772827e-01
7.069677859544754028e-02 -3.823676407337188721e-01 9.213017225265502930e-01 -2.715019881725311279e-01
0.000000000000000000e+00 0.000000000000000000e+00 0.000000000000000000e+00 1.000000000000000000e+00
8.769842386245727539e-01 4.723614156246185303e-01 8.816558122634887695e-02 -9.331565350294113159e-02
-4.580332040786743164e-01 7.662842869758605957e-01 4.505703449249267578e-01 -1.508457809686660767e-01
1.452723145484924316e-01 -4.355258345603942871e-01 8.883765935897827148e-01 -2.672811448574066162e-01
0.000000000000000000e+00 0.000000000000000000e+00 0.000000000000000000e+00 1.000000000000000000e+00
8.982158303260803223e-01 4.379734396934509277e-01 3.724662587046623230e-02 -7.996504753828048706e-02
-3.855896592140197754e-01 7.444267868995666504e-01 5.451137423515319824e-01 -1.881327927112579346e-01
2.110181301832199097e-01 -5.039917826652526855e-01 8.375341296195983887e-01 -2.619097828865051270e-01
0.000000000000000000e+00 0.000000000000000000e+00 0.000000000000000000e+00 1.000000000000000000e+00
9.314212203025817871e-01 3.635601997375488281e-01 1.668603532016277313e-02 -7.476205378770828247e-02
-2.963809669017791748e-01 7.311074733734130859e-01 6.145241260528564453e-01 -2.141385823488235474e-01
2.112173289060592651e-01 -5.773261189460754395e-01 7.887214422225952148e-01 -2.561567127704620361e-01
0.000000000000000000e+00 0.000000000000000000e+00 0.000000000000000000e+00 1.000000000000000000e+00
9.520189762115478516e-01 3.017503321170806885e-01 -5.105500668287277222e-02 -5.344641208648681641e-02
-1.899789124727249146e-01 7.134904265403747559e-01 6.744176149368286133e-01 -2.387305498123168945e-01
2.399331033229827881e-01 -6.323589682579040527e-01 7.365826368331909180e-01 -2.495775073766708374e-01
0.000000000000000000e+00 0.000000000000000000e+00 0.000000000000000000e+00 1.000000000000000000e+00
9.364258646965026855e-01 3.197462260723114014e-01 -1.444608867168426514e-01 -2.078198269009590149e-02
-1.208852753043174744e-01 6.805347204208374023e-01 7.226749658584594727e-01 -2.568022906780242920e-01
3.293832838535308838e-01 -6.592682600021362305e-01 6.759229302406311035e-01 -2.410824000835418701e-01
0.000000000000000000e+00 0.000000000000000000e+00 0.000000000000000000e+00 1.000000000000000000e+00
8.948950171470642090e-01 3.802507817745208740e-01 -2.336070090532302856e-01 1.439060084521770477e-02
-8.128998428583145142e-02 6.535905599594116211e-01 7.524700164794921875e-01 -2.685297429561614990e-01
4.388107061386108398e-01 -6.543917059898376465e-01 6.158055067062377930e-01 -2.284287810325622559e-01
0.000000000000000000e+00 0.000000000000000000e+00 0.000000000000000000e+00 1.000000000000000000e+00
