0.4057935774326324 0.91182941198349 -0.06243827193975449 0.0160179790109396 
-0.9138283133506775 0.4059652090072632 -0.01048504747450352 0.0463155172765255 
0.01578718423843384 0.06131263077259064 0.9979937672615051 -0.31467005610466 
0 0 0 1 

0.2914578318595886 0.9540212750434875 -0.06996943801641464 0.02353820390999317 
-0.9554498791694641 0.2938928008079529 0.0272494051605463 0.03285739570856094 
0.04656002297997475 0.05891023948788643 0.9971768856048584 -0.3170409500598907 
0 0 0 1 

0.1776212900876999 0.9808033108711243 -0.08046954125165939 0.03208153322339058 
-0.9817377924919128 0.1822625249624252 0.05450684577226639 0.02298439480364323 
0.06812708079814911 0.06931842118501663 0.9952656030654907 -0.3177576661109924 
0 0 0 1 

0.1013098061084747 0.9911363124847412 -0.08593474328517914 0.03681937232613564 
-0.9904822111129761 0.1085773110389709 0.08459102362394333 0.01175990980118513 
0.09317179769277573 0.07654695957899094 0.9927031397819519 -0.3172582387924194 
0 0 0 1 

0.01745682023465633 0.995613157749176 -0.09192288666963577 0.04371025785803795 
-0.997285783290863 0.0239156149327755 0.06963662803173065 0.01869555003941059 
0.07152952998876572 0.0904577374458313 0.9933282136917114 -0.3112943768501282 
0 0 0 1 

-0.09288488328456879 0.8804805874824524 -0.4648938477039337 0.1720279604196548 
-0.9902600646018982 -0.03305413946509361 0.135249525308609 -0.002468583406880498 
0.1037179157137871 0.4729284346103668 0.8749750256538391 -0.2664815485477448 
0 0 0 1 

-0.1649360954761505 0.856496274471283 -0.489090770483017 0.1815689206123352 
-0.9773710370063782 -0.07534277439117432 0.1976584196090698 -0.02443873509764671 
0.1324441581964493 0.5106242895126343 0.8495418429374695 -0.2593849003314972 
0 0 0 1 

-0.1325697749853134 0.7986485362052917 -0.5870141386985779 0.2062135487794876 
-0.9911176562309265 -0.1131075993180275 0.0699455663561821 0.01662307977676392 
-0.01053380221128464 0.5910727977752686 0.8065494298934937 -0.2388717234134674 
0 0 0 1 

-0.08558740466833115 0.7300754189491272 -0.6779857277870178 0.2250452488660812 
-0.9945264458656311 -0.02166887745261192 0.102213129401207 0.009437219239771366 
0.05993208661675453 0.6830229163169861 0.727933943271637 -0.2241429388523102 
0 0 0 1 

-0.08614935725927353 0.729796826839447 -0.6782143115997314 0.2283759564161301 
-0.9928340315818787 -0.006300345528870821 0.1193340122699738 0.004691905807703733 
0.08281649649143219 0.6836349368095398 0.7251101136207581 -0.2232804894447327 
0 0 0 1 

