1.000000000000000000e+00 0.000000000000000000e+00 0.000000000000000000e+00 -4.542167112231254578e-02
0.000000000000000000e+00 1.000000000000000000e+00 0.000000000000000000e+00 9.935460984706878662e-04
0.000000000000000000e+00 0.000000000000000000e+00 1.000000000000000000e+00 -2.875000238418579102e-01
0.000000000000000000e+00 0.000000000000000000e+00 0.000000000000000000e+00 1.000000000000000000e+00
9.967675805091857910e-01 7.909561693668365479e-02 1.407769881188869476e-02 -4.818937927484512329e-02
-7.883354276418685913e-02 9.967199563980102539e-01 -1.828791201114654541e-02 9.858525358140468597e-03
-1.547801308333873749e-02 1.711900718510150909e-02 9.997336268424987793e-01 -2.933116853237152100e-01
0.000000000000000000e+00 0.000000000000000000e+00 0.000000000000000000e+00 1.000000000000000000e+00
9.860049486160278320e-01 1.631781905889511108e-01 3.416334465146064758e-02 -5.247753486037254333e-02
-1.614112406969070435e-01 9.856539964675903320e-01 -4.932006448507308960e-02 2.440058998763561249e-02
-4.172124713659286499e-02 4.311542585492134094e-02 9.981986284255981445e-01 -2.924283444881439209e-01
0.000000000000000000e+00 0.000000000000000000e+00 0.000000000000000000e+00 1.000000000000000000e+00
9.663423895835876465e-01 2.547508776187896729e-01 3.583635017275810242e-02 -5.073010548949241638e-02
-2.514321506023406982e-01 9.647264480590820312e-01 -7.800428569316864014e-02 3.812567517161369324e-02
-5.444394424557685852e-02 6.636844575405120850e-02 9.963087439537048340e-01 -2.918651700019836426e-01
0.000000000000000000e+00 0.000000000000000000e+00 0.000000000000000000e+00 1.000000000000000000e+00
9.375924468040466309e-01 3.436542451381683350e-01 5.312418192625045776e-02 -5.309563502669334412e-02
-3.355523049831390381e-01 9.342063069343566895e-01 -1.210898607969284058e-01 5.612805858254432678e-02
-9.124207496643066406e-02 9.570695459842681885e-02 9.912189245223999023e-01 -2.890478372573852539e-01
0.000000000000000000e+00 0.000000000000000000e+00 0.000000000000000000e+00 1.000000000000000000e+00
8.939282894134521484e-01 4.473918378353118896e-01 2.707000076770782471e-02 -4.202922433614730835e-02
-4.399951696395874023e-01 8.874524831771850586e-01 -1.372304856777191162e-01 6.498252600431442261e-02
-8.541918545961380005e-02 1.107635200023651123e-01 9.901691079139709473e-01 -2.901042401790618896e-01
0.000000000000000000e+00 0.000000000000000000e+00 0.000000000000000000e+00 1.000000000000000000e+00
8.476636409759521484e-01 5.304244160652160645e-01 1.076873019337654114e-02 -3.428643196821212769e-02
-5.216605067253112793e-01 8.370115756988525391e-01 -1.651715189218521118e-01 7.747771590948104858e-02
-9.662460535764694214e-02 1.343922466039657593e-01 9.862059950828552246e-01 -2.888253927230834961e-01
0.000000000000000000e+00 0.000000000000000000e+00 0.000000000000000000e+00 1.000000000000000000e+00
7.947409749031066895e-01 6.068904995918273926e-01 -8.404991589486598969e-03 -2.513225935399532318e-02
-5.994816422462463379e-01 7.827227115631103516e-01 -1.672327667474746704e-01 8.189260214567184448e-02
-9.491322934627532959e-02 1.379453688859939575e-01 9.858816266059875488e-01 -2.898114323616027832e-01
0.000000000000000000e+00 0.000000000000000000e+00 0.000000000000000000e+00 1.000000000000000000e+00
7.218325734138488770e-01 6.910522580146789551e-01 -3.747473284602165222e-02 -1.092196162790060043e-02
-6.867178082466125488e-01 7.084819674491882324e-01 -1.627016961574554443e-01 8.351922035217285156e-02
-8.588524162769317627e-02 1.431779563426971436e-01 9.859634041786193848e-01 -2.906112968921661377e-01
0.000000000000000000e+00 0.000000000000000000e+00 0.000000000000000000e+00 1.000000000000000000e+00
6.479864716529846191e-01 7.607480287551879883e-01 -3.708976507186889648e-02 -5.922876764088869095e-03
-7.572961449623107910e-01 6.383162736892700195e-01 -1.380381584167480469e-01 7.836726307868957520e-02
-8.133731037378311157e-02 1.175347715616226196e-01 9.897321462631225586e-01 -2.934126853942871094e-01
0.000000000000000000e+00 0.000000000000000000e+00 0.000000000000000000e+00 1.000000000000000000e+00
5.486329197883605957e-01 8.346544504165649414e-01 -4.851427301764488220e-02 3.693833481520414352e-03
-8.343732953071594238e-01 5.429137945175170898e-01 -9.521431475877761841e-02 6.670761108398437500e-02
-5.313199386000633240e-02 9.271670877933502197e-02 9.942738413810729980e-01 -2.982711195945739746e-01
0.000000000000000000e+00 0.000000000000000000e+00 0.000000000000000000e+00 1.000000000000000000e+00
4.602024555206298828e-01 8.822262883186340332e-01 -9.945079684257507324e-02 2.584585733711719513e-02
-8.878026008605957031e-01 4.567335844039916992e-01 -5.657688900828361511e-02 5.522135645151138306e-02
-4.491113591939210892e-03 1.143295019865036011e-01 9.934327602386474609e-01 -3.018915057182312012e-01
0.000000000000000000e+00 0.000000000000000000e+00 0.000000000000000000e+00 1.000000000000000000e+00
3.544549345970153809e-01 9.286238551139831543e-01 -1.096339449286460876e-01 3.332212939858436584e-02
-9.348183870315551758e-01 3.546508252620697021e-01 -1.836846955120563507e-02 4.096867889165878296e-02
2.182437293231487274e-02 1.089986115694046021e-01 9.938023090362548828e-01 -3.035075068473815918e-01
0.000000000000000000e+00 0.000000000000000000e+00 0.000000000000000000e+00 1.000000000000000000e+00
2.703433334827423096e-01 9.540114402770996094e-01 -1.295236945152282715e-01 4.235025867819786072e-02
-9.592404365539550781e-01 2.784044444561004639e-01 4.846029356122016907e-02 1.611525379121303558e-02
8.229164779186248779e-02 1.111434921622276306e-01 9.903913736343383789e-01 -3.031656742095947266e-01
0.000000000000000000e+00 0.000000000000000000e+00 0.000000000000000000e+00 1.000000000000000000e+00
1.892007440328598022e-01 9.686363339424133301e-01 -1.610800623893737793e-01 5.371921136975288391e-02
-9.731338620185852051e-01 2.068825364112854004e-01 1.010448411107063293e-01 -3.459057537838816643e-03
1.312003135681152344e-01 1.376347094774246216e-01 9.817550182342529297e-01 -3.012678921222686768e-01
0.000000000000000000e+00 0.000000000000000000e+00 0.000000000000000000e+00 1.000000000000000000e+00
1.144455745816230774e-01 9.796571731567382812e-01 -1.648459732532501221e-01 5.660045519471168518e-02
-9.706329703330993652e-01 1.456131488084793091e-01 1.914899796247482300e-01 -3.433240950107574463e-02
2.115982472896575928e-01 1.380897313356399536e-01 9.675522446632385254e-01 -2.983184754848480225e-01
0.000000000000000000e+00 0.000000000000000000e+00 0.000000000000000000e+00 1.000000000000000000e+00
1.867839843034744263e-01 9.709562063217163086e-01 -1.495183855295181274e-01 5.093283206224441528e-02
-9.543787837028503418e-01 2.154339700937271118e-01 2.067590951919555664e-01 -3.867253288626670837e-02
2.329653203487396240e-01 1.040778756141662598e-01 9.668996930122375488e-01 -2.960790991783142090e-01
0.000000000000000000e+00 0.000000000000000000e+00 0.000000000000000000e+00 1.000000000000000000e+00
2.692398726940155029e-01 9.512155055999755859e-01 -1.506612896919250488e-01 4.897369816899299622e-02
-9.387708902359008789e-01 2.941361367702484131e-01 1.794245243072509766e-01 -2.800921723246574402e-02
2.149863243103027344e-01 9.312821924686431885e-02 9.721666574478149414e-01 -2.950471341609954834e-01
0.000000000000000000e+00 0.000000000000000000e+00 0.000000000000000000e+00 1.000000000000000000e+00
3.270178735256195068e-01 9.327362179756164551e-01 -1.518625020980834961e-01 4.745858535170555115e-02
-9.331243634223937988e-01 3.441208004951477051e-01 1.042103543877601624e-01 -1.623053802177309990e-03
1.494598239660263062e-01 1.076279655098915100e-01 9.828926324844360352e-01 -2.949452102184295654e-01
0.000000000000000000e+00 0.000000000000000000e+00 0.000000000000000000e+00 1.000000000000000000e+00
3.602764904499053955e-01 9.128724932670593262e-01 -1.920015066862106323e-01 5.849902704358100891e-02
-9.293819665908813477e-01 3.689734339714050293e-01 1.037054788321256638e-02 3.085912950336933136e-02
8.031044900417327881e-02 1.747065186500549316e-01 9.813398718833923340e-01 -2.904618680477142334e-01
0.000000000000000000e+00 0.000000000000000000e+00 0.000000000000000000e+00 1.000000000000000000e+00
4.022825062274932861e-01 8.918303847312927246e-01 -2.068991810083389282e-01 6.074628978967666626e-02
-9.152315855026245117e-01 3.973809778690338135e-01 -6.662762165069580078e-02 5.729925259947776794e-02
2.279724553227424622e-02 2.161638289690017700e-01 9.760909080505371094e-01 -2.852695286273956299e-01
0.000000000000000000e+00 0.000000000000000000e+00 0.000000000000000000e+00 1.000000000000000000e+00
4.588559269905090332e-01 8.567487001419067383e-01 -2.354416847229003906e-01 6.593627482652664185e-02
-8.876725435256958008e-01 4.305288195610046387e-01 -1.633472144603729248e-01 8.650487661361694336e-02
-3.858312219381332397e-02 2.839479744434356689e-01 9.580630660057067871e-01 -2.745543420314788818e-01
0.000000000000000000e+00 0.000000000000000000e+00 0.000000000000000000e+00 1.000000000000000000e+00
5.335525274276733398e-01 8.188236355781555176e-01 -2.117767035961151123e-01 5.328565835952758789e-02
-8.412256836891174316e-01 4.878690838813781738e-01 -2.330726832151412964e-01 1.055963411927223206e-01
-8.752617985010147095e-02 3.025085330009460449e-01 9.491194486618041992e-01 -2.680295407772064209e-01
0.000000000000000000e+00 0.000000000000000000e+00 0.000000000000000000e+00 1.000000000000000000e+00
5.954018235206604004e-01 7.765288949012756348e-01 -2.061538547277450562e-01 4.732283577322959900e-02
-7.942344546318054199e-01 5.301761627197265625e-01 -2.968244552612304688e-01 1.211453005671501160e-01
-1.211949735879898071e-01 3.404642939567565918e-01 9.324139952659606934e-01 -2.595877945423126221e-01
0.000000000000000000e+00 0.000000000000000000e+00 0.000000000000000000e+00 1.000000000000000000e+00
6.756912469863891602e-01 7.156587839126586914e-01 -1.768437325954437256e-01 3.264370933175086975e-02
-7.192335128784179688e-01 5.873707532882690430e-01 -3.710776269435882568e-01 1.364426165819168091e-01
-1.616922020912170410e-01 3.779258430004119873e-01 9.116072058677673340e-01 -2.492412477731704712e-01
0.000000000000000000e+00 0.000000000000000000e+00 0.000000000000000000e+00 1.000000000000000000e+00
7.373392581939697266e-01 6.553961634635925293e-01 -1.636657714843750000e-01 2.521612867712974548e-02
-6.477190852165222168e-01 6.171342730522155762e-01 -4.467718601226806641e-01 1.515741497278213501e-01
-1.918088793754577637e-01 4.354318976402282715e-01 8.795500993728637695e-01 -2.348653376102447510e-01
0.000000000000000000e+00 0.000000000000000000e+00 0.000000000000000000e+00 1.000000000000000000e+00
7.681605219841003418e-01 6.231238245964050293e-01 -1.471255272626876831e-01 1.800661534070968628e-02
-5.922482609748840332e-01 6.042424440383911133e-01 -5.330409407615661621e-01 1.709606349468231201e-01
-2.432511895895004272e-01 4.965957999229431152e-01 8.331994414329528809e-01 -2.141947299242019653e-01
0.000000000000000000e+00 0.000000000000000000e+00 0.000000000000000000e+00 1.000000000000000000e+00
7.966580390930175781e-01 5.849047899246215820e-01 -1.523883193731307983e-01 1.648369617760181427e-02
-5.332109928131103516e-01 5.613563060760498047e-01 -6.329018473625183105e-01 1.965619027614593506e-01
-2.846433520317077637e-01 5.854614377021789551e-01 7.590868473052978516e-01 -1.869013160467147827e-01
0.000000000000000000e+00 0.000000000000000000e+00 0.000000000000000000e+00 1.000000000000000000e+00
8.123005032539367676e-01 5.623536705970764160e-01 -1.546808630228042603e-01 1.539378706365823746e-02
-4.907416403293609619e-01 5.156809687614440918e-01 -7.023144364356994629e-01 2.152291238307952881e-01
-3.151832818984985352e-01 6.463987231254577637e-01 6.948583722114562988e-01 -1.641974151134490967e-01
0.000000000000000000e+00 0.000000000000000000e+00 0.000000000000000000e+00 1.000000000000000000e+00
