0.4563335180282593 0.8874258995056152 -0.0650763213634491 0.01604591682553291 
-0.8895764350891113 0.4533215463161469 -0.05615407973527908 0.05653560161590576 
-0.020332096144557 0.08351535350084305 0.9962990283966064 -0.3027642071247101 
0 0 0 1 

0.3507415354251862 0.933127224445343 -0.0790809690952301 0.02465539239346981 
-0.9363893866539001 0.3505813181400299 -0.01635880209505558 0.04111942648887634 
0.01245946157723665 0.07978829741477966 0.9967339634895325 -0.304654985666275 
0 0 0 1 

0.3644671738147736 0.91879802942276 -0.1515710949897766 0.04722093045711517 
-0.9289699196815491 0.3700380325317383 0.009310147725045681 0.03208671882748604 
0.06464120000600815 0.1374117583036423 0.9884024858474731 -0.2926025390625 
0 0 0 1 

0.3995189666748047 0.9012465476989746 -0.1677470058202744 0.0501999743282795 
-0.9167138338088989 0.3936643600463867 -0.06829267740249634 0.05858287215232849 
0.004487451165914536 0.1810602396726608 0.9834617376327515 -0.2873304486274719 
0 0 0 1 

0.4523236751556396 0.8707769513130188 -0.192744567990303 0.05453835427761078 
-0.8898348212242126 0.4261009693145752 -0.1631923615932465 0.08772589266300201 
-0.05997554585337639 0.2453266084194183 0.9675834774971008 -0.27727872133255 
0 0 0 1 

0.5230739116668701 0.833562433719635 -0.1776713728904724 0.04477604106068611 
-0.8458177447319031 0.482062041759491 -0.2284914702177048 0.1054735332727432 
-0.1048133447766304 0.2697955369949341 0.9571961760520935 -0.2704261839389801 
0 0 0 1 

0.5896864533424377 0.7891913056373596 -0.1716006994247437 0.03827118873596191 
-0.7951266169548035 0.5300537943840027 -0.2946465015411377 0.1217464953660965 
-0.141574889421463 0.3101933598518372 0.9400726556777954 -0.2615198493003845 
0 0 0 1 

0.6636644005775452 0.7320770025253296 -0.153663843870163 0.02697569318115711 
-0.7260123491287231 0.5809184312820435 -0.368021160364151 0.136922687292099 
-0.1801537871360779 0.3558044135570526 0.9170320630073547 -0.2503724694252014 
0 0 0 1 

0.9579498767852783 0.2085357457399368 -0.1970907747745514 0.01318995468318462 
-0.2465904802083969 0.9495297074317932 -0.1938720345497131 0.08554144948720932 
0.1467142254114151 0.2343204617500305 0.9610248208045959 -0.2728188931941986 
0 0 0 1 

0.9612138271331787 0.1994243413209915 -0.1905199289321899 0.01152587123215199 
-0.2394140809774399 0.9462641477584839 -0.2174050360918045 0.09147211164236069 
0.1369262635707855 0.2545859217643738 0.9573072195053101 -0.2707218527793884 
0 0 0 1 

