1 0 0 -0.04542167112231255 
0 1 0 0.0009935460984706879 
0 0 1 -0.2875000238418579 
0 0 0 1 

0.9967248439788818 0.07969607412815094 0.01371694728732109 -0.0481610968708992 
-0.07943625748157501 0.9966673851013184 -0.01854590512812138 0.009828449226915836 
-0.01514926925301552 0.01739554293453693 0.9997339248657227 -0.2933623194694519 
0 0 0 1 

0.9860566854476929 0.1638021320104599 0.02934151329100132 -0.05104523152112961 
-0.1622671037912369 0.9855432510375977 -0.04872046411037445 0.02405514195561409 
-0.03689789399504662 0.04327994585037231 0.9983813762664795 -0.2927042245864868 
0 0 0 1 

0.6484687328338623 0.7605819702148438 -0.03167178854346275 -0.007542542181909084 
-0.7566344738006592 0.6394162178039551 -0.1365679651498795 0.07770682871341705 
-0.08361973613500595 0.1125240102410316 0.9901242852210999 -0.2934907078742981 
0 0 0 1 

0.5531263947486877 0.8321592211723328 -0.03952163457870483 0.0007506244583055377 
-0.8311653733253479 0.5479936599731445 -0.09416445344686508 0.0662478506565094 
-0.05670223385095596 0.08493385463953018 0.9947718977928162 -0.2984473407268524 
0 0 0 1 

0.4604961276054382 0.8829359412193298 -0.09147327393293381 0.02319501526653767 
-0.8876333832740784 0.4572073221206665 -0.05539333447813988 0.05446010455489159 
-0.007086522411555052 0.1067031472921371 0.9942656755447388 -0.3020651936531067 
0 0 0 1 

0.3524822294712067 0.9301123023033142 -0.103185772895813 0.03148138523101807 
-0.9356011748313904 0.3526275753974915 -0.0174401942640543 0.04040335118770599 
0.02016480639576912 0.1026880964636803 0.994509220123291 -0.3036530911922455 
0 0 0 1 

0.2724688649177551 0.9540891647338867 -0.1243966892361641 0.04068463668227196 
-0.9587609767913818 0.2800914645195007 0.04823057726025581 0.0161825455725193 
0.08085872232913971 0.1061253622174263 0.9910596609115601 -0.3034171760082245 
0 0 0 1 

0.1934628933668137 0.9688101410865784 -0.1548518091440201 0.05178454890847206 
-0.9724010825157166 0.2103229910135269 0.1009966805577278 -0.003530418267473578 
0.1304154992103577 0.1310389637947083 0.9827617406845093 -0.3017671704292297 
0 0 0 1 

0.1332250982522964 0.9785318374633789 -0.1572463065385818 0.05328138917684555 
-0.9761976003646851 0.1569591909646988 0.1496731340885162 -0.01910928077995777 
0.1711411774158478 0.1335632652044296 0.9761514067649841 -0.3003555536270142 
0 0 0 1 

