1.000000000000000000e+00 0.000000000000000000e+00 0.000000000000000000e+00 -3.619798645377159119e-02
0.000000000000000000e+00 1.000000000000000000e+00 0.000000000000000000e+00 -1.327119767665863037e-03
0.000000000000000000e+00 0.000000000000000000e+00 1.000000000000000000e+00 -2.960163652896881104e-01
0.000000000000000000e+00 0.000000000000000000e+00 0.000000000000000000e+00 1.000000000000000000e+00
9.901081919670104980e-01 1.396377235651016235e-01 1.367799192667007446e-02 -4.360130801796913147e-02
-1.386799812316894531e-01 9.887709617614746094e-01 -5.567844212055206299e-02 2.804044634103775024e-02
-2.129921503365039825e-02 5.323082208633422852e-02 9.983553886413574219e-01 -2.969202399253845215e-01
0.000000000000000000e+00 0.000000000000000000e+00 0.000000000000000000e+00 1.000000000000000000e+00
9.712125658988952637e-01 2.362300753593444824e-01 3.068148531019687653e-02 -4.898158088326454163e-02
-2.322947978973388672e-01 9.677245616912841797e-01 -9.771332144737243652e-02 5.214128270745277405e-02
-5.277409777045249939e-02 8.777324110269546509e-02 9.947413206100463867e-01 -2.949657440185546875e-01
0.000000000000000000e+00 0.000000000000000000e+00 0.000000000000000000e+00 1.000000000000000000e+00
9.431754946708679199e-01 3.305868208408355713e-01 3.365162760019302368e-02 -4.885215312242507935e-02
-3.230100870132446289e-01 9.358797073364257812e-01 -1.406894028186798096e-01 7.375583797693252563e-02
-7.800398766994476318e-02 1.218249574303627014e-01 9.894818663597106934e-01 -2.917238175868988037e-01
0.000000000000000000e+00 0.000000000000000000e+00 0.000000000000000000e+00 1.000000000000000000e+00
8.962690234184265137e-01 4.433797299861907959e-01 1.076925825327634811e-02 -3.633135929703712463e-02
-4.360716640949249268e-01 8.854050040245056152e-01 -1.609320640563964844e-01 8.673533052206039429e-02
-8.088921755552291870e-02 1.395422816276550293e-01 9.869065880775451660e-01 -2.909940779209136963e-01
0.000000000000000000e+00 0.000000000000000000e+00 0.000000000000000000e+00 1.000000000000000000e+00
8.284937739372253418e-01 5.599933266639709473e-01 -2.319938968867063522e-03 -2.620439231395721436e-02
-5.500990152359008789e-01 8.130654096603393555e-01 -1.905647069215774536e-01 1.027289628982543945e-01
-1.048287749290466309e-01 1.591578274965286255e-01 9.816718697547912598e-01 -2.889555990695953369e-01
0.000000000000000000e+00 0.000000000000000000e+00 0.000000000000000000e+00 1.000000000000000000e+00
7.498089671134948730e-01 6.605790257453918457e-01 -3.770092502236366272e-02 -8.217681199312210083e-03
-6.561824679374694824e-01 7.350879311561584473e-01 -1.704994738101959229e-01 1.004180684685707092e-01
-8.491499722003936768e-02 1.525807529687881470e-01 9.846362471580505371e-01 -2.924146056175231934e-01
0.000000000000000000e+00 0.000000000000000000e+00 0.000000000000000000e+00 1.000000000000000000e+00
6.927874684333801270e-01 7.180724740028381348e-01 -6.646391004323959351e-02 4.327140282839536667e-03
-7.203375101089477539e-01 6.847174167633056641e-01 -1.107965931296348572e-01 8.125681430101394653e-02
-3.405102342367172241e-02 1.246349588036537170e-01 9.916182160377502441e-01 -2.997246086597442627e-01
0.000000000000000000e+00 0.000000000000000000e+00 0.000000000000000000e+00 1.000000000000000000e+00
5.855504274368286133e-01 8.102331161499023438e-01 -2.554098889231681824e-02 -4.838529508560895920e-03
-8.093895316123962402e-01 5.826137065887451172e-01 -7.382025569677352905e-02 6.952271610498428345e-02
-4.493110999464988708e-02 6.389810889959335327e-02 9.969444870948791504e-01 -3.068245947360992432e-01
0.000000000000000000e+00 0.000000000000000000e+00 0.000000000000000000e+00 1.000000000000000000e+00
5.014937520027160645e-01 8.640855550765991211e-01 -4.313030093908309937e-02 5.345360375940799713e-03
-8.648852109909057617e-01 4.994509518146514893e-01 -5.022064223885536194e-02 6.269510090351104736e-02
-2.185346558690071106e-02 6.248809397220611572e-02 9.978066086769104004e-01 -3.110250234603881836e-01
0.000000000000000000e+00 0.000000000000000000e+00 0.000000000000000000e+00 1.000000000000000000e+00
4.028232395648956299e-01 9.133719205856323242e-01 -5.903608724474906921e-02 1.525849662721157074e-02
-9.150804877281188965e-01 4.032369554042816162e-01 -5.256469827145338058e-03 4.588542506098747253e-02
1.900441572070121765e-02 5.614018067717552185e-02 9.982419610023498535e-01 -3.149931132793426514e-01
0.000000000000000000e+00 0.000000000000000000e+00 0.000000000000000000e+00 1.000000000000000000e+00
2.936655580997467041e-01 9.541028141975402832e-01 -5.872697010636329651e-02 2.010741084814071655e-02
-9.547427296638488770e-01 2.957862913608551025e-01 3.125225007534027100e-02 3.249055519700050354e-02
4.718846455216407776e-02 4.689143225550651550e-02 9.977844953536987305e-01 -3.175625801086425781e-01
0.000000000000000000e+00 0.000000000000000000e+00 0.000000000000000000e+00 1.000000000000000000e+00
1.722094565629959106e-01 9.816205501556396484e-01 -8.224754780530929565e-02 3.304175287485122681e-02
-9.825286269187927246e-01 1.771493256092071533e-01 5.705588310956954956e-02 2.239221893250942230e-02
7.057735323905944824e-02 7.098501920700073242e-02 9.949774742126464844e-01 -3.178893625736236572e-01
0.000000000000000000e+00 0.000000000000000000e+00 0.000000000000000000e+00 1.000000000000000000e+00
9.622490406036376953e-02 9.909849762916564941e-01 -9.321402013301849365e-02 3.970033675432205200e-02
-9.905414581298828125e-01 1.045414879918098450e-01 8.887420594692230225e-02 1.047309581190347672e-02
9.781777858734130859e-02 8.378040045499801636e-02 9.916716217994689941e-01 -3.171133697032928467e-01
0.000000000000000000e+00 0.000000000000000000e+00 0.000000000000000000e+00 1.000000000000000000e+00
1.018357649445533752e-02 9.953575134277343750e-01 -9.570487588644027710e-02 4.540375247597694397e-02
-9.973378181457519531e-01 1.702158153057098389e-02 7.090651988983154297e-02 1.852340064942836761e-02
7.220640033483505249e-02 9.472805261611938477e-02 9.928812384605407715e-01 -3.111412227153778076e-01
0.000000000000000000e+00 0.000000000000000000e+00 0.000000000000000000e+00 1.000000000000000000e+00
-9.410209953784942627e-02 9.007757902145385742e-01 -4.239663183689117432e-01 1.601570546627044678e-01
-9.899682402610778809e-01 -3.958192095160484314e-02 1.356328129768371582e-01 -2.880905522033572197e-03
1.053932905197143555e-01 4.324766099452972412e-01 8.954641222953796387e-01 -2.738726437091827393e-01
0.000000000000000000e+00 0.000000000000000000e+00 0.000000000000000000e+00 1.000000000000000000e+00
-1.653756648302078247e-01 8.741500377655029297e-01 -4.566315710544586182e-01 1.723958849906921387e-01
-9.765424132347106934e-01 -8.040314167737960815e-02 1.997494101524353027e-01 -2.556542493402957916e-02
1.378963142633438110e-01 4.789539575576782227e-01 8.669415712356567383e-01 -2.655355036258697510e-01
0.000000000000000000e+00 0.000000000000000000e+00 0.000000000000000000e+00 1.000000000000000000e+00
-1.325576156377792358e-01 8.105857968330383301e-01 -5.704199671745300293e-01 2.019068747758865356e-01
-9.911440610885620117e-01 -1.129868924617767334e-01 6.976985186338424683e-02 1.645805314183235168e-02
-7.895553484559059143e-03 5.746169090270996094e-01 8.183842301368713379e-01 -2.429642826318740845e-01
0.000000000000000000e+00 0.000000000000000000e+00 0.000000000000000000e+00 1.000000000000000000e+00
-9.015357494354248047e-02 7.391182780265808105e-01 -6.675149202346801758e-01 2.226094007492065430e-01
-9.942173361778259277e-01 -2.752591297030448914e-02 1.037989333271980286e-01 9.366394020617008209e-03
5.834572389721870422e-02 6.730127930641174316e-01 7.373260259628295898e-01 -2.269948571920394897e-01
0.000000000000000000e+00 0.000000000000000000e+00 0.000000000000000000e+00 1.000000000000000000e+00
-6.118242815136909485e-02 5.629904270172119141e-01 -8.241958022117614746e-01 2.684134244918823242e-01
-9.855294823646545410e-01 9.670216590166091919e-02 1.392137557268142700e-01 -2.453227760270237923e-03
1.580775380134582520e-01 8.207868337631225586e-01 5.489270091056823730e-01 -1.675407290458679199e-01
0.000000000000000000e+00 0.000000000000000000e+00 0.000000000000000000e+00 1.000000000000000000e+00
-1.279521733522415161e-01 4.218812882900238037e-01 -8.975769877433776855e-01 2.899440228939056396e-01
-9.848376512527465820e-01 5.285006016492843628e-02 1.652322411537170410e-01 -1.411034911870956421e-02
1.171452552080154419e-01 9.051091670989990234e-01 4.087223410606384277e-01 -1.185570433735847473e-01
0.000000000000000000e+00 0.000000000000000000e+00 0.000000000000000000e+00 1.000000000000000000e+00
-1.942712962627410889e-01 3.273386359214782715e-01 -9.247204661369323730e-01 2.998084425926208496e-01
-9.739610552787780762e-01 4.794264584779739380e-02 2.215871661901473999e-01 -3.265294805169105530e-02
1.168675646185874939e-01 9.436897635459899902e-01 3.095012605190277100e-01 -8.749184757471084595e-02
0.000000000000000000e+00 0.000000000000000000e+00 0.000000000000000000e+00 1.000000000000000000e+00
-2.775235474109649658e-01 2.024729698896408081e-01 -9.391404986381530762e-01 3.077337145805358887e-01
-9.580525755882263184e-01 1.444749534130096436e-02 2.862270474433898926e-01 -5.387117341160774231e-02
7.152145355939865112e-02 9.791812300682067871e-01 1.899704337120056152e-01 -4.725163057446479797e-02
0.000000000000000000e+00 0.000000000000000000e+00 0.000000000000000000e+00 1.000000000000000000e+00
-1.566767394542694092e-01 -8.807996511459350586e-01 -4.468159973621368408e-01 1.440787315368652344e-01
-9.504750370979309082e-01 1.151449326425790787e-02 3.105874657630920410e-01 -5.935762822628021240e-02
-2.684203386306762695e-01 4.733493924140930176e-01 -8.389819264411926270e-01 2.937144935131072998e-01
0.000000000000000000e+00 0.000000000000000000e+00 0.000000000000000000e+00 1.000000000000000000e+00
-1.632521450519561768e-01 -8.862845897674560547e-01 -4.334161877632141113e-01 1.391798704862594604e-01
-9.701827168464660645e-01 6.444498896598815918e-02 2.336499392986297607e-01 -3.550363704562187195e-02
-1.791487038135528564e-01 4.586367309093475342e-01 -8.703780770301818848e-01 2.986754179000854492e-01
0.000000000000000000e+00 0.000000000000000000e+00 0.000000000000000000e+00 1.000000000000000000e+00
-8.163054287433624268e-02 -8.864974975585937500e-01 -4.554755985736846924e-01 1.391159445047378540e-01
-9.906967282295227051e-01 2.224672585725784302e-02 1.342552304267883301e-01 -1.587543520145118237e-03
-1.088841557502746582e-01 4.621976017951965332e-01 -8.800660967826843262e-01 2.970514297485351562e-01
0.000000000000000000e+00 0.000000000000000000e+00 0.000000000000000000e+00 1.000000000000000000e+00
2.044100314378738403e-02 -8.801912665367126465e-01 -4.741781651973724365e-01 1.362006068229675293e-01
-9.995529651641845703e-01 -2.833780273795127869e-02 9.513494558632373810e-03 4.091848805546760559e-02
-2.181093208491802216e-02 4.737718701362609863e-01 -8.803773522377014160e-01 2.912200689315795898e-01
0.000000000000000000e+00 0.000000000000000000e+00 0.000000000000000000e+00 1.000000000000000000e+00
4.868020862340927124e-02 -8.771482110023498535e-01 -4.777453541755676270e-01 1.345446705818176270e-01
-9.935584664344787598e-01 6.477961316704750061e-03 -1.131330206990242004e-01 8.034738153219223022e-02
1.023292839527130127e-01 4.801754653453826904e-01 -8.711830973625183105e-01 2.799704968929290771e-01
0.000000000000000000e+00 0.000000000000000000e+00 0.000000000000000000e+00 1.000000000000000000e+00
2.019193954765796661e-02 -8.858329653739929199e-01 -4.635648131370544434e-01 1.338108479976654053e-01
-9.805722832679748535e-01 7.293908298015594482e-02 -1.820922940969467163e-01 9.386777132749557495e-02
1.951154470443725586e-01 4.582355320453643799e-01 -8.671506643295288086e-01 2.754615843296051025e-01
0.000000000000000000e+00 0.000000000000000000e+00 0.000000000000000000e+00 1.000000000000000000e+00
-4.285270720720291138e-02 -8.841848969459533691e-01 -4.651662707328796387e-01 1.416418403387069702e-01
-9.940689802169799805e-01 8.431541174650192261e-02 -6.868864595890045166e-02 5.760210752487182617e-02
9.995414316654205322e-02 4.594642519950866699e-01 -8.825541734695434570e-01 2.959028482437133789e-01
0.000000000000000000e+00 0.000000000000000000e+00 0.000000000000000000e+00 1.000000000000000000e+00
-4.677549004554748535e-02 -8.739348053932189941e-01 -4.837878644466400146e-01 1.458087712526321411e-01
-9.933462738990783691e-01 -1.033057924360036850e-02 1.147048696875572205e-01 -6.289383163675665855e-04
-1.052424237132072449e-01 4.859336614608764648e-01 -8.676358461380004883e-01 3.095245659351348877e-01
0.000000000000000000e+00 0.000000000000000000e+00 0.000000000000000000e+00 1.000000000000000000e+00
1.263541132211685181e-01 -8.481023311614990234e-01 -5.145453810691833496e-01 1.426279991865158081e-01
-9.867415428161621094e-01 -1.607189178466796875e-01 2.259732224047183990e-02 2.825351431965827942e-02
-1.018620356917381287e-01 5.048680305480957031e-01 -8.571652770042419434e-01 3.084001541137695312e-01
0.000000000000000000e+00 0.000000000000000000e+00 0.000000000000000000e+00 1.000000000000000000e+00
2.215187549591064453e-01 -8.009470701217651367e-01 -5.562491416931152344e-01 1.417216658592224121e-01
-9.482549428939819336e-01 -3.099841475486755371e-01 6.871870160102844238e-02 1.283081900328397751e-02
-2.274684906005859375e-01 5.122436285018920898e-01 -8.281694054603576660e-01 3.043266236782073975e-01
0.000000000000000000e+00 0.000000000000000000e+00 0.000000000000000000e+00 1.000000000000000000e+00
3.346255123615264893e-01 -7.408384084701538086e-01 -5.823953747749328613e-01 1.345544606447219849e-01
-9.138535261154174805e-01 -4.059517979621887207e-01 -8.678278885781764984e-03 3.603271394968032837e-02
-2.299951612949371338e-01 5.351279973983764648e-01 -8.128596544265747070e-01 2.935641705989837646e-01
0.000000000000000000e+00 0.000000000000000000e+00 0.000000000000000000e+00 1.000000000000000000e+00
3.547041118144989014e-01 -7.332677841186523438e-01 -5.800889730453491211e-01 1.314797103404998779e-01
-9.241005778312683105e-01 -3.693092167377471924e-01 -9.822572767734527588e-02 6.556026637554168701e-02
-1.422065645456314087e-01 5.709018111228942871e-01 -8.086088299751281738e-01 2.839723229408264160e-01
0.000000000000000000e+00 0.000000000000000000e+00 0.000000000000000000e+00 1.000000000000000000e+00
3.762322664260864258e-01 -7.230123281478881836e-01 -5.793982148170471191e-01 1.305188387632369995e-01
-9.240431785583496094e-01 -3.385491967201232910e-01 -1.775627285242080688e-01 9.032925963401794434e-02
-6.777483224868774414e-02 6.021939516067504883e-01 -7.954679131507873535e-01 2.731176316738128662e-01
0.000000000000000000e+00 0.000000000000000000e+00 0.000000000000000000e+00 1.000000000000000000e+00
5.312254428863525391e-01 -6.153485178947448730e-01 -5.823621749877929688e-01 1.264032721519470215e-01
-8.447756171226501465e-01 -4.370019733905792236e-01 -3.088417053222656250e-01 1.266598552465438843e-01
-6.444820016622543335e-02 6.560298800468444824e-01 -7.519779205322265625e-01 2.586709558963775635e-01
0.000000000000000000e+00 0.000000000000000000e+00 0.000000000000000000e+00 1.000000000000000000e+00
6.803210973739624023e-01 -4.184820950031280518e-01 -6.016941070556640625e-01 1.280965656042098999e-01
-7.126266956329345703e-01 -5.695222616195678711e-01 -4.096430242061614990e-01 1.547314971685409546e-01
-1.712500005960464478e-01 7.074720263481140137e-01 -6.856794953346252441e-01 2.532350420951843262e-01
0.000000000000000000e+00 0.000000000000000000e+00 0.000000000000000000e+00 1.000000000000000000e+00
7.014335393905639648e-01 -3.394895792007446289e-01 -6.266878247261047363e-01 1.325432956218719482e-01
-6.547108888626098633e-01 -6.544062495231628418e-01 -3.782933652400970459e-01 1.441967338323593140e-01
-2.816819846630096436e-01 6.756470799446105957e-01 -6.812899112701416016e-01 2.626071274280548096e-01
0.000000000000000000e+00 0.000000000000000000e+00 0.000000000000000000e+00 1.000000000000000000e+00
7.531431913375854492e-01 -2.585097551345825195e-01 -6.049363017082214355e-01 1.298070996999740601e-01
-5.735121369361877441e-01 -7.084822058677673340e-01 -4.112615883350372314e-01 1.461805254220962524e-01
-3.222715854644775391e-01 6.566772460937500000e-01 -6.818469166755676270e-01 2.618209123611450195e-01
0.000000000000000000e+00 0.000000000000000000e+00 0.000000000000000000e+00 1.000000000000000000e+00
7.512293457984924316e-01 -2.625975906848907471e-01 -6.055551767349243164e-01 1.363082975149154663e-01
-5.463408827781677246e-01 -7.621878981590270996e-01 -3.472494482994079590e-01 1.188661679625511169e-01
-3.703593909740447998e-01 5.917034745216369629e-01 -7.160453796386718750e-01 2.754377722740173340e-01
0.000000000000000000e+00 0.000000000000000000e+00 0.000000000000000000e+00 1.000000000000000000e+00
7.316630482673645020e-01 -3.470686078071594238e-01 -5.866962075233459473e-01 1.395726948976516724e-01
-5.908933877944946289e-01 -7.520456314086914062e-01 -2.920140326023101807e-01 9.812639653682708740e-02
-3.398734629154205322e-01 5.603309273719787598e-01 -7.553247213363647461e-01 2.860876321792602539e-01
0.000000000000000000e+00 0.000000000000000000e+00 0.000000000000000000e+00 1.000000000000000000e+00
8.097831606864929199e-01 -1.809506565332412720e-01 -5.581289529800415039e-01 1.347053349018096924e-01
-5.304948687553405762e-01 -6.321837902069091797e-01 -5.647291541099548340e-01 1.839377433061599731e-01
-2.506519258022308350e-01 7.533925771713256836e-01 -6.079248785972595215e-01 2.451042383909225464e-01
0.000000000000000000e+00 0.000000000000000000e+00 0.000000000000000000e+00 1.000000000000000000e+00
8.465479016304016113e-01 -1.024147793650627136e-01 -5.223673582077026367e-01 1.219805553555488586e-01
-4.795230925083160400e-01 -5.727800130844116211e-01 -6.648160815238952637e-01 2.167197912931442261e-01
-2.311146855354309082e-01 8.132857680320739746e-01 -5.339959263801574707e-01 2.201834768056869507e-01
0.000000000000000000e+00 0.000000000000000000e+00 0.000000000000000000e+00 1.000000000000000000e+00
8.687660098075866699e-01 -1.428271923214197159e-02 -4.950168132781982422e-01 1.133757084608078003e-01
-4.336368441581726074e-01 -5.047036409378051758e-01 -7.464805841445922852e-01 2.441459596157073975e-01
-2.391750514507293701e-01 8.631744980812072754e-01 -4.446630477905273438e-01 1.912435293197631836e-01
0.000000000000000000e+00 0.000000000000000000e+00 0.000000000000000000e+00 1.000000000000000000e+00
8.810856938362121582e-01 1.277319490909576416e-01 -4.553816914558410645e-01 1.015602052211761475e-01
-3.710657656192779541e-01 -4.103119969367980957e-01 -8.330389261245727539e-01 2.728628814220428467e-01
-2.932542860507965088e-01 9.029552936553955078e-01 -3.141230046749114990e-01 1.508392691612243652e-01
0.000000000000000000e+00 0.000000000000000000e+00 0.000000000000000000e+00 1.000000000000000000e+00
9.608780741691589355e-01 -1.936746835708618164e-01 -1.979979425668716431e-01 9.656686335802078247e-03
-2.494490146636962891e-01 -2.944663763046264648e-01 -9.225317835807800293e-01 2.961868643760681152e-01
1.203673183917999268e-01 9.358310103416442871e-01 -3.312582969665527344e-01 1.313381940126419067e-01
0.000000000000000000e+00 0.000000000000000000e+00 0.000000000000000000e+00 1.000000000000000000e+00
9.810996055603027344e-01 -4.097405448555946350e-02 -1.891152858734130859e-01 8.218398317694664001e-03
-1.934970468282699585e-01 -2.154765278100967407e-01 -9.571459293365478516e-01 3.048391342163085938e-01
-1.531742629595100880e-03 9.756488800048828125e-01 -2.193323671817779541e-01 9.957452863454818726e-02
0.000000000000000000e+00 0.000000000000000000e+00 0.000000000000000000e+00 1.000000000000000000e+00
9.871976375579833984e-01 5.113602615892887115e-03 -1.594202816486358643e-01 -9.968568338081240654e-04
-1.578994840383529663e-01 -1.100066006183624268e-01 -9.813084006309509277e-01 3.105811178684234619e-01
-2.255534008145332336e-02 9.939175844192504883e-01 -1.077907979488372803e-01 6.233970075845718384e-02
0.000000000000000000e+00 0.000000000000000000e+00 0.000000000000000000e+00 1.000000000000000000e+00
9.810995459556579590e-01 -1.356364786624908447e-01 -1.380091011524200439e-01 -1.081149559468030930e-02
-1.456814557313919067e-01 -4.832185804843902588e-02 -9.881508946418762207e-01 3.109375834465026855e-01
1.273604184389114380e-01 9.895796179771423340e-01 -6.716829538345336914e-02 3.958484902977943420e-02
0.000000000000000000e+00 0.000000000000000000e+00 0.000000000000000000e+00 1.000000000000000000e+00
9.885801076889038086e-01 -1.094286888837814331e-01 -1.036099195480346680e-01 -2.205506898462772369e-02
-1.003965288400650024e-01 3.449251130223274231e-02 -9.943494200706481934e-01 3.093624114990234375e-01
1.123841404914855957e-01 9.933961033821105957e-01 2.311234362423419952e-02 7.323882542550563812e-03
0.000000000000000000e+00 0.000000000000000000e+00 0.000000000000000000e+00 1.000000000000000000e+00
9.430542588233947754e-01 -3.169680833816528320e-01 -1.008964627981185913e-01 -2.113736607134342194e-02
-6.245385482907295227e-02 1.292076408863067627e-01 -9.896489977836608887e-01 3.034918904304504395e-01
3.267236948013305664e-01 9.395937919616699219e-01 1.020539104938507080e-01 -3.355973958969116211e-02
0.000000000000000000e+00 0.000000000000000000e+00 0.000000000000000000e+00 1.000000000000000000e+00
9.840152859687805176e-01 -2.893740311264991760e-02 -1.757167726755142212e-01 -2.162069082260131836e-03
-1.686954498291015625e-01 1.646744608879089355e-01 -9.718148708343505859e-01 3.060104548931121826e-01
5.705783888697624207e-02 9.859232306480407715e-01 1.571605652570724487e-01 -2.633419819176197052e-02
0.000000000000000000e+00 0.000000000000000000e+00 0.000000000000000000e+00 1.000000000000000000e+00
9.344153404235839844e-01 2.927775681018829346e-01 -2.028535157442092896e-01 1.356077473610639572e-02
-2.612559199333190918e-01 1.762615442276000977e-01 -9.490400552749633789e-01 3.083496689796447754e-01
-2.421024590730667114e-01 9.397940635681152344e-01 2.411913722753524780e-01 -3.278073295950889587e-02
0.000000000000000000e+00 0.000000000000000000e+00 0.000000000000000000e+00 1.000000000000000000e+00
5.445805191993713379e-01 8.386821746826171875e-01 -6.628675851970911026e-03 -7.576192729175090790e-03
-3.777424395084381104e-01 2.382072210311889648e-01 -8.947446346282958984e-01 3.072477579116821289e-01
-7.488274574279785156e-01 4.897645413875579834e-01 4.465289115905761719e-01 -7.314930111169815063e-02
0.000000000000000000e+00 0.000000000000000000e+00 0.000000000000000000e+00 1.000000000000000000e+00
9.133823513984680176e-01 2.733949422836303711e-01 -3.016412556171417236e-01 4.768224805593490601e-02
-3.857826292514801025e-01 3.446362018585205078e-01 -8.558019399642944336e-01 3.002502918243408203e-01
-1.300155669450759888e-01 8.980426788330078125e-01 4.202557504177093506e-01 -9.095498174428939819e-02
0.000000000000000000e+00 0.000000000000000000e+00 0.000000000000000000e+00 1.000000000000000000e+00
8.829500675201416016e-01 1.847801357507705688e-01 -4.315730631351470947e-01 8.833952993154525757e-02
-4.680370092391967773e-01 4.181560873985290527e-01 -7.785156965255737305e-01 2.866160273551940918e-01
3.661055490374565125e-02 8.893826007843017578e-01 4.556948840618133545e-01 -1.147854477167129517e-01
0.000000000000000000e+00 0.000000000000000000e+00 0.000000000000000000e+00 1.000000000000000000e+00
8.697305321693420410e-01 1.608321964740753174e-01 -4.665855467319488525e-01 1.000954508781433105e-01
-4.787257015705108643e-01 5.047302842140197754e-01 -7.183793187141418457e-01 2.688463032245635986e-01
1.199612244963645935e-01 8.481628894805908203e-01 5.159739255905151367e-01 -1.415396779775619507e-01
0.000000000000000000e+00 0.000000000000000000e+00 0.000000000000000000e+00 1.000000000000000000e+00
8.610704541206359863e-01 1.431759148836135864e-01 -4.879120290279388428e-01 1.072187721729278564e-01
-4.720912277698516846e-01 5.815867185592651367e-01 -6.624853610992431641e-01 2.532504796981811523e-01
1.889111250638961792e-01 8.007854819297790527e-01 5.683791041374206543e-01 -1.604399085044860840e-01
0.000000000000000000e+00 0.000000000000000000e+00 0.000000000000000000e+00 1.000000000000000000e+00
8.431907892227172852e-01 1.018176525831222534e-01 -5.278850197792053223e-01 1.172952502965927124e-01
-4.464669227600097656e-01 6.796135902404785156e-01 -5.820587277412414551e-01 2.290068566799163818e-01
2.994939982891082764e-01 7.264697551727294922e-01 6.185021996498107910e-01 -1.824987679719924927e-01
0.000000000000000000e+00 0.000000000000000000e+00 0.000000000000000000e+00 1.000000000000000000e+00
8.270983695983886719e-01 1.110686436295509338e-01 -5.509735941886901855e-01 1.261100023984909058e-01
-4.419049918651580811e-01 7.342551350593566895e-01 -5.153529047966003418e-01 2.092565596103668213e-01
3.473157286643981934e-01 6.697255969047546387e-01 6.563833951950073242e-01 -1.989565938711166382e-01
0.000000000000000000e+00 0.000000000000000000e+00 0.000000000000000000e+00 1.000000000000000000e+00
7.936426401138305664e-01 1.468489915132522583e-01 -5.903949737548828125e-01 1.421908736228942871e-01
-4.514600634574890137e-01 7.926623225212097168e-01 -4.097191393375396729e-01 1.783305257558822632e-01
4.078169167041778564e-01 5.917106866836547852e-01 6.953872442245483398e-01 -2.172010689973831177e-01
0.000000000000000000e+00 0.000000000000000000e+00 0.000000000000000000e+00 1.000000000000000000e+00
7.666796445846557617e-01 2.126037031412124634e-01 -6.058067083358764648e-01 1.513998955488204956e-01
-4.605845808982849121e-01 8.394985198974609375e-01 -2.882774174213409424e-01 1.417797952890396118e-01
4.472847580909729004e-01 5.000416636466979980e-01 7.415482997894287109e-01 -2.368225157260894775e-01
0.000000000000000000e+00 0.000000000000000000e+00 0.000000000000000000e+00 1.000000000000000000e+00
7.428730726242065430e-01 2.846248447895050049e-01 -6.059110760688781738e-01 1.554484069347381592e-01
-4.683265089988708496e-01 8.677093982696533203e-01 -1.665843278169631958e-01 1.045229583978652954e-01
4.783408641815185547e-01 4.075153768062591553e-01 7.778954505920410156e-01 -2.528119087219238281e-01
0.000000000000000000e+00 0.000000000000000000e+00 0.000000000000000000e+00 1.000000000000000000e+00
7.205861806869506836e-01 3.512333035469055176e-01 -5.978213548660278320e-01 1.556345969438552856e-01
-4.361107349395751953e-01 8.998876810073852539e-01 3.036650130525231361e-03 5.118709057569503784e-02
5.390388965606689453e-01 2.585282027721405029e-01 8.016235232353210449e-01 -2.671630680561065674e-01
0.000000000000000000e+00 0.000000000000000000e+00 0.000000000000000000e+00 1.000000000000000000e+00
7.104389667510986328e-01 3.981098830699920654e-01 -5.803316235542297363e-01 1.496508270502090454e-01
-3.738403618335723877e-01 9.121365547180175781e-01 1.680763810873031616e-01 -6.105880253016948700e-03
5.962548255920410156e-01 9.754354506731033325e-02 7.968471050262451172e-01 -2.662680447101593018e-01
0.000000000000000000e+00 0.000000000000000000e+00 0.000000000000000000e+00 1.000000000000000000e+00
7.077873349189758301e-01 4.205634295940399170e-01 -5.675947070121765137e-01 1.443600803613662720e-01
-2.988038361072540283e-01 9.062917232513427734e-01 2.989166378974914551e-01 -5.292683094739913940e-02
6.401197910308837891e-01 -4.196980968117713928e-02 7.671278119087219238e-01 -2.596260309219360352e-01
0.000000000000000000e+00 0.000000000000000000e+00 0.000000000000000000e+00 1.000000000000000000e+00
6.988521218299865723e-01 4.540220797061920166e-01 -5.526926517486572266e-01 1.396182626485824585e-01
-2.438908070325851440e-01 8.776610493659973145e-01 4.125871658325195312e-01 -9.225579351186752319e-02
6.724005937576293945e-01 -1.535408198833465576e-01 7.240873575210571289e-01 -2.476960122585296631e-01
0.000000000000000000e+00 0.000000000000000000e+00 0.000000000000000000e+00 1.000000000000000000e+00
6.937032938003540039e-01 4.770992100238800049e-01 -5.395853519439697266e-01 1.354193240404129028e-01
-1.623352617025375366e-01 8.334423303604125977e-01 5.282246470451354980e-01 -1.350522637367248535e-01
7.017286419868469238e-01 -2.788372635841369629e-01 6.556117534637451172e-01 -2.281074672937393188e-01
0.000000000000000000e+00 0.000000000000000000e+00 0.000000000000000000e+00 1.000000000000000000e+00
6.718707084655761719e-01 5.127995014190673828e-01 -5.344398617744445801e-01 1.348069012165069580e-01
-1.010020077228546143e-01 7.782571315765380859e-01 6.197693347930908203e-01 -1.696453690528869629e-01
7.337490320205688477e-01 -3.624253571033477783e-01 5.746817588806152344e-01 -2.047640532255172729e-01
0.000000000000000000e+00 0.000000000000000000e+00 0.000000000000000000e+00 1.000000000000000000e+00
6.844532489776611328e-01 5.250143408775329590e-01 -5.058490633964538574e-01 1.250471174716949463e-01
-3.925256803631782532e-02 7.193720340728759766e-01 6.935148835182189941e-01 -1.987376809120178223e-01
7.279990315437316895e-01 -4.548227488994598389e-01 5.129847526550292969e-01 -1.860623210668563843e-01
0.000000000000000000e+00 0.000000000000000000e+00 0.000000000000000000e+00 1.000000000000000000e+00
7.025535106658935547e-01 5.232350230216979980e-01 -4.823314249515533447e-01 1.165563538670539856e-01
2.176135219633579254e-02 6.616700887680053711e-01 7.494792342185974121e-01 -2.218985855579376221e-01
7.112981081008911133e-01 -5.370454192161560059e-01 4.534723758697509766e-01 -1.681837886571884155e-01
0.000000000000000000e+00 0.000000000000000000e+00 0.000000000000000000e+00 1.000000000000000000e+00
7.491335272789001465e-01 5.018802285194396973e-01 -4.323373734951019287e-01 9.797263890504837036e-02
6.360334157943725586e-02 5.951518416404724121e-01 8.010924458503723145e-01 -2.429181486368179321e-01
6.593583226203918457e-01 -6.276232004165649414e-01 4.139266908168792725e-01 -1.563652604818344116e-01
0.000000000000000000e+00 0.000000000000000000e+00 0.000000000000000000e+00 1.000000000000000000e+00
7.942460179328918457e-01 4.787393808364868164e-01 -3.741417229175567627e-01 7.568311691284179688e-02
1.042210906744003296e-01 4.993023872375488281e-01 8.601361513137817383e-01 -2.689271569252014160e-01
5.985912084579467773e-01 -7.221537232398986816e-01 3.466742932796478271e-01 -1.349337697029113770e-01
0.000000000000000000e+00 0.000000000000000000e+00 0.000000000000000000e+00 1.000000000000000000e+00
8.562602996826171875e-01 4.214189350605010986e-01 -2.987053096294403076e-01 4.920103028416633606e-02
1.271805763244628906e-01 3.884750902652740479e-01 9.126400947570800781e-01 -2.907978892326354980e-01
5.006431937217712402e-01 -8.194469809532165527e-01 2.790395915508270264e-01 -1.095527932047843933e-01
0.000000000000000000e+00 0.000000000000000000e+00 0.000000000000000000e+00 1.000000000000000000e+00
8.654177784919738770e-01 4.135560393333435059e-01 -2.828834652900695801e-01 4.346758127212524414e-02
1.634611785411834717e-01 3.006614744663238525e-01 9.396184682846069336e-01 -3.034095466136932373e-01
4.736371338367462158e-01 -8.594029545783996582e-01 1.925973445177078247e-01 -8.228401094675064087e-02
0.000000000000000000e+00 0.000000000000000000e+00 0.000000000000000000e+00 1.000000000000000000e+00
9.139332771301269531e-01 3.189864158630371094e-01 -2.509459853172302246e-01 2.937102690339088440e-02
1.911562979221343994e-01 2.071191221475601196e-01 9.594585895538330078e-01 -3.137261569499969482e-01
3.580299615859985352e-01 -9.248508214950561523e-01 1.283168494701385498e-01 -5.666774883866310120e-02
0.000000000000000000e+00 0.000000000000000000e+00 0.000000000000000000e+00 1.000000000000000000e+00
9.725921750068664551e-01 8.348269760608673096e-02 -2.170150727033615112e-01 1.293911319226026535e-02
2.073591798543930054e-01 1.108586490154266357e-01 9.719634056091308594e-01 -3.209759891033172607e-01
1.052001193165779114e-01 -9.903236031532287598e-01 9.050933271646499634e-02 -3.027125261723995209e-02
0.000000000000000000e+00 0.000000000000000000e+00 0.000000000000000000e+00 1.000000000000000000e+00
9.812337756156921387e-01 4.706634581089019775e-02 -1.869905740022659302e-01 -5.025414866395294666e-04
1.858426928520202637e-01 2.772424370050430298e-02 9.821883440017700195e-01 -3.269026577472686768e-01
5.141222476959228516e-02 -9.985070824623107910e-01 1.845704205334186554e-02 -1.741294632665812969e-03
0.000000000000000000e+00 0.000000000000000000e+00 0.000000000000000000e+00 1.000000000000000000e+00
9.847440123558044434e-01 5.974283907562494278e-03 -1.739066690206527710e-01 -4.701652098447084427e-03
1.739074885845184326e-01 -6.796250492334365845e-02 9.824140071868896484e-01 -3.309186697006225586e-01
-5.949933081865310669e-03 -9.976699352264404297e-01 -6.796468049287796021e-02 3.569635748863220215e-02
0.000000000000000000e+00 0.000000000000000000e+00 0.000000000000000000e+00 1.000000000000000000e+00
9.832937717437744141e-01 -3.788936184719204903e-03 -1.819864213466644287e-01 3.956318687414750457e-05
1.803687065839767456e-01 -1.143187656998634338e-01 9.769331216812133789e-01 -3.315980732440948486e-01
-2.450600638985633850e-02 -9.934369325637817383e-01 -1.117255240678787231e-01 5.629616230726242065e-02
0.000000000000000000e+00 0.000000000000000000e+00 0.000000000000000000e+00 1.000000000000000000e+00
9.663790464401245117e-01 -2.106629163026809692e-01 -1.474200636148452759e-01 -7.972151972353458405e-03
1.347139030694961548e-01 -7.352434843778610229e-02 9.881528615951538086e-01 -3.326371610164642334e-01
-2.190061658620834351e-01 -9.747897386550903320e-01 -4.267315939068794250e-02 4.265845194458961487e-02
0.000000000000000000e+00 0.000000000000000000e+00 0.000000000000000000e+00 1.000000000000000000e+00
9.535415172576904297e-01 2.924726307392120361e-01 -7.224121689796447754e-02 -3.159824013710021973e-02
5.616463348269462585e-02 6.300792098045349121e-02 9.964311718940734863e-01 -3.288796842098236084e-01
2.959806323051452637e-01 -9.541961550712585449e-01 4.365405812859535217e-02 -1.701387576758861542e-02
0.000000000000000000e+00 0.000000000000000000e+00 0.000000000000000000e+00 1.000000000000000000e+00
8.568879365921020508e-01 5.117291808128356934e-01 -6.225812062621116638e-02 -2.796767093241214752e-02
-4.273921996355056763e-02 1.908786445856094360e-01 9.806827902793884277e-01 -3.156953155994415283e-01
5.137278437614440918e-01 -8.376742005348205566e-01 1.854326426982879639e-01 -7.577892392873764038e-02
0.000000000000000000e+00 0.000000000000000000e+00 0.000000000000000000e+00 1.000000000000000000e+00
7.602434158325195312e-01 6.447029113769531250e-01 -7.992408424615859985e-02 -1.319700386375188828e-02
-1.649934351444244385e-01 3.106122910976409912e-01 9.361071586608886719e-01 -2.908693552017211914e-01
6.283369064331054688e-01 -6.984826326370239258e-01 3.425128161907196045e-01 -1.331662237644195557e-01
0.000000000000000000e+00 0.000000000000000000e+00 0.000000000000000000e+00 1.000000000000000000e+00
9.451104402542114258e-01 2.311164438724517822e-01 2.309788614511489868e-01 -1.177421286702156067e-01
-3.082743883132934570e-01 3.963553309440612793e-01 8.647946119308471680e-01 -2.561180889606475830e-01
1.083185821771621704e-01 -8.885312080383300781e-01 4.458467662334442139e-01 -1.415045410394668579e-01
0.000000000000000000e+00 0.000000000000000000e+00 0.000000000000000000e+00 1.000000000000000000e+00
8.843373060226440430e-01 3.874663412570953369e-01 2.604182958602905273e-01 -1.185889691114425659e-01
-4.391896128654479980e-01 5.013276934623718262e-01 7.455088496208190918e-01 -2.072726041078567505e-01
1.583046466112136841e-01 -7.736539244651794434e-01 6.135137081146240234e-01 -1.958545595407485962e-01
0.000000000000000000e+00 0.000000000000000000e+00 0.000000000000000000e+00 1.000000000000000000e+00
8.071807026863098145e-01 5.102830529212951660e-01 2.967666685581207275e-01 -1.196166500449180603e-01
-5.777345895767211914e-01 5.797078609466552734e-01 5.745967030525207520e-01 -1.445138752460479736e-01
1.211690604686737061e-01 -6.352557539939880371e-01 7.627373933792114258e-01 -2.374117225408554077e-01
0.000000000000000000e+00 0.000000000000000000e+00 0.000000000000000000e+00 1.000000000000000000e+00
7.378069758415222168e-01 5.922201871871948242e-01 3.239072561264038086e-01 -1.183648109436035156e-01
-6.729535460472106934e-01 6.078971028327941895e-01 4.214195311069488525e-01 -9.059333801269531250e-02
5.267107114195823669e-02 -5.289009213447570801e-01 8.470473885536193848e-01 -2.578493952751159668e-01
0.000000000000000000e+00 0.000000000000000000e+00 0.000000000000000000e+00 1.000000000000000000e+00
6.618837118148803711e-01 7.043510675430297852e-01 2.565141618251800537e-01 -8.580476045608520508e-02
-7.487302422523498535e-01 6.046561598777770996e-01 2.716495096683502197e-01 -4.080834612250328064e-02
3.623392805457115173e-02 -3.718602955341339111e-01 9.275813102722167969e-01 -2.777702808380126953e-01
0.000000000000000000e+00 0.000000000000000000e+00 0.000000000000000000e+00 1.000000000000000000e+00
6.850448846817016602e-01 6.927171349525451660e-01 2.255141437053680420e-01 -7.704527676105499268e-02
-7.283619642257690430e-01 6.573185324668884277e-01 1.934442222118377686e-01 -1.316804438829421997e-02
-1.423239242285490036e-02 -2.967738807201385498e-01 9.548416733741760254e-01 -2.808068692684173584e-01
0.000000000000000000e+00 0.000000000000000000e+00 0.000000000000000000e+00 1.000000000000000000e+00
6.860104203224182129e-01 6.941592693328857422e-01 2.180196791887283325e-01 -7.485260814428329468e-02
-7.179853320121765137e-01 6.943786740303039551e-01 4.832642525434494019e-02 3.137687221169471741e-02
-1.178419589996337891e-01 -1.896873414516448975e-01 9.747469425201416016e-01 -2.768967449665069580e-01
0.000000000000000000e+00 0.000000000000000000e+00 0.000000000000000000e+00 1.000000000000000000e+00
6.695831418037414551e-01 7.153660655021667480e-01 1.997743546962738037e-01 -6.752450764179229736e-02
-7.256565690040588379e-01 6.874280571937561035e-01 -2.940948121249675751e-02 5.255202203989028931e-02
-1.583690345287322998e-01 -1.252754628658294678e-01 9.794004559516906738e-01 -2.730082273483276367e-01
0.000000000000000000e+00 0.000000000000000000e+00 0.000000000000000000e+00 1.000000000000000000e+00
6.606432199478149414e-01 7.298654317855834961e-01 1.756331026554107666e-01 -5.903756245970726013e-02
-7.288339734077453613e-01 6.796550154685974121e-01 -8.288642019033432007e-02 6.661739945411682129e-02
-1.798658370971679688e-01 -7.324902713298797607e-02 9.809603691101074219e-01 -2.695614099502563477e-01
0.000000000000000000e+00 0.000000000000000000e+00 0.000000000000000000e+00 1.000000000000000000e+00
5.749410390853881836e-01 7.947296500205993652e-01 1.945442706346511841e-01 -5.664334073662757874e-02
-7.597073316574096680e-01 6.068150401115417480e-01 -2.337099313735961914e-01 1.098875775933265686e-01
-3.037885725498199463e-01 -1.342731900513172150e-02 9.526448249816894531e-01 -2.545425295829772949e-01
0.000000000000000000e+00 0.000000000000000000e+00 0.000000000000000000e+00 1.000000000000000000e+00
5.718004703521728516e-01 7.961754202842712402e-01 1.978592574596405029e-01 -5.686415731906890869e-02
-6.784631013870239258e-01 5.945097208023071289e-01 -4.315619766712188721e-01 1.647958457469940186e-01
-4.612284600734710693e-01 1.125270798802375793e-01 8.801168799400329590e-01 -2.225056588649749756e-01
0.000000000000000000e+00 0.000000000000000000e+00 0.000000000000000000e+00 1.000000000000000000e+00
5.883125066757202148e-01 7.836092710494995117e-01 1.996108889579772949e-01 -5.957645177841186523e-02
-6.108377575874328613e-01 5.924088954925537109e-01 -5.252895355224609375e-01 1.895656287670135498e-01
-5.298730731010437012e-01 1.871044337749481201e-01 8.271797299385070801e-01 -2.014457732439041138e-01
0.000000000000000000e+00 0.000000000000000000e+00 0.000000000000000000e+00 1.000000000000000000e+00
6.548206210136413574e-01 7.314232587814331055e-01 1.903423219919204712e-01 -6.205553188920021057e-02
-4.981523752212524414e-01 6.070918440818786621e-01 -6.190989017486572266e-01 2.125336676836013794e-01
-5.683788061141967773e-01 3.105792403221130371e-01 7.618963718414306641e-01 -1.751832067966461182e-01
0.000000000000000000e+00 0.000000000000000000e+00 0.000000000000000000e+00 1.000000000000000000e+00
7.303748726844787598e-01 6.636149287223815918e-01 1.617640554904937744e-01 -5.977125465869903564e-02
-3.948832750320434570e-01 6.034722328186035156e-01 -6.927396059036254883e-01 2.285095900297164917e-01
