-0.4019581079483032 -0.09114629030227661 0.9111102819442749 -0.2501792311668396 
-0.9103411436080933 -0.06729446351528168 -0.4083507657051086 0.1689045131206512 
0.09853232651948929 -0.9935610890388489 -0.05592461675405502 0.01237286161631346 
0 0 0 1 

-0.3940506875514984 -0.3085480034351349 0.8657492995262146 -0.2378091961145401 
-0.9150019884109497 0.04297009110450745 -0.4011542499065399 0.1687749177217484 
0.08657412976026535 -0.9502376317977905 -0.2992543876171112 0.08596792817115784 
0 0 0 1 

-0.08265808969736099 -0.5338953733444214 0.8415004014968872 -0.2624537646770477 
-0.9601452350616455 0.2688889503479004 0.07628586143255234 0.0330883301794529 
-0.2669987678527832 -0.8016571402549744 -0.5348430275917053 0.1814830899238586 
0 0 0 1 

-0.07989108562469482 -0.5256244540214539 0.8469569683074951 -0.2644934952259064 
-0.9794495105743408 0.1992509067058563 0.03126692399382591 0.04868148639798164 
-0.1851915270090103 -0.8270537257194519 -0.5307408571243286 0.1756317168474197 
0 0 0 1 

-0.06490349769592285 -0.5011768937110901 0.8629075288772583 -0.2701801955699921 
-0.9938643574714661 0.1100757420063019 -0.01082132197916508 0.06149332225322723 
-0.08956179767847061 -0.8583152890205383 -0.505246102809906 0.1614788919687271 
0 0 0 1 

-0.09529786556959152 -0.4831134676933289 0.8703559041023254 -0.2709238231182098 
-0.9954277276992798 0.05192448198795319 -0.08017054200172424 0.08338972181081772 
-0.006461217533797026 -0.8740165829658508 -0.4858527779579163 0.149823397397995 
0 0 0 1 

-0.1172691881656647 -0.4787314236164093 0.8700942397117615 -0.2698488533496857 
-0.9899665713310242 -0.01319282408803701 -0.1406842023134232 0.101498506963253 
0.07882905006408691 -0.8778621554374695 -0.4723809063434601 0.1399134546518326 
0 0 0 1 

-0.1272049993276596 -0.4400433301925659 0.8889208436012268 -0.2745288014411926 
-0.9686564803123474 -0.1376675814390182 -0.206765204668045 0.1211156025528908 
0.2133614420890808 -0.887360692024231 -0.4087386131286621 0.1119915246963501 
0 0 0 1 

-0.1543560773134232 -0.2038688361644745 0.9667530059814453 -0.2956843376159668 
-0.9634892344474792 -0.1856036484241486 -0.192975252866745 0.1154127269983292 
0.2187747955322266 -0.9612431526184082 -0.1677761822938919 0.03334368765354156 
0 0 0 1 

-0.1417128294706345 -0.1864972412586212 0.9721810221672058 -0.2994400560855865 
-0.9649837613105774 -0.1929649412631989 -0.1776810884475708 0.1104146093130112 
0.2207340747117996 -0.9633187055587769 -0.1526209712028503 0.03204474225640297 
0 0 0 1 

