0.4795611202716827 0.8069080710411072 -0.3448481559753418 0.08796583861112595 
-0.8034351468086243 0.2457261830568314 -0.5423194169998169 0.1721352338790894 
-0.3528638184070587 0.5371384620666504 0.7661392092704773 -0.1538438051939011 
0 0 0 1 

0.4496068358421326 0.8184317350387573 -0.3578032553195953 0.09675197303295135 
-0.7867997884750366 0.1732454597949982 -0.5923951864242554 0.1830298155546188 
-0.4228472411632538 0.5478644371032715 0.7218343019485474 -0.1361038088798523 
0 0 0 1 

0.4209303259849548 0.8342537879943848 -0.3561434149742126 0.1029410734772682 
-0.7765646576881409 0.128514289855957 -0.6167911291122437 0.1857809126377106 
-0.4687909185886383 0.5361944437026978 0.7019476890563965 -0.1240718737244606 
0 0 0 1 

0.3035504817962646 0.909731924533844 -0.2832750976085663 0.09524676203727722 
-0.77153480052948 0.06023015454411507 -0.6333295702934265 0.1841161549091339 
-0.559098482131958 0.4108040630817413 0.7201728224754333 -0.1219316720962524 
0 0 0 1 

0.1160384938120842 0.9666380882263184 -0.2283547222614288 0.09359152615070343 
-0.7844890356063843 -0.05181505531072617 -0.6179742813110352 0.167852908372879 
-0.6091897487640381 0.2508505880832672 0.7523043751716614 -0.127411961555481 
0 0 0 1 

-0.04885853081941605 0.9749561548233032 -0.2169630825519562 0.09262548387050629 
-0.7911369204521179 -0.1703713983297348 -0.5874314904212952 0.1508088260889053 
-0.6096845865249634 0.1429464668035507 0.7796483039855957 -0.1348300278186798 
0 0 0 1 

0.5481902956962585 0.7606194019317627 -0.3477720618247986 0.07722265273332596 
-0.7641889452934265 0.2865625321865082 -0.5778381824493408 0.1748462021350861 
-0.3398566246032715 0.582528829574585 0.7383478879928589 -0.1563324779272079 
0 0 0 1 

0.9121229648590088 0.1233473643660545 -0.3909181654453278 0.09206603467464447 
-0.3527591526508331 0.7219318747520447 -0.595294177532196 0.1776609271764755 
0.208788275718689 0.6808815002441406 0.7020025849342346 -0.1469956338405609 
0 0 0 1 

0.9459629654884338 0.04716942459344864 -0.3208257257938385 0.06205911561846733 
-0.2410493940114975 0.7640746831893921 -0.5984019637107849 0.1575910151004791 
0.2169084548950195 0.6434009075164795 0.7341564297676086 -0.1320620179176331 
0 0 0 1 

0.9514212608337402 0.0347193107008934 -0.3059284090995789 0.05743559449911118 
-0.2109430432319641 0.7972885370254517 -0.5655385851860046 0.1483059227466583 
0.2242780774831772 0.6025988459587097 0.7658807635307312 -0.1407636106014252 
0 0 0 1 

