1.000000000000000000e+00 0.000000000000000000e+00 0.000000000000000000e+00 -4.542167112231254578e-02
0.000000000000000000e+00 1.000000000000000000e+00 0.000000000000000000e+00 9.935460984706878662e-04
0.000000000000000000e+00 0.000000000000000000e+00 1.000000000000000000e+00 -2.875000238418579102e-01
0.000000000000000000e+00 0.000000000000000000e+00 0.000000000000000000e+00 1.000000000000000000e+00
9.967086315155029297e-01 8.012037724256515503e-02 1.235395483672618866e-02 -4.781587794423103333e-02
-7.986503839492797852e-02 9.966062307357788086e-01 -1.993585005402565002e-02 1.037421543151140213e-02
-1.390929054468870163e-02 1.888358779251575470e-02 9.997248649597167969e-01 -2.933824360370635986e-01
0.000000000000000000e+00 0.000000000000000000e+00 0.000000000000000000e+00 1.000000000000000000e+00
9.861901402473449707e-01 1.628751605749130249e-01 3.001233935356140137e-02 -5.140064656734466553e-02
-1.612446457147598267e-01 9.856219291687011719e-01 -5.049384012818336487e-02 2.469353750348091125e-02
-3.780505806207656860e-02 4.495713859796524048e-02 9.982733130455017090e-01 -2.926559746265411377e-01
0.000000000000000000e+00 0.000000000000000000e+00 0.000000000000000000e+00 1.000000000000000000e+00
9.660831093788146973e-01 2.559800446033477783e-01 3.402228280901908875e-02 -5.040137842297554016e-02
-2.527619004249572754e-01 9.643509984016418457e-01 -7.834924012422561646e-02 3.839646279811859131e-02
-5.286527425050735474e-02 6.709234416484832764e-02 9.963452219963073730e-01 -2.919441461563110352e-01
0.000000000000000000e+00 0.000000000000000000e+00 0.000000000000000000e+00 1.000000000000000000e+00
9.378229975700378418e-01 3.437252342700958252e-01 4.838209971785545349e-02 -5.181122943758964539e-02
-3.361085355281829834e-01 9.340443015098571777e-01 -1.207969486713409424e-01 5.591345205903053284e-02
-8.671206235885620117e-02 9.702449291944503784e-02 9.914975166320800781e-01 -2.893415093421936035e-01
0.000000000000000000e+00 0.000000000000000000e+00 0.000000000000000000e+00 1.000000000000000000e+00
8.937880992889404297e-01 4.477027654647827148e-01 2.655158378183841705e-02 -4.189598560333251953e-02
-4.402170479297637939e-01 8.870817422866821289e-01 -1.389056891202926636e-01 6.559745967388153076e-02
-8.574192970991134644e-02 1.124637722969055176e-01 9.899495840072631836e-01 -2.900620102882385254e-01
0.000000000000000000e+00 0.000000000000000000e+00 0.000000000000000000e+00 1.000000000000000000e+00
8.469800949096679688e-01 5.314384102821350098e-01 1.406548731029033661e-02 -3.524979203939437866e-02
-5.223261117935180664e-01 8.368013501167297363e-01 -1.641295999288558960e-01 7.721491158008575439e-02
-9.899486601352691650e-02 1.316677182912826538e-01 9.863386154174804688e-01 -2.889051735401153564e-01
0.000000000000000000e+00 0.000000000000000000e+00 0.000000000000000000e+00 1.000000000000000000e+00
7.939388751983642578e-01 6.079828739166259766e-01 -4.229085054248571396e-03 -2.643810398876667023e-02
-5.998349189758300781e-01 7.821248769760131836e-01 -1.687562912702560425e-01 8.212716877460479736e-02
-9.929327666759490967e-02 1.365189105272293091e-01 9.856487512588500977e-01 -2.895503044128417969e-01
0.000000000000000000e+00 0.000000000000000000e+00 0.000000000000000000e+00 1.000000000000000000e+00
7.239270806312561035e-01 6.891273856163024902e-01 -3.213546052575111389e-02 -1.253571826964616776e-02
-6.840379834175109863e-01 7.109742760658264160e-01 -1.631172597408294678e-01 8.339576423168182373e-02
-8.956114202737808228e-02 1.400668621063232422e-01 9.860832095146179199e-01 -2.904835343360900879e-01
0.000000000000000000e+00 0.000000000000000000e+00 0.000000000000000000e+00 1.000000000000000000e+00
6.476284265518188477e-01 7.610107064247131348e-01 -3.794453293085098267e-02 -5.615766625851392746e-03
-7.577009797096252441e-01 6.379571557044982910e-01 -1.374758183956146240e-01 7.807657122611999512e-02
-8.041363954544067383e-02 1.177838444709777832e-01 9.897780418395996094e-01 -2.935270667076110840e-01
0.000000000000000000e+00 0.000000000000000000e+00 0.000000000000000000e+00 1.000000000000000000e+00
5.518997311592102051e-01 8.325555920600891113e-01 -4.751350358128547668e-02 3.203361993655562401e-03
-8.323001265525817871e-01 5.464001893997192383e-01 -9.339736402034759521e-02 6.599127501249313354e-02
-5.179714784026145935e-02 9.109146893024444580e-02 9.944945573806762695e-01 -2.984450459480285645e-01
0.000000000000000000e+00 0.000000000000000000e+00 0.000000000000000000e+00 1.000000000000000000e+00
4.608148038387298584e-01 8.821939826011657715e-01 -9.686812013387680054e-02 2.486987039446830750e-02
-8.874871134757995605e-01 4.575606882572174072e-01 -5.481586605310440063e-02 5.443611741065979004e-02
-4.035194870084524155e-03 1.112291738390922546e-01 9.937865734100341797e-01 -3.021138310432434082e-01
0.000000000000000000e+00 0.000000000000000000e+00 0.000000000000000000e+00 1.000000000000000000e+00
3.512888848781585693e-01 9.298726916313171387e-01 -1.092380508780479431e-01 3.323673084378242493e-02
-9.360013604164123535e-01 3.515705764293670654e-01 -1.731086708605289459e-02 4.065322503447532654e-02
2.230798639357089996e-02 1.083280816674232483e-01 9.938648939132690430e-01 -3.035708069801330566e-01
0.000000000000000000e+00 0.000000000000000000e+00 0.000000000000000000e+00 1.000000000000000000e+00
2.740409076213836670e-01 9.527810215950012207e-01 -1.308043152093887329e-01 4.243190959095954895e-02
-9.583046436309814453e-01 2.819797098636627197e-01 4.625375196337699890e-02 1.661798730492591858e-02
8.095385879278182983e-02 1.126749888062477112e-01 9.903286099433898926e-01 -3.031255602836608887e-01
0.000000000000000000e+00 0.000000000000000000e+00 0.000000000000000000e+00 1.000000000000000000e+00
1.908107101917266846e-01 9.678013324737548828e-01 -1.641703099012374878e-01 5.454310402274131775e-02
-9.722956418991088867e-01 2.093400955200195312e-01 1.040091663599014282e-01 -4.495206288993358612e-03
1.350276172161102295e-01 1.397760212421417236e-01 9.809333086013793945e-01 -3.011128306388854980e-01
0.000000000000000000e+00 0.000000000000000000e+00 0.000000000000000000e+00 1.000000000000000000e+00
1.139695346355438232e-01 9.804291725158691406e-01 -1.605293005704879761e-01 5.533001944422721863e-02
-9.710648059844970703e-01 1.440668702125549316e-01 1.904674470424652100e-01 -3.390258923172950745e-02
2.098667770624160767e-01 1.341768652200698853e-01 9.684794545173645020e-01 -2.986390590667724609e-01
0.000000000000000000e+00 0.000000000000000000e+00 0.000000000000000000e+00 1.000000000000000000e+00
1.866198778152465820e-01 9.713037014007568359e-01 -1.474522948265075684e-01 5.026334896683692932e-02
-9.543625116348266602e-01 2.148553729057312012e-01 2.074351310729980469e-01 -3.890737518668174744e-02
2.331634014844894409e-01 1.020114347338676453e-01 9.670721888542175293e-01 -2.962002456188201904e-01
0.000000000000000000e+00 0.000000000000000000e+00 0.000000000000000000e+00 1.000000000000000000e+00
2.718591988086700439e-01 9.501402974128723145e-01 -1.527278423309326172e-01 4.932126402854919434e-02
-9.379568696022033691e-01 2.971106767654418945e-01 1.787796914577484131e-01 -2.763293497264385223e-02
2.152428627014160156e-01 9.464924037456512451e-02 9.719629287719726562e-01 -2.951982617378234863e-01
0.000000000000000000e+00 0.000000000000000000e+00 0.000000000000000000e+00 1.000000000000000000e+00
3.234919905662536621e-01 9.339505434036254883e-01 -1.519506126642227173e-01 4.754547774791717529e-02
-9.345771074295043945e-01 3.404867053031921387e-01 1.031227558851242065e-01 -1.444224035367369652e-03
1.480487287044525146e-01 1.086502149701118469e-01 9.829937815666198730e-01 -2.950043082237243652e-01
0.000000000000000000e+00 0.000000000000000000e+00 0.000000000000000000e+00 1.000000000000000000e+00
3.639609515666961670e-01 9.120759963989257812e-01 -1.888111233711242676e-01 5.728296190500259399e-02
-9.280470013618469238e-01 3.723371922969818115e-01 9.676076471805572510e-03 3.117277100682258606e-02
7.912672311067581177e-02 1.717039197683334351e-01 9.819657206535339355e-01 -2.906419634819030762e-01
0.000000000000000000e+00 0.000000000000000000e+00 0.000000000000000000e+00 1.000000000000000000e+00
4.019553661346435547e-01 8.932933807373046875e-01 -2.011434286832809448e-01 5.909892916679382324e-02
-9.154345989227294922e-01 3.969056904315948486e-01 -6.667196005582809448e-02 5.704801902174949646e-02
2.027732692658901215e-02 2.109328210353851318e-01 9.772902131080627441e-01 -2.856628298759460449e-01
0.000000000000000000e+00 0.000000000000000000e+00 0.000000000000000000e+00 1.000000000000000000e+00
4.571133852005004883e-01 8.584071397781372070e-01 -2.327752262353897095e-01 6.524848937988281250e-02
-8.885182142257690430e-01 4.290325045585632324e-01 -1.626847833395004272e-01 8.611751347780227661e-02
-3.978167474269866943e-02 2.811904251575469971e-01 9.588270783424377441e-01 -2.748515605926513672e-01
0.000000000000000000e+00 0.000000000000000000e+00 0.000000000000000000e+00 1.000000000000000000e+00
5.325911045074462891e-01 8.191444277763366699e-01 -2.129530310630798340e-01 5.374326556921005249e-02
-8.420272469520568848e-01 4.873480200767517090e-01 -2.312613129615783691e-01 1.049595996737480164e-01
-8.565419912338256836e-02 3.024799823760986328e-01 9.492993354797363281e-01 -2.680646777153015137e-01
0.000000000000000000e+00 0.000000000000000000e+00 0.000000000000000000e+00 1.000000000000000000e+00
5.963624715805053711e-01 7.746145725250244141e-01 -2.105324119329452515e-01 4.834377393126487732e-02
-7.939809560775756836e-01 5.306386947631835938e-01 -2.966760993003845215e-01 1.208923757076263428e-01
-1.180930361151695251e-01 3.440852165222167969e-01 9.314823746681213379e-01 -2.594441175460815430e-01
0.000000000000000000e+00 0.000000000000000000e+00 0.000000000000000000e+00 1.000000000000000000e+00
6.759191155433654785e-01 7.190314531326293945e-01 -1.616386026144027710e-01 2.795824036002159119e-02
-7.188845872879028320e-01 5.949746966361999512e-01 -3.594579100608825684e-01 1.319457143545150757e-01
-1.622907370328903198e-01 3.591639399528503418e-01 9.190554618835449219e-01 -2.513862252235412598e-01
0.000000000000000000e+00 0.000000000000000000e+00 0.000000000000000000e+00 1.000000000000000000e+00
