0.4593518078327179 0.883083164691925 -0.0957074761390686 0.02464271895587444 
-0.8882386088371277 0.4560282230377197 -0.05541030690073967 0.05470672622323036 
-0.005286612082272768 0.110463909804821 0.9938660860061646 -0.3019862473011017 
0 0 0 1 

0.353412389755249 0.9290011525154114 -0.1098017320036888 0.03332593664526939 
-0.9351521134376526 0.3538990616798401 -0.0156799852848053 0.03990712016820908 
0.02429200522601604 0.1082228273153305 0.9938298463821411 -0.3035767376422882 
0 0 0 1 

0.2728629112243652 0.9534302353858948 -0.1285166889429092 0.04191586375236511 
-0.9586562514305115 0.2806780636310577 0.04688279703259468 0.01648297719657421 
0.08077128976583481 0.1104107648134232 0.9905985593795776 -0.303214967250824 
0 0 0 1 

0.1930507868528366 0.9677879214286804 -0.1616100966930389 0.05375188961625099 
-0.9722450375556946 0.2108666300773621 0.1013644337654114 -0.003644624026492238 
0.1321774572134018 0.1375561356544495 0.9816350936889648 -0.3013159930706024 
0 0 0 1 

0.1143930479884148 0.980415940284729 -0.160308837890625 0.05515281111001968 
-0.9711631536483765 0.1443409025669098 0.1897575557231903 -0.03359567373991013 
0.2091804593801498 0.1339790672063828 0.9686553478240967 -0.2986265122890472 
0 0 0 1 

0.1886372864246368 0.9708746075630188 -0.147710993885994 0.05023964866995811 
-0.9537807106971741 0.2169508635997772 0.2079294472932816 -0.03900710865855217 
0.2339194416999817 0.1016606464982033 0.9669264554977417 -0.2962345480918884 
0 0 0 1 

0.2735200822353363 0.9500709176063538 -0.1501730680465698 0.04854150488972664 
-0.9377036690711975 0.2981537878513336 0.1783708482980728 -0.02753177285194397 
0.214239627122879 0.09202983230352402 0.9724360704421997 -0.2952032685279846 
0 0 0 1 

0.3255737125873566 0.933174729347229 -0.1522714644670486 0.04758602008223534 
-0.9334839582443237 0.3428457081317902 0.1051878407597542 -0.002021020976826549 
0.1503642499446869 0.107896588742733 0.9827252626419067 -0.2949139773845673 
0 0 0 1 

0.3595041930675507 0.9130364656448364 -0.1926678568124771 0.05867166072130203 
-0.929629921913147 0.3683336675167084 0.01087997481226921 0.03069727495312691 
0.08089986443519592 0.1751984357833862 0.9812037348747253 -0.2904273271560669 
0 0 0 1 

0.4080109596252441 0.8924281597137451 -0.1926105320453644 0.05624701827764511 
-0.9128259420394897 0.4025982618331909 -0.06828784197568893 0.05708768963813782 
0.01660263910889626 0.2036820948123932 0.9788963198661804 -0.2860189080238342 
0 0 0 1 

