1.000000000000000000e+00 0.000000000000000000e+00 0.000000000000000000e+00 -4.146692231928954531e-01
0.000000000000000000e+00 -1.000000000000000000e+00 0.000000000000000000e+00 -7.693198940031911737e-02
0.000000000000000000e+00 0.000000000000000000e+00 -1.000000000000000000e+00 -3.421550398492883005e+00
0.000000000000000000e+00 0.000000000000000000e+00 0.000000000000000000e+00 1.000000000000000000e+00
9.907652735710144043e-01 -1.349874287843704224e-01 -1.273976452648639679e-02 -4.954974613730621091e-01
-1.340787559747695923e-01 -9.893848896026611328e-01 5.604161322116851807e-02 2.620809645394350795e-01
-2.016944810748100281e-02 -5.381596088409423828e-02 -9.983473420143127441e-01 -3.431371931468206959e+00
0.000000000000000000e+00 0.000000000000000000e+00 0.000000000000000000e+00 1.000000000000000000e+00
9.712568521499633789e-01 -2.355898022651672363e-01 -3.401891142129898071e-02 -5.717193892127067079e-01
-2.311225831508636475e-01 -9.675654768943786621e-01 1.019763574004173279e-01 5.573316004327241169e-01
-5.694016441702842712e-02 -9.118267893791198730e-02 -9.942048192024230957e-01 -3.406153000659213337e+00
0.000000000000000000e+00 0.000000000000000000e+00 0.000000000000000000e+00 1.000000000000000000e+00
9.413105845451354980e-01 -3.358581960201263428e-01 -3.367133066058158875e-02 -5.600057125570122585e-01
-3.280966281890869141e-01 -9.338396191596984863e-01 1.424637436866760254e-01 8.008450716911849065e-01
-7.929130643606185913e-02 -1.230551600456237793e-01 -9.892272353172302246e-01 -3.373139027323845962e+00
0.000000000000000000e+00 0.000000000000000000e+00 0.000000000000000000e+00 1.000000000000000000e+00
8.934568166732788086e-01 -4.487952291965484619e-01 -1.781279221177101135e-02 -4.416546114975428705e-01
-4.401698410511016846e-01 -8.827975988388061523e-01 1.640698760747909546e-01 9.559026140228235047e-01
-8.935890346765518188e-02 -1.387487053871154785e-01 -9.862878322601318359e-01 -3.358147341219792636e+00
0.000000000000000000e+00 0.000000000000000000e+00 0.000000000000000000e+00 1.000000000000000000e+00
8.300228118896484375e-01 -5.577027797698974609e-01 5.428098607808351517e-03 -2.913544442179848426e-01
-5.483955740928649902e-01 -8.143203854560852051e-01 1.901154965162277222e-01 1.123679494837816151e+00
-1.016077846288681030e-01 -1.607769131660461426e-01 -9.817466735839843750e-01 -3.342247026297329615e+00
0.000000000000000000e+00 0.000000000000000000e+00 0.000000000000000000e+00 1.000000000000000000e+00
7.517286539077758789e-01 -6.584784984588623047e-01 3.618926554918289185e-02 -9.582722148834658948e-02
-6.536818742752075195e-01 -7.367495298385620117e-01 1.729159951210021973e-01 1.108636793155187705e+00
-8.719915151596069336e-02 -1.536422073841094971e-01 -9.842715859413146973e-01 -3.379294332638848264e+00
0.000000000000000000e+00 0.000000000000000000e+00 0.000000000000000000e+00 1.000000000000000000e+00
6.907208561897277832e-01 -7.190782427787780762e-01 7.636202871799468994e-02 9.132347698880569076e-02
-7.224892377853393555e-01 -6.818431615829467773e-01 1.144516989588737488e-01 8.885326646406794815e-01
-3.023282997310161591e-02 -1.342249363660812378e-01 -9.904895424842834473e-01 -3.460095081005559514e+00
0.000000000000000000e+00 0.000000000000000000e+00 0.000000000000000000e+00 1.000000000000000000e+00
5.870573520660400391e-01 -8.083551526069641113e-01 4.387332126498222351e-02 1.121678514682748588e-02
-8.088766336441040039e-01 -5.835089087486267090e-01 7.235594838857650757e-02 7.383508155864323408e-01
-3.288885578513145447e-02 -7.796521484851837158e-02 -9.964135289192199707e-01 -3.546266942516604459e+00
0.000000000000000000e+00 0.000000000000000000e+00 0.000000000000000000e+00 1.000000000000000000e+00
5.011702775955200195e-01 -8.639978170394897461e-01 4.833448305726051331e-02 8.333082449854543883e-02
-8.650608658790588379e-01 -4.987806975841522217e-01 5.373404547572135925e-02 6.758644014033863279e-01
-2.231778390705585480e-02 -6.874217092990875244e-02 -9.973849654197692871e-01 -3.592293680087098373e+00
0.000000000000000000e+00 0.000000000000000000e+00 0.000000000000000000e+00 1.000000000000000000e+00
4.012849032878875732e-01 -9.139226078987121582e-01 6.095821782946586609e-02 1.882805822532646889e-01
-9.157004356384277344e-01 -4.018482863903045654e-01 3.256627591326832771e-03 4.638092299461176737e-01
2.151964604854583740e-02 -5.712629109621047974e-02 -9.981349110603332520e-01 -3.642346511966783495e+00
0.000000000000000000e+00 0.000000000000000000e+00 0.000000000000000000e+00 1.000000000000000000e+00
2.882411777973175049e-01 -9.551130533218383789e-01 6.838412582874298096e-02 2.740973598259316413e-01
-9.562495350837707520e-01 -2.908442020416259766e-01 -3.156534582376480103e-02 3.113170731996131591e-01
5.003757774829864502e-02 -5.629386752843856812e-02 -9.971593618392944336e-01 -3.666777458906700371e+00
0.000000000000000000e+00 0.000000000000000000e+00 0.000000000000000000e+00 1.000000000000000000e+00
1.766719669103622437e-01 -9.810780882835388184e-01 7.919918745756149292e-02 3.716406541239006267e-01
-9.818385243415832520e-01 -1.813161820173263550e-01 -5.583387613296508789e-02 2.051131734950240593e-01
6.913749873638153076e-02 -6.789653003215789795e-02 -9.952940344810485840e-01 -3.675830311204841383e+00
0.000000000000000000e+00 0.000000000000000000e+00 0.000000000000000000e+00 1.000000000000000000e+00
9.719483554363250732e-02 -9.912739396095275879e-01 8.904206752777099609e-02 4.466387251275192316e-01
-9.907090663909912109e-01 -1.049127504229545593e-01 -8.653782308101654053e-02 6.853988083194278991e-02
9.512437880039215088e-02 -7.980372756719589233e-02 -9.922614693641662598e-01 -3.667322429377833259e+00
0.000000000000000000e+00 0.000000000000000000e+00 0.000000000000000000e+00 1.000000000000000000e+00
1.805760525166988373e-02 -9.957716464996337891e-01 9.006903320550918579e-02 5.059913005766600858e-01
-9.971681833267211914e-01 -2.451377548277378082e-02 -7.109727710485458374e-02 1.512417135315199668e-01
7.300458848476409912e-02 -8.853017538785934448e-02 -9.933946728706359863e-01 -3.600721591547691336e+00
0.000000000000000000e+00 0.000000000000000000e+00 0.000000000000000000e+00 1.000000000000000000e+00
-9.521862864494323730e-02 -9.008551239967346191e-01 4.235483109951019287e-01 1.855425740864727002e+00
-9.897828698158264160e-01 4.031662642955780029e-02 -1.367646306753158569e-01 -1.000009060286442403e-01
1.061290279030799866e-01 -4.322434365749359131e-01 -8.954897522926330566e-01 -3.165744499521781385e+00
0.000000000000000000e+00 0.000000000000000000e+00 0.000000000000000000e+00 1.000000000000000000e+00
-1.671871691942214966e-01 -8.748757243156433105e-01 4.545773863792419434e-01 1.989122577867061814e+00
-9.768116474151611328e-01 8.444020152091979980e-02 -1.967446058988571167e-01 -3.498695788955020758e-01
1.337424367666244507e-01 -4.769298136234283447e-01 -8.687065839767456055e-01 -3.076073245080350294e+00
0.000000000000000000e+00 0.000000000000000000e+00 0.000000000000000000e+00 1.000000000000000000e+00
-1.400650441646575928e-01 -8.164681792259216309e-01 5.601441860198974609e-01 2.305356429660685880e+00
-9.900580048561096191e-01 1.228820160031318665e-01 -6.845247745513916016e-02 1.349713633144577762e-01
-1.294240448623895645e-02 -5.641629099845886230e-01 -8.255618214607238770e-01 -2.832858370071490217e+00
0.000000000000000000e+00 0.000000000000000000e+00 0.000000000000000000e+00 1.000000000000000000e+00
-8.907967805862426758e-02 -7.361629009246826172e-01 6.709162592887878418e-01 2.591839581648490043e+00
-9.942646026611328125e-01 2.569713629782199860e-02 -1.038154736161231995e-01 4.262960060391524086e-02
5.918446183204650879e-02 -6.763162612915039062e-01 -7.342300415039062500e-01 -2.612896257897340480e+00
0.000000000000000000e+00 0.000000000000000000e+00 0.000000000000000000e+00 1.000000000000000000e+00
-5.630817264318466187e-02 -5.721825361251831055e-01 8.181911706924438477e-01 3.084378619550537604e+00
-9.854285120964050293e-01 -9.988795220851898193e-02 -1.376716792583465576e-01 -7.981536464136261555e-02
1.605007797479629517e-01 -8.140208721160888672e-01 -5.582203269004821777e-01 -1.973830826730890831e+00
0.000000000000000000e+00 0.000000000000000000e+00 0.000000000000000000e+00 1.000000000000000000e+00
-1.247895956039428711e-01 -4.262675642967224121e-01 8.959482908248901367e-01 3.349602407966477902e+00
-9.852876067161560059e-01 -5.303714796900749207e-02 -1.624666899442672729e-01 -2.151287537503530634e-01
1.167727187275886536e-01 -9.030409455299377441e-01 -4.133777916431427002e-01 -1.389223233069188490e+00
0.000000000000000000e+00 0.000000000000000000e+00 0.000000000000000000e+00 1.000000000000000000e+00
-1.919769644737243652e-01 -3.274663686752319336e-01 9.251542091369628906e-01 3.472380360004335920e+00
-9.740539193153381348e-01 -5.154287815093994141e-02 -2.203681319952011108e-01 -4.348791340384222104e-01
1.198482364416122437e-01 -9.434555768966674805e-01 -3.090748488903045654e-01 -1.011191849753213523e+00
0.000000000000000000e+00 0.000000000000000000e+00 0.000000000000000000e+00 1.000000000000000000e+00
-2.728550434112548828e-01 -2.067769467830657959e-01 9.395707249641418457e-01 3.563241173646196636e+00
-9.593151211738586426e-01 -1.517463289201259613e-02 -2.819285690784454346e-01 -6.675642471318878890e-01
7.255394756793975830e-02 -9.782705307006835938e-01 -1.942239850759506226e-01 -5.638192216704649429e-01
0.000000000000000000e+00 0.000000000000000000e+00 0.000000000000000000e+00 1.000000000000000000e+00
-1.753903925418853760e-01 8.416807055473327637e-01 5.106974840164184570e-01 1.917775912429989571e+00
-9.522058963775634766e-01 -1.325798965990543365e-02 -3.051686584949493408e-01 -7.262720615018043446e-01
-2.500836253166198730e-01 -5.398129224777221680e-01 8.037784695625305176e-01 3.263999809826379828e+00
0.000000000000000000e+00 0.000000000000000000e+00 0.000000000000000000e+00 1.000000000000000000e+00
-1.744708865880966187e-01 8.613037467002868652e-01 4.771966040134429932e-01 1.782056376677112475e+00
-9.702126979827880859e-01 -6.765296310186386108e-02 -2.326168566942214966e-01 -4.675600411386650057e-01
-1.680698543787002563e-01 -5.035670399665832520e-01 8.474506735801696777e-01 3.369923662442328549e+00
0.000000000000000000e+00 0.000000000000000000e+00 0.000000000000000000e+00 1.000000000000000000e+00
-9.494785964488983154e-02 8.554133772850036621e-01 5.091682672500610352e-01 1.821191874741668659e+00
-9.904721379280090332e-01 -2.992887422442436218e-02 -1.344195902347564697e-01 -7.717954179518450586e-02
-9.974556416273117065e-02 -5.170799493789672852e-01 8.501046895980834961e-01 3.327591073220430573e+00
0.000000000000000000e+00 0.000000000000000000e+00 0.000000000000000000e+00 1.000000000000000000e+00
1.681347563862800598e-02 8.574194312095642090e-01 5.143429040908813477e-01 1.728621177467895231e+00
-9.996318817138671875e-01 2.536755613982677460e-02 -9.611519053578376770e-03 4.110026770978924548e-01
-2.128881029784679413e-02 -5.139921307563781738e-01 8.575305342674255371e-01 3.292178678292310590e+00
0.000000000000000000e+00 0.000000000000000000e+00 0.000000000000000000e+00 1.000000000000000000e+00
5.154584348201751709e-02 8.557620048522949219e-01 5.147949457168579102e-01 1.693490574671432825e+00
-9.934094548225402832e-01 -8.903995156288146973e-03 1.142704486846923828e-01 8.727544596419347656e-01
1.023720875382423401e-01 -5.172924995422363281e-01 8.496636748313903809e-01 3.168716497041803137e+00
0.000000000000000000e+00 0.000000000000000000e+00 0.000000000000000000e+00 1.000000000000000000e+00
2.575845457613468170e-02 8.647037148475646973e-01 5.016214251518249512e-01 1.691182464440752709e+00
-9.799697995185852051e-01 -7.728034257888793945e-02 1.835391521453857422e-01 1.031205313523509526e+00
1.974725872278213501e-01 -4.963014721870422363e-01 8.453931212425231934e-01 3.111457714688347753e+00
0.000000000000000000e+00 0.000000000000000000e+00 0.000000000000000000e+00 1.000000000000000000e+00
-4.382830858230590820e-02 8.648620247840881348e-01 5.000915527343750000e-01 1.775186853262055164e+00
-9.935747981071472168e-01 -9.001922607421875000e-02 6.860207021236419678e-02 6.059844769378378571e-01
1.043491661548614502e-01 -4.938719272613525391e-01 8.632508516311645508e-01 3.353562483813410822e+00
0.000000000000000000e+00 0.000000000000000000e+00 0.000000000000000000e+00 1.000000000000000000e+00
-5.484430119395256042e-02 8.557026386260986328e-01 5.145539045333862305e-01 1.818715723331559619e+00
-9.935321211814880371e-01 4.549928940832614899e-03 -1.134638413786888123e-01 -6.184642503546541881e-02
-9.943255782127380371e-02 -5.174480080604553223e-01 8.499177694320678711e-01 3.514186411757375783e+00
0.000000000000000000e+00 0.000000000000000000e+00 0.000000000000000000e+00 1.000000000000000000e+00
1.219539642333984375e-01 8.424454331398010254e-01 5.247978568077087402e-01 1.697630592282780349e+00
-9.876703023910522461e-01 1.552942693233489990e-01 -1.977288164198398590e-02 2.778845480650217747e-01
-9.815571457147598267e-02 -5.159159302711486816e-01 8.509970307350158691e-01 3.545524454396571379e+00
0.000000000000000000e+00 0.000000000000000000e+00 0.000000000000000000e+00 1.000000000000000000e+00
2.180346697568893433e-01 7.878879904747009277e-01 5.759281516075134277e-01 1.725170214867170149e+00
-9.485321044921875000e-01 3.099527657032012939e-01 -6.493040174245834351e-02 9.886404270630534674e-02
-2.296684235334396362e-01 -5.321293473243713379e-01 8.149176239967346191e-01 3.480444777027599024e+00
0.000000000000000000e+00 0.000000000000000000e+00 0.000000000000000000e+00 1.000000000000000000e+00
3.300599455833435059e-01 7.257611155509948730e-01 6.035984754562377930e-01 1.646511603750841379e+00
-9.140138030052185059e-01 4.054981768131256104e-01 1.223380677402019501e-02 3.666675971544658408e-01
-2.358793318271636963e-01 -5.557352900505065918e-01 7.971942424774169922e-01 3.351257820581282854e+00
0.000000000000000000e+00 0.000000000000000000e+00 0.000000000000000000e+00 1.000000000000000000e+00
3.512251675128936768e-01 7.190040946006774902e-01 5.997282266616821289e-01 1.603855686064729502e+00
-9.241295456886291504e-01 3.691157698631286621e-01 9.868101030588150024e-02 6.996718724801400668e-01
-1.504171043634414673e-01 -5.888858437538146973e-01 7.940956354141235352e-01 3.246296369961161776e+00
0.000000000000000000e+00 0.000000000000000000e+00 0.000000000000000000e+00 1.000000000000000000e+00
3.683893680572509766e-01 7.064382433891296387e-01 6.043461561203002930e-01 1.611446321576946783e+00
-9.267826080322265625e-01 3.302700519561767578e-01 1.788733303546905518e-01 9.922914574658718845e-01
-7.323450595140457153e-02 -6.259925365447998047e-01 7.763826251029968262e-01 3.106318239846734830e+00
0.000000000000000000e+00 0.000000000000000000e+00 0.000000000000000000e+00 1.000000000000000000e+00
5.298017263412475586e-01 6.009585857391357422e-01 5.984637141227722168e-01 1.527619970230875479e+00
-8.447892069816589355e-01 4.364191889762878418e-01 3.096274137496948242e-01 1.404909334856814462e+00
-7.510785758495330811e-02 -6.696168780326843262e-01 7.388989329338073730e-01 2.959586405468610515e+00
0.000000000000000000e+00 0.000000000000000000e+00 0.000000000000000000e+00 1.000000000000000000e+00
6.792148947715759277e-01 4.079366326332092285e-01 6.101267337799072266e-01 1.521421749783895994e+00
-7.120777368545532227e-01 5.676597356796264648e-01 4.131672978401184082e-01 1.743384427759949951e+00
-1.777984499931335449e-01 -7.150871157646179199e-01 6.760456562042236328e-01 2.902657156176763564e+00
0.000000000000000000e+00 0.000000000000000000e+00 0.000000000000000000e+00 1.000000000000000000e+00
6.966578960418701172e-01 3.320659697055816650e-01 6.359244585037231445e-01 1.576148194650838441e+00
-6.566072702407836914e-01 6.522542834281921387e-01 3.787227272987365723e-01 1.610231354779254609e+00
-2.890236079692840576e-01 -6.813928484916687012e-01 6.724349856376647949e-01 3.015051025075547120e+00
0.000000000000000000e+00 0.000000000000000000e+00 0.000000000000000000e+00 1.000000000000000000e+00
7.424740195274353027e-01 2.423168569803237915e-01 6.245115399360656738e-01 1.590081996899163297e+00
-5.772775411605834961e-01 7.043989300727844238e-01 4.130038321018218994e-01 1.644623265785939870e+00
-3.398276269435882568e-01 -6.671611666679382324e-01 6.628818511962890625e-01 2.977514244939589272e+00
0.000000000000000000e+00 0.000000000000000000e+00 0.000000000000000000e+00 1.000000000000000000e+00
7.351555824279785156e-01 2.413437962532043457e-01 6.334819197654724121e-01 1.702495513689695539e+00
-5.495282411575317383e-01 7.593525648117065430e-01 3.484294414520263672e-01 1.321229567124183379e+00
-3.969444334506988525e-01 -6.042661070823669434e-01 6.908673644065856934e-01 3.119483706117732069e+00
0.000000000000000000e+00 0.000000000000000000e+00 0.000000000000000000e+00 1.000000000000000000e+00
7.220900058746337891e-01 3.348225057125091553e-01 6.053757667541503906e-01 1.697095273407594362e+00
-5.938425660133361816e-01 7.488892674446105957e-01 2.941360473632812500e-01 1.081308988631842105e+00
-3.548760116100311279e-01 -5.718906521797180176e-01 7.395973205566406250e-01 3.265336211165141389e+00
0.000000000000000000e+00 0.000000000000000000e+00 0.000000000000000000e+00 1.000000000000000000e+00
8.039899468421936035e-01 1.682384163141250610e-01 5.703471899032592773e-01 1.616789858732861296e+00
-5.336275100708007812e-01 6.273347735404968262e-01 5.671796798706054688e-01 2.077242955501870103e+00
-2.623772323131561279e-01 -7.603597044944763184e-01 5.941473841667175293e-01 2.793736483019368055e+00
0.000000000000000000e+00 0.000000000000000000e+00 0.000000000000000000e+00 1.000000000000000000e+00
8.439944386482238770e-01 9.827126562595367432e-02 5.272723436355590820e-01 1.439917469012641726e+00
-4.829970002174377441e-01 5.667036175727844238e-01 6.675032973289489746e-01 2.461060384412922630e+00
-2.332108318805694580e-01 -8.180400729179382324e-01 5.257593989372253418e-01 2.518328020330609096e+00
0.000000000000000000e+00 0.000000000000000000e+00 0.000000000000000000e+00 1.000000000000000000e+00
8.739162087440490723e-01 2.406470477581024170e-02 4.854806363582611084e-01 1.275767089199654203e+00
-4.301278889179229736e-01 5.035011768341064453e-01 7.493174076080322266e-01 2.771124453497624263e+00
-2.264079749584197998e-01 -8.636592626571655273e-01 4.503687620162963867e-01 2.226256766639598705e+00
0.000000000000000000e+00 0.000000000000000000e+00 0.000000000000000000e+00 1.000000000000000000e+00
8.935049176216125488e-01 -9.227427095174789429e-02 4.394704997539520264e-01 1.101964941090048278e+00
-3.683897852897644043e-01 4.090078771114349365e-01 8.348659873008728027e-01 3.100142705872279247e+00
-2.567836046218872070e-01 -9.078533649444580078e-01 3.314575850963592529e-01 1.789556692387276993e+00
0.000000000000000000e+00 0.000000000000000000e+00 0.000000000000000000e+00 1.000000000000000000e+00
9.491366147994995117e-01 2.663964033126831055e-01 1.678468436002731323e-01 -6.587323233926195218e-03
-2.460367232561111450e-01 2.948417365550994873e-01 9.233278632164001465e-01 3.364773265837353478e+00
1.964829862117767334e-01 -9.176608324050903320e-01 3.453883826732635498e-01 1.520579467247639149e+00
0.000000000000000000e+00 0.000000000000000000e+00 0.000000000000000000e+00 1.000000000000000000e+00
9.767965078353881836e-01 1.389693617820739746e-01 1.629600524902343750e-01 -1.806886944706766890e-02
-1.910050213336944580e-01 2.210783958435058594e-01 9.563688039779663086e-01 3.457872560339136037e+00
9.687902033329010010e-02 -9.653038978576660156e-01 2.424924820661544800e-01 1.174161800280087320e+00
0.000000000000000000e+00 0.000000000000000000e+00 0.000000000000000000e+00 1.000000000000000000e+00
9.840893149375915527e-01 1.120255738496780396e-01 1.379078924655914307e-01 -1.060621357650658597e-01
-1.500932723283767700e-01 1.087922826409339905e-01 9.826678633689880371e-01 3.531560082493136132e+00
9.508059918880462646e-02 -9.877319335937500000e-01 1.238755881786346436e-01 7.083145525809868559e-01
0.000000000000000000e+00 0.000000000000000000e+00 0.000000000000000000e+00 1.000000000000000000e+00
9.816418290138244629e-01 1.322634816169738770e-01 1.374255865812301636e-01 -1.192316414874916020e-01
-1.450448632240295410e-01 4.976313188672065735e-02 9.881729483604431152e-01 3.533787532957690658e+00
1.238604411482810974e-01 -9.899647235870361328e-01 6.803373992443084717e-02 4.624225661464133053e-01
0.000000000000000000e+00 0.000000000000000000e+00 0.000000000000000000e+00 1.000000000000000000e+00
9.945640563964843750e-01 1.710179634392261505e-02 1.027136668562889099e-01 -2.466598854130258867e-01
-1.020637899637222290e-01 -3.531311452388763428e-02 9.941508769989013672e-01 3.516253340721394505e+00
2.062890864908695221e-02 -9.992299675941467285e-01 -3.337567299604415894e-02 1.014757679649273686e-01
0.000000000000000000e+00 0.000000000000000000e+00 0.000000000000000000e+00 1.000000000000000000e+00
8.998486995697021484e-01 4.230871498584747314e-01 1.061584576964378357e-01 -2.052074657277399017e-01
-5.826115235686302185e-02 -1.246150135993957520e-01 9.904932379722595215e-01 3.448910708802778391e+00
4.322938919067382812e-01 -8.974788784980773926e-01 -8.748510479927062988e-02 -4.028226731829865348e-01
0.000000000000000000e+00 0.000000000000000000e+00 0.000000000000000000e+00 1.000000000000000000e+00
9.746223092079162598e-01 1.201637908816337585e-01 1.888698488473892212e-01 1.631654612172040580e-02
-1.677480489015579224e-01 -1.666343063116073608e-01 9.716447591781616211e-01 3.476223001832638104e+00
1.482287198305130005e-01 -9.786692261695861816e-01 -1.422482430934906006e-01 -3.110043910619767482e-01
0.000000000000000000e+00 0.000000000000000000e+00 0.000000000000000000e+00 1.000000000000000000e+00
9.620978236198425293e-01 -1.352869421243667603e-01 2.367815077304840088e-01 2.321348489861148334e-01
-2.587102651596069336e-01 -1.782210320234298706e-01 9.493713378906250000e-01 3.504501143856877388e+00
-8.623816072940826416e-02 -9.746458530426025391e-01 -2.064662128686904907e-01 -3.528325335894732517e-01
0.000000000000000000e+00 0.000000000000000000e+00 0.000000000000000000e+00 1.000000000000000000e+00
5.456361174583435059e-01 -8.379906415939331055e-01 7.257749326527118683e-03 -7.977359591933066985e-02
-3.746348917484283447e-01 -2.361685782670974731e-01 8.965896368026733398e-01 3.495512750431665872e+00
-7.496197819709777832e-01 -4.919308423995971680e-01 -4.428026378154754639e-01 -8.311053062328183083e-01
0.000000000000000000e+00 0.000000000000000000e+00 0.000000000000000000e+00 1.000000000000000000e+00
9.129275679588317871e-01 -2.789404690265655518e-01 2.979183197021484375e-01 5.444607954334128586e-01
-3.847008049488067627e-01 -3.444272577762603760e-01 8.563729524612426758e-01 3.411967157117686611e+00
-1.362659931182861328e-01 -8.964160084724426270e-01 -4.217458367347717285e-01 -1.052163994821446957e+00
0.000000000000000000e+00 0.000000000000000000e+00 0.000000000000000000e+00 1.000000000000000000e+00
8.833639621734619141e-01 -1.873272210359573364e-01 4.296239316463470459e-01 1.020535632537308501e+00
-4.674294292926788330e-01 -4.192422628402709961e-01 7.782964706420898438e-01 3.254608226202544863e+00
3.432026505470275879e-02 -8.883377909660339355e-01 -4.579057097434997559e-01 -1.331046687351159274e+00
0.000000000000000000e+00 0.000000000000000000e+00 0.000000000000000000e+00 1.000000000000000000e+00
8.701075315475463867e-01 -1.570528000593185425e-01 4.671696424484252930e-01 1.159926997323154962e+00
-4.771572351455688477e-01 -5.058016180992126465e-01 7.186691164970397949e-01 3.048332938830441652e+00
1.234260946512222290e-01 -8.482329249382019043e-01 -5.150408744812011719e-01 -1.633787349486417684e+00
0.000000000000000000e+00 0.000000000000000000e+00 0.000000000000000000e+00 1.000000000000000000e+00
8.601812124252319336e-01 -1.415365189313888550e-01 4.899547398090362549e-01 1.248725385556157086e+00
-4.732823073863983154e-01 -5.794264674186706543e-01 6.635276675224304199e-01 2.871396434937147024e+00
1.899792551994323730e-01 -8.026407957077026367e-01 -5.653983354568481445e-01 -1.843127880321233869e+00
0.000000000000000000e+00 0.000000000000000000e+00 0.000000000000000000e+00 1.000000000000000000e+00
8.424220681190490723e-01 -1.038453131914138794e-01 5.287166237831115723e-01 1.364289803723429007e+00
-4.490435421466827393e-01 -6.776366233825683594e-01 5.823814868927001953e-01 2.590246306759672823e+00
2.978001236915588379e-01 -7.280277609825134277e-01 -6.174871325492858887e-01 -2.107792393222049032e+00
0.000000000000000000e+00 0.000000000000000000e+00 0.000000000000000000e+00 1.000000000000000000e+00
8.274431228637695312e-01 -1.137889027595520020e-01 5.498998165130615234e-01 1.460617729419307453e+00
-4.439712464809417725e-01 -7.321681380271911621e-01 5.165451169013977051e-01 2.364101140932174161e+00
3.438419401645660400e-01 -6.715515255928039551e-01 -6.563467383384704590e-01 -2.297123269810170676e+00
0.000000000000000000e+00 0.000000000000000000e+00 0.000000000000000000e+00 1.000000000000000000e+00
7.976673245429992676e-01 -1.547680646181106567e-01 5.829006433486938477e-01 1.623198346091536681e+00
-4.523378312587738037e-01 -7.927899956703186035e-01 4.085024297237396240e-01 1.996398430253543355e+00
3.988946080207824707e-01 -5.895173549652099609e-01 -7.023903131484985352e-01 -2.527546850240895537e+00
0.000000000000000000e+00 0.000000000000000000e+00 0.000000000000000000e+00 1.000000000000000000e+00
7.682796716690063477e-01 -2.163099795579910278e-01 6.024585366249084473e-01 1.742362292497141363e+00
-4.635739028453826904e-01 -8.370370268821716309e-01 2.906339168548583984e-01 1.588979402254278916e+00
4.414129555225372314e-01 -5.025721788406372070e-01 -7.433541417121887207e-01 -2.738864579445362324e+00
0.000000000000000000e+00 0.000000000000000000e+00 0.000000000000000000e+00 1.000000000000000000e+00
7.430425882339477539e-01 -2.760462164878845215e-01 6.096605658531188965e-01 1.812153499837447779e+00
-4.594898521900177002e-01 -8.727508783340454102e-01 1.648471653461456299e-01 1.139173408630952622e+00
4.865764677524566650e-01 -4.026214778423309326e-01 -7.753316760063171387e-01 -2.922150971721941382e+00
0.000000000000000000e+00 0.000000000000000000e+00 0.000000000000000000e+00 1.000000000000000000e+00
7.219843864440917969e-01 -3.593770265579223633e-01 5.912584662437438965e-01 1.783438623096620823e+00
-4.420972168445587158e-01 -8.969510793685913086e-01 -5.338764283806085587e-03 5.236967795705893547e-01
5.322487354278564453e-01 -2.575392127037048340e-01 -8.064643740653991699e-01 -3.100949199533381329e+00
0.000000000000000000e+00 0.000000000000000000e+00 0.000000000000000000e+00 1.000000000000000000e+00
7.099025249481201172e-01 -3.978422582149505615e-01 5.811710357666015625e-01 1.735755602721703816e+00
-3.725953996181488037e-01 -9.123911857604980469e-01 -1.694537252187728882e-01 -1.379292571212508145e-01
5.976713299751281738e-01 -9.624615311622619629e-02 -7.959431409835815430e-01 -3.080303057003987988e+00
0.000000000000000000e+00 0.000000000000000000e+00 0.000000000000000000e+00 1.000000000000000000e+00
7.064202427864074707e-01 -4.195819199085235596e-01 5.700190067291259766e-01 1.683139410368534206e+00
-2.966283559799194336e-01 -9.067121744155883789e-01 -2.998070418834686279e-01 -6.780641494223221821e-01
6.426367759704589844e-01 4.270586743950843811e-02 -7.649798393249511719e-01 -2.996151136644643387e+00
0.000000000000000000e+00 0.000000000000000000e+00 0.000000000000000000e+00 1.000000000000000000e+00
6.993127465248107910e-01 -4.512676596641540527e-01 5.543636083602905273e-01 1.623135955417738474e+00
-2.418670356273651123e-01 -8.791700005531311035e-01 -4.105613231658935547e-01 -1.123295889791663615e+00
6.726527214050292969e-01 1.530285030603408813e-01 -7.239615321159362793e-01 -2.863187303884473511e+00
0.000000000000000000e+00 0.000000000000000000e+00 0.000000000000000000e+00 1.000000000000000000e+00
6.960518360137939453e-01 -4.767065942287445068e-01 5.369009971618652344e-01 1.558656228146809264e+00
-1.633438915014266968e-01 -8.333106637001037598e-01 -5.281214118003845215e-01 -1.625397763427678832e+00
6.991642117500305176e-01 2.799002528190612793e-01 -6.578946113586425781e-01 -2.644601578232292916e+00
0.000000000000000000e+00 0.000000000000000000e+00 0.000000000000000000e+00 1.000000000000000000e+00
6.791104674339294434e-01 -5.066760182380676270e-01 5.311195254325866699e-01 1.545935079989215089e+00
-9.823318570852279663e-02 -7.797849774360656738e-01 -6.182923316955566406e-01 -2.021376720281344852e+00
7.274329662322998047e-01 3.677151799201965332e-01 -5.793324708938598633e-01 -2.379400195306943022e+00
0.000000000000000000e+00 0.000000000000000000e+00 0.000000000000000000e+00 1.000000000000000000e+00
6.939563155174255371e-01 -5.165911316871643066e-01 5.015555024147033691e-01 1.427939924617761758e+00
-3.417266532778739929e-02 -7.194342613220214844e-01 -6.937193274497985840e-01 -2.364008204038952066e+00
7.192054986953735352e-01 4.642714560031890869e-01 -5.169091820716857910e-01 -2.158761782016814568e+00
0.000000000000000000e+00 0.000000000000000000e+00 0.000000000000000000e+00 1.000000000000000000e+00
7.054303884506225586e-01 -5.216919183731079102e-01 4.797973036766052246e-01 1.338628450650236390e+00
1.636450365185737610e-02 -6.647664308547973633e-01 -7.468720674514770508e-01 -2.616234912063179596e+00
7.085902690887451172e-01 5.347178578376770020e-01 -4.604091346263885498e-01 -1.965347590943532063e+00
0.000000000000000000e+00 0.000000000000000000e+00 0.000000000000000000e+00 1.000000000000000000e+00
7.565311789512634277e-01 -4.938836097717285156e-01 4.286489188671112061e-01 1.118772506031500358e+00
6.239838525652885437e-02 -5.979621410369873047e-01 -7.990919947624206543e-01 -2.864832620011451336e+00
6.509737968444824219e-01 6.312848329544067383e-01 -4.215592443943023682e-01 -1.825357913383954589e+00
0.000000000000000000e+00 0.000000000000000000e+00 0.000000000000000000e+00 1.000000000000000000e+00
7.996215820312500000e-01 -4.711575806140899658e-01 3.723119497299194336e-01 8.737279641910318251e-01
1.051600500941276550e-01 -5.005502700805664062e-01 -8.592962622642517090e-01 -3.169901471143957483e+00
5.912249684333801270e-01 7.262644767761230469e-01 -3.507039248943328857e-01 -1.569063747067907189e+00
0.000000000000000000e+00 0.000000000000000000e+00 0.000000000000000000e+00 1.000000000000000000e+00
8.705858588218688965e-01 -3.985170423984527588e-01 2.885566949844360352e-01 5.265509665298703235e-01
1.245077028870582581e-01 -3.889471590518951416e-01 -9.128075242042541504e-01 -3.423459237659190357e+00
4.760025143623352051e-01 8.306048512458801270e-01 -2.889935672283172607e-01 -1.281824323597708926e+00
0.000000000000000000e+00 0.000000000000000000e+00 0.000000000000000000e+00 1.000000000000000000e+00
8.803969025611877441e-01 -3.865794241428375244e-01 2.746949195861816406e-01 4.622380739888768408e-01
1.620112210512161255e-01 -2.992143034934997559e-01 -9.403313398361206055e-01 -3.573274756942282249e+00
4.457054734230041504e-01 8.723683953285217285e-01 -2.007970660924911499e-01 -9.620579876875957615e-01
0.000000000000000000e+00 0.000000000000000000e+00 0.000000000000000000e+00 1.000000000000000000e+00
9.156346917152404785e-01 -3.125439882278442383e-01 2.528430521488189697e-01 3.452337152638261797e-01
1.939151287078857422e-01 -2.075634300708770752e-01 -9.588087201118469238e-01 -3.689915672757465348e+00
3.521508574485778809e-01 9.269484281539916992e-01 -1.294453144073486328e-01 -6.570842306276536426e-01
0.000000000000000000e+00 0.000000000000000000e+00 0.000000000000000000e+00 1.000000000000000000e+00
9.776467084884643555e-01 -2.499137632548809052e-02 2.087642550468444824e-01 1.152927684897883248e-01
2.048369795083999634e-01 -1.107377260923385620e-01 -9.725118279457092285e-01 -3.774816281202389323e+00
4.742246493697166443e-02 9.935351610183715820e-01 -1.031432077288627625e-01 -3.565664516838674691e-01
0.000000000000000000e+00 0.000000000000000000e+00 0.000000000000000000e+00 1.000000000000000000e+00
9.778125882148742676e-01 -8.340511471033096313e-02 1.921626478433609009e-01 2.200647970247386967e-02
1.902887076139450073e-01 -2.993910945951938629e-02 -9.812715649604797363e-01 -3.842210618099291430e+00
8.759628981351852417e-02 9.960660338401794434e-01 -1.340380031615495682e-02 -2.419839803709771323e-02
0.000000000000000000e+00 0.000000000000000000e+00 0.000000000000000000e+00 1.000000000000000000e+00
9.835819602012634277e-01 -2.047477103769779205e-02 1.792954951524734497e-01 -2.863042184520490224e-02
1.802628338336944580e-01 6.494887918233871460e-02 -9.814717769622802734e-01 -3.891128698055529522e+00
8.450373075902462006e-03 9.976786375045776367e-01 6.757339090108871460e-02 4.034850954979439797e-01
0.000000000000000000e+00 0.000000000000000000e+00 0.000000000000000000e+00 1.000000000000000000e+00
9.803137779235839844e-01 -8.624912798404693604e-02 1.776125878095626831e-01 -1.944885915971116333e-02
1.866479665040969849e-01 1.113929823040962219e-01 -9.760912060737609863e-01 -3.898685552981933533e+00
6.440221518278121948e-02 9.900265336036682129e-01 1.252982318401336670e-01 6.437888509668652226e-01
0.000000000000000000e+00 0.000000000000000000e+00 0.000000000000000000e+00 1.000000000000000000e+00
9.731155633926391602e-01 1.768948137760162354e-01 1.474940478801727295e-01 -9.485235643837840180e-02
1.371302902698516846e-01 6.951515376567840576e-02 -9.881108403205871582e-01 -3.911279162193089132e+00
-1.850447803735733032e-01 9.817718267440795898e-01 4.338863492012023926e-02 4.739247694409186584e-01
0.000000000000000000e+00 0.000000000000000000e+00 0.000000000000000000e+00 1.000000000000000000e+00
9.531897306442260742e-01 -2.934572398662567139e-01 7.288709282875061035e-02 -3.580308144039061613e-01
5.596909672021865845e-02 -6.565237045288085938e-02 -9.962715506553649902e-01 -3.866322028273402100e+00
2.971482574939727783e-01 9.537154436111450195e-01 -4.615463688969612122e-02 -2.141779647442000056e-01
0.000000000000000000e+00 0.000000000000000000e+00 0.000000000000000000e+00 1.000000000000000000e+00
8.298763632774353027e-01 -5.521471500396728516e-01 8.023982495069503784e-02 -2.396212436314918703e-01
-3.623092919588088989e-02 -1.968378424644470215e-01 -9.797664284706115723e-01 -3.714162205274829986e+00
5.567695498466491699e-01 8.101776838302612305e-01 -1.833559870719909668e-01 -8.926955869672067445e-01
0.000000000000000000e+00 0.000000000000000000e+00 0.000000000000000000e+00 1.000000000000000000e+00
7.732562422752380371e-01 -6.304305195808410645e-01 6.805746257305145264e-02 -1.999937726985457631e-01
-1.699903458356857300e-01 -3.095017373561859131e-01 -9.355807304382324219e-01 -3.422147999409861363e+00
6.108829975128173828e-01 7.118748426437377930e-01 -3.464913666248321533e-01 -1.541783166424729457e+00
0.000000000000000000e+00 0.000000000000000000e+00 0.000000000000000000e+00 1.000000000000000000e+00
9.449262619018554688e-01 -2.276408970355987549e-01 -2.351469099521636963e-01 -1.370129437897883884e+00
-3.107052147388458252e-01 -3.981789946556091309e-01 -8.630853295326232910e-01 -3.016850599019592405e+00
1.028429791331291199e-01 8.886131048202514648e-01 -4.469788670539855957e-01 -1.636888269384147554e+00
0.000000000000000000e+00 0.000000000000000000e+00 0.000000000000000000e+00 1.000000000000000000e+00
8.868901729583740234e-01 -3.796413838863372803e-01 -2.632457017898559570e-01 -1.380123751675646382e+00
-4.373134374618530273e-01 -5.061985254287719727e-01 -7.433171272277832031e-01 -2.453584321320337214e+00
1.489394009113311768e-01 7.743613123893737793e-01 -6.149646043777465820e-01 -2.262610196804369256e+00
0.000000000000000000e+00 0.000000000000000000e+00 0.000000000000000000e+00 1.000000000000000000e+00
8.049716353416442871e-01 -5.133166909217834473e-01 -2.975342571735382080e-01 -1.384292120850087349e+00
-5.806620717048645020e-01 -5.785809159278869629e-01 -5.727786421775817871e-01 -1.725403981278812227e+00
1.218692734837532043e-01 6.338374614715576172e-01 -7.638049125671386719e-01 -2.750127302515440686e+00
0.000000000000000000e+00 0.000000000000000000e+00 0.000000000000000000e+00 1.000000000000000000e+00
7.382935285568237305e-01 -5.895229578018188477e-01 -3.276965022087097168e-01 -1.377892854212539708e+00
-6.728339195251464844e-01 -6.098089218139648438e-01 -4.188405871391296387e-01 -1.101883048609255011e+00
4.708409681916236877e-02 5.297127962112426758e-01 -8.468691110610961914e-01 -2.978706911070564622e+00
0.000000000000000000e+00 0.000000000000000000e+00 0.000000000000000000e+00 1.000000000000000000e+00
6.578107476234436035e-01 -7.084146738052368164e-01 -2.557999193668365479e-01 -9.835263171067176735e-01
-7.521883249282836914e-01 -6.004430055618286133e-01 -2.714414894580841064e-01 -5.316114788394596946e-01
3.870002180337905884e-02 3.709668815135955811e-01 -9.278393983840942383e-01 -3.213577809033582700e+00
0.000000000000000000e+00 0.000000000000000000e+00 0.000000000000000000e+00 1.000000000000000000e+00
6.825844049453735352e-01 -7.006095647811889648e-01 -2.079051882028579712e-01 -8.196684151209006064e-01
-7.308062314987182617e-01 -6.540629267692565918e-01 -1.952526718378067017e-01 -2.208461394430151770e-01
8.129408815875649452e-04 2.852148711681365967e-01 -9.584632515907287598e-01 -3.261312534386785700e+00
0.000000000000000000e+00 0.000000000000000000e+00 0.000000000000000000e+00 1.000000000000000000e+00
6.897959709167480469e-01 -6.929848790168762207e-01 -2.096506208181381226e-01 -8.335777436795034356e-01
-7.151142954826354980e-01 -6.973738074302673340e-01 -4.776306822896003723e-02 3.033316270907014944e-01
-1.131057739257812500e-01 1.828709393739700317e-01 -9.766089916229248047e-01 -3.207502474084996003e+00
0.000000000000000000e+00 0.000000000000000000e+00 0.000000000000000000e+00 1.000000000000000000e+00
6.724370121955871582e-01 -7.143592834472656250e-01 -1.936978995800018311e-01 -7.577860012591971506e-01
-7.240315079689025879e-01 -6.891898512840270996e-01 2.820659428834915161e-02 5.460830100567108936e-01
-1.536442488431930542e-01 1.212762221693992615e-01 -9.806556105613708496e-01 -3.163509465660411912e+00
0.000000000000000000e+00 0.000000000000000000e+00 0.000000000000000000e+00 1.000000000000000000e+00
6.588672399520874023e-01 -7.323201894760131836e-01 -1.720498949289321899e-01 -6.653198342165247414e-01
-7.309174537658691406e-01 -6.772984266281127930e-01 8.382353931665420532e-02 7.114940434152708937e-01
-1.779147833585739136e-01 7.052570581436157227e-02 -9.815155267715454102e-01 -3.119969737545467581e+00
0.000000000000000000e+00 0.000000000000000000e+00 0.000000000000000000e+00 1.000000000000000000e+00
5.763360857963562012e-01 -7.950294017791748047e-01 -1.891161203384399414e-01 -6.351743238140102887e-01
-7.601205706596374512e-01 -6.064987182617187500e-01 2.331869304180145264e-01 1.207084105911002903e+00
-3.000891506671905518e-01 9.357057511806488037e-03 -9.538654088973999023e-01 -2.946885254534469034e+00
0.000000000000000000e+00 0.000000000000000000e+00 0.000000000000000000e+00 1.000000000000000000e+00
5.720505714416503906e-01 -7.975661158561706543e-01 -1.914311796426773071e-01 -6.338105188367573195e-01
-6.790178418159484863e-01 -5.914138555526733398e-01 4.349301159381866455e-01 1.855516669468607382e+00
-4.601007103919982910e-01 -1.188167333602905273e-01 -8.798804879188537598e-01 -2.570192254581422642e+00
0.000000000000000000e+00 0.000000000000000000e+00 0.000000000000000000e+00 1.000000000000000000e+00
5.858275294303894043e-01 -7.851753830909729004e-01 -2.007618397474288940e-01 -6.863229134460180347e-01
-6.101784706115722656e-01 -5.903564691543579102e-01 5.283573269844055176e-01 2.139746863202569571e+00
-5.333743691444396973e-01 -1.870257109403610229e-01 -8.249442577362060547e-01 -2.319844505468102724e+00
0.000000000000000000e+00 0.000000000000000000e+00 0.000000000000000000e+00 1.000000000000000000e+00
6.545669436454772949e-01 -7.320877313613891602e-01 -1.886530220508575439e-01 -7.095198349041795804e-01
-4.985387623310089111e-01 -6.055850386619567871e-01 6.202626228332519531e-01 2.398676087561991466e+00
-5.683320760726928711e-01 -3.119525015354156494e-01 -7.613700628280639648e-01 -2.024381922251323740e+00
0.000000000000000000e+00 0.000000000000000000e+00 0.000000000000000000e+00 1.000000000000000000e+00
7.277387380599975586e-01 -6.655359864234924316e-01 -1.657048165798187256e-01 -6.945836885643017489e-01
