0.9967721700668335 0.07860227674245834 0.01633714884519577 -0.04889316856861115 
-0.07832954078912735 0.996787428855896 -0.01671391725540161 0.009252441115677357 
-0.01759842038154602 0.01538028102368116 0.9997267723083496 -0.2931908667087555 
0 0 0 1 

0.9862829446792603 0.1621885001659393 0.03067175857722759 -0.05142625793814659 
-0.1605300754308701 0.9857402443885803 -0.05045852065086365 0.02448168583214283 
-0.03841822594404221 0.04484260454773903 0.9982550740242004 -0.292614221572876 
0 0 0 1 

0.9660412669181824 0.2558119893074036 0.03639112412929535 -0.05094832554459572 
-0.2525209486484528 0.96453857421875 -0.07679995149374008 0.03750592470169067 
-0.05474703758955002 0.06500237435102463 0.9963821172714233 -0.2919421195983887 
0 0 0 1 

0.9372619390487671 0.3449808061122894 0.05028028786182404 -0.05228962376713753 
-0.3373162150382996 0.9338129758834839 -0.1192093715071678 0.05535727739334106 
-0.08807738125324249 0.09477001428604126 0.9915951490402222 -0.2892581820487976 
0 0 0 1 

0.8934853076934814 0.4481123387813568 0.02965143322944641 -0.04283104836940765 
-0.4403922557830811 0.8871976733207703 -0.1376041769981384 0.06492505967617035 
-0.0879688486456871 0.1098890453577042 0.9900434017181396 -0.2900058925151825 
0 0 0 1 

0.8458217978477478 0.5331916809082031 0.01708469353616238 -0.03607840836048126 
-0.523553192615509 0.8358250856399536 -0.1651913076639175 0.07738181948661804 
-0.1023585200309753 0.1307776123285294 0.9861135482788086 -0.28870689868927 
0 0 0 1 

0.7946305871009827 0.6070429086685181 -0.007809159811586142 -0.02545004710555077 
-0.5993931889533997 0.7824450731277466 -0.1688413023948669 0.0818735733628273 
-0.0963837057352066 0.138847216963768 0.9856122732162476 -0.2896571755409241 
0 0 0 1 

0.72440105676651 0.688717782497406 -0.03017791360616684 -0.01319294515997171 
-0.6835257411003113 0.7118702530860901 -0.1613470464944839 0.08272258192300797 
-0.08963987231254578 0.1375073492527008 0.9864361882209778 -0.2906580567359924 
0 0 0 1 

0.6500465869903564 0.7592591047286987 -0.03106221929192543 -0.007834943011403084 
-0.755086362361908 0.6408030390739441 -0.138620913028717 0.07823614776134491 
-0.08534445613622665 0.11356470733881 0.9898582696914673 -0.2933658063411713 
0 0 0 1 

0.629041314125061 0.7766401767730713 -0.03372415155172348 -0.005769521463662386 
-0.7732989192008972 0.6207213997840881 -0.129281610250473 0.07606168836355209 
-0.07947195321321487 0.1074023470282555 0.9910342693328857 -0.2946540415287018 
0 0 0 1 

