1.000000000000000000e+00 0.000000000000000000e+00 0.000000000000000000e+00 -4.146692231928954531e-01
0.000000000000000000e+00 -1.000000000000000000e+00 0.000000000000000000e+00 -7.693198940031911737e-02
0.000000000000000000e+00 0.000000000000000000e+00 -1.000000000000000000e+00 -3.421550398492883005e+00
0.000000000000000000e+00 0.000000000000000000e+00 0.000000000000000000e+00 1.000000000000000000e+00
9.907030463218688965e-01 -1.354852467775344849e-01 -1.228297781199216843e-02 -4.946815137282296049e-01
-1.346017122268676758e-01 -9.893175959587097168e-01 5.597518384456634521e-02 2.600093184094488530e-01
-1.973561570048332214e-02 -5.380148068070411682e-02 -9.983565211296081543e-01 -3.431528769902340681e+00
0.000000000000000000e+00 0.000000000000000000e+00 0.000000000000000000e+00 1.000000000000000000e+00
9.718433618545532227e-01 -2.340600937604904175e-01 -2.713121287524700165e-02 -5.496429577214811957e-01
-2.304080575704574585e-01 -9.680965542793273926e-01 9.849245101213455200e-02 5.351950619042413759e-01
-4.931887611746788025e-02 -8.946795761585235596e-02 -9.947680234909057617e-01 -3.410551715511918047e+00
0.000000000000000000e+00 0.000000000000000000e+00 0.000000000000000000e+00 1.000000000000000000e+00
9.426385164260864258e-01 -3.328367471694946289e-01 -2.554076537489891052e-02 -5.326287021293314439e-01
-3.261640071868896484e-01 -9.346202611923217773e-01 1.417812705039978027e-01 7.909581319183294212e-01
-7.106103003025054932e-02 -1.253180056810379028e-01 -9.895686507225036621e-01 -3.377295073478462140e+00
0.000000000000000000e+00 0.000000000000000000e+00 0.000000000000000000e+00 1.000000000000000000e+00
8.966924548149108887e-01 -4.426465928554534912e-01 -2.535897772759199142e-03 -3.884470434552290130e-01
-4.363971054553985596e-01 -8.849632740020751953e-01 1.624714285135269165e-01 9.433796682819918233e-01
-7.416162639856338501e-02 -1.445802599191665649e-01 -9.867101311683654785e-01 -3.365155089276801181e+00
0.000000000000000000e+00 0.000000000000000000e+00 0.000000000000000000e+00 1.000000000000000000e+00
8.320591449737548828e-01 -5.545832514762878418e-01 1.070674322545528412e-02 -2.720445522211664136e-01
-5.464301705360412598e-01 -8.162037134170532227e-01 1.876833736896514893e-01 1.105666428327629625e+00
-9.534725546836853027e-02 -1.620141565799713135e-01 -9.821712970733642578e-01 -3.346400314853104074e+00
0.000000000000000000e+00 0.000000000000000000e+00 0.000000000000000000e+00 1.000000000000000000e+00
7.556105256080627441e-01 -6.536483168601989746e-01 4.238460212945938110e-02 -7.942858906578313671e-02
-6.500341892242431641e-01 -7.403169870376586914e-01 1.714247614145278931e-01 1.092833080367155318e+00
-8.067355304956436157e-02 -1.570817828178405762e-01 -9.842851161956787109e-01 -3.379986145248312646e+00
0.000000000000000000e+00 0.000000000000000000e+00 0.000000000000000000e+00 1.000000000000000000e+00
6.922813653945922852e-01 -7.180713415145874023e-01 7.155293971300125122e-02 6.985648022757796893e-02
-7.209696769714355469e-01 -6.840100288391113281e-01 1.110510155558586121e-01 8.720276599971633624e-01
-3.079968877136707306e-02 -1.284660696983337402e-01 -9.912356734275817871e-01 -3.463044332966984218e+00
0.000000000000000000e+00 0.000000000000000000e+00 0.000000000000000000e+00 1.000000000000000000e+00
5.886762142181396484e-01 -8.074597716331481934e-01 3.831922635436058044e-02 -1.011522863222084900e-02
-8.075949549674987793e-01 -5.853784680366516113e-01 7.157045602798461914e-02 7.279625960490955228e-01
-3.535903990268707275e-02 -7.307823002338409424e-02 -9.966993927955627441e-01 -3.547772936184143688e+00
0.000000000000000000e+00 0.000000000000000000e+00 0.000000000000000000e+00 1.000000000000000000e+00
5.053316354751586914e-01 -8.617555499076843262e-01 4.491157457232475281e-02 6.807818983220584319e-02
-8.625484108924865723e-01 -5.028889179229736328e-01 5.579419806599617004e-02 6.754411099811529207e-01
-2.549543604254722595e-02 -6.693300604820251465e-02 -9.974318146705627441e-01 -3.591510177316140418e+00
0.000000000000000000e+00 0.000000000000000000e+00 0.000000000000000000e+00 1.000000000000000000e+00
4.047662317752838135e-01 -9.128293395042419434e-01 5.391166731715202332e-02 1.579823267273974263e-01
-9.142186641693115234e-01 -4.052107036113739014e-01 2.905373694375157356e-03 4.541781436408132699e-01
1.919346489012241364e-02 -5.046306177973747253e-02 -9.985414147377014160e-01 -3.642557468278189603e+00
0.000000000000000000e+00 0.000000000000000000e+00 0.000000000000000000e+00 1.000000000000000000e+00
2.926476001739501953e-01 -9.543934464454650879e-01 5.907645449042320251e-02 2.359167880790920546e-01
-9.551360011100769043e-01 -2.946985363960266113e-01 -2.945806272327899933e-02 3.148588211247116408e-01
4.552432149648666382e-02 -4.780523106455802917e-02 -9.978183507919311523e-01 -3.667895665237095759e+00
0.000000000000000000e+00 0.000000000000000000e+00 0.000000000000000000e+00 1.000000000000000000e+00
1.780520975589752197e-01 -9.818503260612487793e-01 6.532179564237594604e-02 3.201538923901626199e-01
-9.817745685577392578e-01 -1.817367672920227051e-01 -5.559054762125015259e-02 2.055255637843355909e-01
6.645297259092330933e-02 -5.423330515623092651e-02 -9.963145852088928223e-01 -3.679440352788759139e+00
0.000000000000000000e+00 0.000000000000000000e+00 0.000000000000000000e+00 1.000000000000000000e+00
1.019051522016525269e-01 -9.922666549682617188e-01 7.086855918169021606e-02 3.753405761950719399e-01
-9.901812076568603516e-01 -1.080275252461433411e-01 -8.872083574533462524e-02 5.876603492721708261e-02
9.569042921066284180e-02 -6.113157793879508972e-02 -9.935322403907775879e-01 -3.674263305662925028e+00
0.000000000000000000e+00 0.000000000000000000e+00 0.000000000000000000e+00 1.000000000000000000e+00
1.995179802179336548e-02 -9.967033267021179199e-01 7.863999903202056885e-02 4.616706118521897162e-01
-9.973745942115783691e-01 -2.531822584569454193e-02 -6.784447282552719116e-02 1.635454517081606496e-01
6.961184740066528320e-02 -7.707992941141128540e-02 -9.945918917655944824e-01 -3.603876974022548918e+00
0.000000000000000000e+00 0.000000000000000000e+00 0.000000000000000000e+00 1.000000000000000000e+00
-9.179245680570602417e-02 -8.701969385147094727e-01 4.840777814388275146e-01 2.072305719283257464e+00
-9.905126690864562988e-01 2.986671589314937592e-02 -1.341348886489868164e-01 -7.939947888008155874e-02
1.022658720612525940e-01 -4.917979538440704346e-01 -8.646827936172485352e-01 -3.035436234446373227e+00
0.000000000000000000e+00 0.000000000000000000e+00 0.000000000000000000e+00 1.000000000000000000e+00
-1.665037721395492554e-01 -8.418083786964416504e-01 5.134544372558593750e-01 2.203010044492335062e+00
-9.776272773742675781e-01 7.305616885423660278e-02 -1.972508877515792847e-01 -3.411966935565391434e-01
1.285363733768463135e-01 -5.348101258277893066e-01 -8.351386785507202148e-01 -2.932783928156498021e+00
0.000000000000000000e+00 0.000000000000000000e+00 0.000000000000000000e+00 1.000000000000000000e+00
-1.282436996698379517e-01 -7.777369022369384766e-01 6.153693199157714844e-01 2.501296581273159347e+00
-9.915956258773803711e-01 1.112427189946174622e-01 -6.605532020330429077e-02 1.465401583122470930e-01
-1.708167605102062225e-02 -6.186684966087341309e-01 -7.854664921760559082e-01 -2.668076327773777567e+00
0.000000000000000000e+00 0.000000000000000000e+00 0.000000000000000000e+00 1.000000000000000000e+00
-9.002007544040679932e-02 -6.907046437263488770e-01 7.175121903419494629e-01 2.768693529926454122e+00
-9.943521022796630859e-01 2.166728675365447998e-02 -1.038949489593505859e-01 4.351832300568511669e-02
5.621414631605148315e-02 -7.228122353553771973e-01 -6.887540817260742188e-01 -2.430741342895583745e+00
0.000000000000000000e+00 0.000000000000000000e+00 0.000000000000000000e+00 1.000000000000000000e+00
-6.640063226222991943e-02 -5.172417759895324707e-01 8.532599806785583496e-01 3.218532700910846867e+00
-9.850083589553833008e-01 -1.024734303355216980e-01 -1.387722045183181763e-01 -7.749499602208054228e-02
1.592151820659637451e-01 -8.496823906898498535e-01 -5.026830434799194336e-01 -1.763908097840575895e+00
0.000000000000000000e+00 0.000000000000000000e+00 0.000000000000000000e+00 1.000000000000000000e+00
-1.258852779865264893e-01 -3.829411268234252930e-01 9.151551127433776855e-01 3.421618480522424566e+00
-9.847381114959716797e-01 -6.352110952138900757e-02 -1.620369106531143188e-01 -2.088113533284246814e-01
1.201822310686111450e-01 -9.215861558914184570e-01 -3.691004514694213867e-01 -1.224517455614447359e+00
0.000000000000000000e+00 0.000000000000000000e+00 0.000000000000000000e+00 1.000000000000000000e+00
-1.951297968626022339e-01 -2.890842556953430176e-01 9.372057318687438965e-01 3.519247820521757664e+00
-9.741045832633972168e-01 -5.415613949298858643e-02 -2.195168882608413696e-01 -4.246311642546857779e-01
1.142143681645393372e-01 -9.557707309722900391e-01 -2.710307240486145020e-01 -8.678388495311056827e-01
0.000000000000000000e+00 0.000000000000000000e+00 0.000000000000000000e+00 1.000000000000000000e+00
-2.741781175136566162e-01 -1.721932142972946167e-01 9.461372494697570801e-01 3.589126753975222073e+00
-9.592577815055847168e-01 -2.079905942082405090e-02 -2.817656099796295166e-01 -6.565682786622829559e-01
6.819687783718109131e-02 -9.848436117172241211e-01 -1.594751775264739990e-01 -4.285953212219394959e-01
0.000000000000000000e+00 0.000000000000000000e+00 0.000000000000000000e+00 1.000000000000000000e+00
-1.955196112394332886e-01 8.059618473052978516e-01 5.587464570999145508e-01 2.109306146444463348e+00
-9.529465436935424805e-01 -2.155349031090736389e-02 -3.023706376552581787e-01 -7.000028733213796706e-01
-2.316562384366989136e-01 -5.915750265121459961e-01 7.722527384757995605e-01 3.152343598617807441e+00
0.000000000000000000e+00 0.000000000000000000e+00 0.000000000000000000e+00 1.000000000000000000e+00
-1.916300356388092041e-01 8.131585717201232910e-01 5.495918393135070801e-01 2.060580236657520992e+00
-9.710338711738586426e-01 -7.564713805913925171e-02 -2.266518324613571167e-01 -4.293635485672615548e-01
-1.427288055419921875e-01 -5.771055221557617188e-01 8.041006922721862793e-01 3.213791518311982287e+00
0.000000000000000000e+00 0.000000000000000000e+00 0.000000000000000000e+00 1.000000000000000000e+00
-1.025908365845680237e-01 8.117916584014892578e-01 5.748642086982727051e-01 2.067347039515717189e+00
-9.912849068641662598e-01 -3.542576357722282410e-02 -1.268801987171173096e-01 -3.889863411431037504e-02
-8.263543993234634399e-02 -5.828712582588195801e-01 8.083510994911193848e-01 3.185584729157777684e+00
0.000000000000000000e+00 0.000000000000000000e+00 0.000000000000000000e+00 1.000000000000000000e+00
1.606446318328380585e-02 8.304910063743591309e-01 5.568001866340637207e-01 1.884751598098965086e+00
-9.997598528861999512e-01 2.163725346326828003e-02 -3.428871510550379753e-03 4.428670764160379525e-01
-1.489535160362720490e-02 -5.566114187240600586e-01 8.306390643119812012e-01 3.208956068742689904e+00
0.000000000000000000e+00 0.000000000000000000e+00 0.000000000000000000e+00 1.000000000000000000e+00
5.463565513491630554e-02 8.347067832946777344e-01 5.479775071144104004e-01 1.813913192598442636e+00
-9.927760958671569824e-01 -1.329960953444242477e-02 1.192425861954689026e-01 8.977484737953846938e-01
1.068204790353775024e-01 -5.505338311195373535e-01 8.279502391815185547e-01 3.103671289658354926e+00
0.000000000000000000e+00 0.000000000000000000e+00 0.000000000000000000e+00 1.000000000000000000e+00
3.513051196932792664e-02 8.481331467628479004e-01 5.286170840263366699e-01 1.784519257142794801e+00
-9.788627028465270996e-01 -7.743485271930694580e-02 1.892922073602676392e-01 1.058368782390869844e+00
2.014784365892410278e-01 -5.240934491157531738e-01 8.274856805801391602e-01 3.059388733355369983e+00
0.000000000000000000e+00 0.000000000000000000e+00 0.000000000000000000e+00 1.000000000000000000e+00
-4.124046489596366882e-02 8.474363684654235840e-01 5.292925834655761719e-01 1.886205886788218322e+00
-9.927490353584289551e-01 -9.461827576160430908e-02 7.413919270038604736e-02 6.329166952898146459e-01
1.129089370369911194e-01 -5.223972797393798828e-01 8.451937437057495117e-01 3.296381603627239087e+00
0.000000000000000000e+00 0.000000000000000000e+00 0.000000000000000000e+00 1.000000000000000000e+00
-5.518415570259094238e-02 8.374750614166259766e-01 5.436819195747375488e-01 1.930637525778593711e+00
-9.944601655006408691e-01 2.687561791390180588e-03 -1.050789058208465576e-01 -1.999266302364151662e-02
-8.946225047111511230e-02 -5.464687943458557129e-01 8.326871395111083984e-01 3.461830295444983996e+00
0.000000000000000000e+00 0.000000000000000000e+00 0.000000000000000000e+00 1.000000000000000000e+00
1.169784069061279297e-01 8.217307925224304199e-01 5.577403903007507324e-01 1.831976326762602802e+00
-9.885463714599609375e-01 1.502613276243209839e-01 -1.404974982142448425e-02 3.121762806762781728e-01
-9.535203129053115845e-02 -5.497087836265563965e-01 8.298961520195007324e-01 3.482718072572899892e+00
0.000000000000000000e+00 0.000000000000000000e+00 0.000000000000000000e+00 1.000000000000000000e+00
2.078170329332351685e-01 7.757712006568908691e-01 5.958114266395568848e-01 1.807958502599189554e+00
-9.522470235824584961e-01 2.997427284717559814e-01 -5.813678726553916931e-02 1.429885218100514221e-01
-2.236909568309783936e-01 -5.552778244018554688e-01 8.010175228118896484e-01 3.445361915161087030e+00
0.000000000000000000e+00 0.000000000000000000e+00 0.000000000000000000e+00 1.000000000000000000e+00
3.217597305774688721e-01 7.075679302215576172e-01 6.291408538818359375e-01 1.751953048919382860e+00
-9.158841967582702637e-01 4.010675549507141113e-01 1.734425313770771027e-02 3.949909379472232862e-01
-2.400557994842529297e-01 -5.818008780479431152e-01 7.770976424217224121e-01 3.303717850646290088e+00
0.000000000000000000e+00 0.000000000000000000e+00 0.000000000000000000e+00 1.000000000000000000e+00
3.504953980445861816e-01 7.025652527809143066e-01 6.193182468414306641e-01 1.680002641685859555e+00
-9.239344000816345215e-01 3.676111698150634766e-01 1.058645769953727722e-01 7.333180253500157786e-01
-1.532915532588958740e-01 -6.093144416809082031e-01 7.779700756072998047e-01 3.209728885818135868e+00
0.000000000000000000e+00 0.000000000000000000e+00 0.000000000000000000e+00 1.000000000000000000e+00
3.663882911205291748e-01 6.867181062698364258e-01 6.278356909751892090e-01 1.702018793789900064e+00
-9.271586537361145020e-01 3.262561559677124023e-01 1.842104196548461914e-01 1.019267495786945865e+00
-7.833473384380340576e-02 -6.495957970619201660e-01 7.562331557273864746e-01 3.059104355974798128e+00
0.000000000000000000e+00 0.000000000000000000e+00 0.000000000000000000e+00 1.000000000000000000e+00
5.295257568359375000e-01 5.869590640068054199e-01 6.124389767646789551e-01 1.583164043154444700e+00
-8.445963263511657715e-01 4.321320950984954834e-01 3.160997033119201660e-01 1.434479928988272368e+00
-7.911686599254608154e-02 -6.846466660499572754e-01 7.245685458183288574e-01 2.927273551638799098e+00
0.000000000000000000e+00 0.000000000000000000e+00 0.000000000000000000e+00 1.000000000000000000e+00
6.774654984474182129e-01 4.099718332290649414e-01 6.107074618339538574e-01 1.525191215050861748e+00
-7.149103879928588867e-01 5.623217821121215820e-01 4.155689179897308350e-01 1.760018263974361785e+00
-1.730425357818603516e-01 -7.181347012519836426e-01 6.740467548370361328e-01 2.903016678125777794e+00
0.000000000000000000e+00 0.000000000000000000e+00 0.000000000000000000e+00 1.000000000000000000e+00
6.986996531486511230e-01 3.279963433742523193e-01 6.357964873313903809e-01 1.576826046916165902e+00
-6.562843918800354004e-01 6.476403474807739258e-01 3.871081471443176270e-01 1.651439360723435223e+00
-2.847974300384521484e-01 -6.877356171607971191e-01 6.677649021148681641e-01 3.006810975036059652e+00
0.000000000000000000e+00 0.000000000000000000e+00 0.000000000000000000e+00 1.000000000000000000e+00
7.395672202110290527e-01 2.365155965089797974e-01 6.301592588424682617e-01 1.614830757105610637e+00
-5.791683793067932129e-01 7.006245255470275879e-01 4.167602360248565674e-01 1.664322173113136349e+00
-3.429347574710845947e-01 -6.731905341148376465e-01 6.551412343978881836e-01 2.965252236989173618e+00
0.000000000000000000e+00 0.000000000000000000e+00 0.000000000000000000e+00 1.000000000000000000e+00
7.231785655021667480e-01 2.247459888458251953e-01 6.530712246894836426e-01 1.787341142507708813e+00
-5.534947514533996582e-01 7.541680335998535156e-01 3.533753454685211182e-01 1.354187354383146857e+00
-4.131056964397430420e-01 -6.170249581336975098e-01 6.697937846183776855e-01 3.066813223537362187e+00
0.000000000000000000e+00 0.000000000000000000e+00 0.000000000000000000e+00 1.000000000000000000e+00
7.113037109375000000e-01 3.243676722049713135e-01 6.235645413398742676e-01 1.774793550727227442e+00
-5.995284318923950195e-01 7.430646419525146484e-01 2.973560392856597900e-01 1.103731369515281946e+00
-3.668960928916931152e-01 -5.853551030158996582e-01 7.230122089385986328e-01 3.226929753294415448e+00
0.000000000000000000e+00 0.000000000000000000e+00 0.000000000000000000e+00 1.000000000000000000e+00
8.023989200592041016e-01 1.563588678836822510e-01 5.759407877922058105e-01 1.644120420855048614e+00
-5.332655310630798340e-01 6.211141347885131836e-01 5.743210315704345703e-01 2.111335494684280611e+00
-2.679249048233032227e-01 -7.679640054702758789e-01 5.817621350288391113e-01 2.765132771981855253e+00
0.000000000000000000e+00 0.000000000000000000e+00 0.000000000000000000e+00 1.000000000000000000e+00
8.434116244316101074e-01 8.439687639474868774e-02 5.305978059768676758e-01 1.459756324481065404e+00
-4.798767566680908203e-01 5.624521374702453613e-01 6.733242273330688477e-01 2.486150397476056817e+00
-2.416094690561294556e-01 -8.225110769271850586e-01 5.148787498474121094e-01 2.494548383767166033e+00
0.000000000000000000e+00 0.000000000000000000e+00 0.000000000000000000e+00 1.000000000000000000e+00
8.754040598869323730e-01 2.950961329042911530e-02 4.824903309345245361e-01 1.262940204361465701e+00
-4.326884150505065918e-01 4.928509891033172607e-01 7.549027800559997559e-01 2.801460970707423392e+00
-2.155190408229827881e-01 -8.696129918098449707e-01 4.442122876644134521e-01 2.211005693894477986e+00
0.000000000000000000e+00 0.000000000000000000e+00 0.000000000000000000e+00 1.000000000000000000e+00
9.091486930847167969e-01 -4.438203573226928711e-02 4.141000807285308838e-01 9.897180866795237675e-01
-3.638265430927276611e-01 3.992486894130706787e-01 8.415642976760864258e-01 3.129309139423469333e+00
-2.026793062686920166e-01 -9.157676696777343750e-01 3.468290269374847412e-01 1.825713466652785666e+00
0.000000000000000000e+00 0.000000000000000000e+00 0.000000000000000000e+00 1.000000000000000000e+00
9.536968469619750977e-01 -8.520308881998062134e-02 2.884488701820373535e-01 5.327799083514479506e-01
-2.561590373516082764e-01 2.725011408329010010e-01 9.274294972419738770e-01 3.397310863972780925e+00
-1.576225459575653076e-01 -9.583753943443298340e-01 2.380578964948654175e-01 1.357484299866502209e+00
0.000000000000000000e+00 0.000000000000000000e+00 0.000000000000000000e+00 1.000000000000000000e+00
9.709747433662414551e-01 -9.997697919607162476e-02 2.172847241163253784e-01 2.505892821171940010e-01
-1.945502609014511108e-01 1.983232051134109497e-01 9.606342315673828125e-01 3.486324775790271335e+00
-1.391339153051376343e-01 -9.750243425369262695e-01 1.731162518262863159e-01 1.077434625976878335e+00
0.000000000000000000e+00 0.000000000000000000e+00 0.000000000000000000e+00 1.000000000000000000e+00
9.845817685127258301e-01 -7.106715440750122070e-02 1.598379462957382202e-01 3.331925157575205826e-02
-1.522373706102371216e-01 1.019126325845718384e-01 9.830755591392517090e-01 3.540547097118926789e+00
-8.615389466285705566e-02 -9.922515749931335449e-01 8.952221274375915527e-02 7.577337830392606444e-01
0.000000000000000000e+00 0.000000000000000000e+00 0.000000000000000000e+00 1.000000000000000000e+00
