1 0 0 -0.04542167112231255 
0 1 0 0.0009935460984706879 
0 0 1 -0.2875000238418579 
0 0 0 1 

0.9967264533042908 0.0792529284954071 0.01598071679472923 -0.04877280443906784 
-0.07898013293743134 0.996730625629425 -0.0170348733663559 0.009312805719673634 
-0.0172785297036171 0.01571695320308208 0.9997271299362183 -0.2932327389717102 
0 0 0 1 

0.9859920740127563 0.1637475937604904 0.03172030672430992 -0.05177293717861176 
-0.1620844602584839 0.9855411052703857 -0.04936864599585533 0.02415511943399906 
-0.03934570029377937 0.04353569820523262 0.9982767701148987 -0.2925032675266266 
0 0 0 1 

0.9656690359115601 0.2571580111980438 0.03678138554096222 -0.051014244556427 
-0.2539075016975403 0.9642717838287354 -0.07556979358196259 0.03714561834931374 
-0.05490068718791008 0.06363631039857864 0.9964619278907776 -0.2919126451015472 
0 0 0 1 

0.9369161128997803 0.3456200659275055 0.05229631811380386 -0.0528920590877533 
-0.3376038372516632 0.9334858059883118 -0.1209445893764496 0.05568413808941841 
-0.0906188040971756 0.09565947204828262 0.991280734539032 -0.2890830039978027 
0 0 0 1 

0.9162560105323792 0.3958821892738342 0.06125679984688759 -0.05392944812774658 
-0.3863649964332581 0.9137113094329834 -0.1259089112281799 0.05893811210989952 
-0.1058162003755569 0.09169730544090271 0.9901489615440369 -0.2885075509548187 
0 0 0 1 

