-0.2233681082725525 0.7105469107627869 0.6672551035881042 -0.2002886682748795 
-0.8928342461585999 0.1255159676074982 -0.4325417578220367 0.1833813935518265 
-0.3910923600196838 -0.6923644542694092 0.6063646674156189 -0.1859129518270493 
0 0 0 1 

-0.1994706243276596 0.6788206696510315 0.7066923379898071 -0.2157483249902725 
-0.9288423657417297 0.09878390282392502 -0.3570625483989716 0.1588031947612762 
-0.3121912777423859 -0.7276292443275452 0.6108128428459167 -0.1886538416147232 
0 0 0 1 

-0.1449910253286362 0.6551158428192139 0.7414857149124146 -0.2298537194728851 
-0.9591012001037598 0.09107629209756851 -0.2680113017559052 0.1281825006008148 
-0.2431102395057678 -0.7500190138816833 0.6151170134544373 -0.1883062720298767 
0 0 0 1 

-0.1811938583850861 0.5480996370315552 0.8165506720542908 -0.2557208240032196 
-0.9621424674987793 0.07309138029813766 -0.2625626921653748 0.1300353854894638 
-0.2035932689905167 -0.8332130908966064 0.5141065716743469 -0.1494785249233246 
0 0 0 1 

-0.2324038147926331 0.5000691413879395 0.8342176675796509 -0.2601459324359894 
-0.9681552648544312 -0.03686024248600006 -0.2476216852664948 0.1265864670276642 
-0.0930783748626709 -0.8652005195617676 0.492711216211319 -0.1412709653377533 
0 0 0 1 

-0.3692966997623444 0.2808391451835632 0.8858606815338135 -0.2519082427024841 
-0.9221168160438538 -0.2291240841150284 -0.3117733895778656 0.1443467140197754 
0.1154138743877411 -0.9320040345191956 0.3435813188552856 -0.1031748801469803 
0 0 0 1 

-0.3855510354042053 0.3769912123680115 0.8421566486358643 -0.232991561293602 
-0.9168089032173157 -0.2593810558319092 -0.3036161959171295 0.1395181268453598 
0.1039788946509361 -0.8891562819480896 0.4456336498260498 -0.1422961354255676 
0 0 0 1 

-0.2086922973394394 0.2236159145832062 0.9520730972290039 -0.2815058827400208 
-0.9277305603027344 -0.3533070087432861 -0.1203743815422058 0.09420239925384521 
0.3094565868377686 -0.9083885550498962 0.2811879515647888 -0.1087465062737465 
0 0 0 1 

-0.2008194774389267 0.4904344081878662 0.8480244874954224 -0.2511399984359741 
-0.9558459520339966 -0.2876821458339691 -0.05997862294316292 0.07801616191864014 
0.2145459800958633 -0.8226256370544434 0.5265520215034485 -0.1769643574953079 
0 0 0 1 

-0.1864947825670242 0.4722422659397125 0.8615143299102783 -0.258569598197937 
-0.978056013584137 -0.1721398383378983 -0.1173639222979546 0.09690716117620468 
0.09287673979997635 -0.8644970655441284 0.4939825534820557 -0.1554148197174072 
0 0 0 1 

