1.000000000000000000e+00 0.000000000000000000e+00 0.000000000000000000e+00 -4.255350477121360719e-01
0.000000000000000000e+00 -1.000000000000000000e+00 0.000000000000000000e+00 3.076616963927396031e-01
0.000000000000000000e+00 0.000000000000000000e+00 -1.000000000000000000e+00 -5.117628744684824760e+00
0.000000000000000000e+00 0.000000000000000000e+00 0.000000000000000000e+00 1.000000000000000000e+00
9.859149456024169922e-01 -5.167026445269584656e-02 1.590653657913208008e-01 4.631399143678576746e-01
-5.502345785498619080e-02 -9.983445405960083008e-01 1.674600876867771149e-02 3.553151755693982894e-01
1.579367816448211670e-01 -2.526251599192619324e-02 -9.871259927749633789e-01 -5.070040641413022797e+00
0.000000000000000000e+00 0.000000000000000000e+00 0.000000000000000000e+00 1.000000000000000000e+00
9.549528956413269043e-01 -6.872577220201492310e-02 2.886896729469299316e-01 1.163598836822081983e+00
-7.701191306114196777e-02 -9.968777894973754883e-01 1.742889173328876495e-02 3.676337966099050281e-01
2.865904867649078369e-01 -3.887635841965675354e-02 -9.572640061378479004e-01 -4.892589205823809628e+00
0.000000000000000000e+00 0.000000000000000000e+00 0.000000000000000000e+00 1.000000000000000000e+00
9.985320568084716797e-01 -3.690863028168678284e-02 3.964280337095260620e-02 -1.760970308095775594e-01
-3.694129362702369690e-02 -9.993174672126770020e-01 9.155643783742561936e-05 2.690528595675808488e-01
3.961236402392387390e-02 -1.555932918563485146e-03 -9.992137551307678223e-01 -4.954458025720687608e+00
0.000000000000000000e+00 0.000000000000000000e+00 0.000000000000000000e+00 1.000000000000000000e+00
9.911846518516540527e-01 -4.973903298377990723e-02 1.227958053350448608e-01 2.890877282170562501e-01
-4.617683961987495422e-02 -9.984305500984191895e-01 -3.168810904026031494e-02 1.526745848875148415e-01
1.241792514920234680e-01 2.573839761316776276e-02 -9.919257760047912598e-01 -4.916340797843202992e+00
0.000000000000000000e+00 0.000000000000000000e+00 0.000000000000000000e+00 1.000000000000000000e+00
-2.498764991760253906e-01 -8.039183169603347778e-02 9.649348258972167969e-01 5.190896537934081678e+00
-4.050658270716667175e-02 -9.948069453239440918e-01 -9.337007254362106323e-02 -1.107011762515481001e-01
9.674300551414489746e-01 -6.241718679666519165e-02 2.453226447105407715e-01 1.285926652136567094e+00
0.000000000000000000e+00 0.000000000000000000e+00 0.000000000000000000e+00 1.000000000000000000e+00
-3.027259409427642822e-01 -8.856905996799468994e-02 9.489539265632629395e-01 5.046737806694297390e+00
-3.260422497987747192e-02 -9.941275715827941895e-01 -1.031863689422607422e-01 -9.607695091242922369e-02
9.525193572044372559e-01 -6.217709928750991821e-02 2.980606555938720703e-01 1.635641910542968702e+00
0.000000000000000000e+00 0.000000000000000000e+00 0.000000000000000000e+00 1.000000000000000000e+00
-2.974413633346557617e-01 -9.263252466917037964e-02 9.502353668212890625e-01 4.968264102192097909e+00
-1.795032806694507599e-02 -9.945629239082336426e-01 -1.025725677609443665e-01 -4.484910118044208721e-02
9.545707106590270996e-01 -4.756639525294303894e-02 2.941616177558898926e-01 1.684429597185827854e+00
0.000000000000000000e+00 0.000000000000000000e+00 0.000000000000000000e+00 1.000000000000000000e+00
-2.767941057682037354e-01 -8.329661190509796143e-02 9.573121070861816406e-01 4.902485029388042648e+00
-3.385210037231445312e-02 -9.947723150253295898e-01 -9.634391218423843384e-02 1.046314031336430424e-02
9.603322744369506836e-01 -5.907447636127471924e-02 2.725274562835693359e-01 1.670740339050517331e+00
0.000000000000000000e+00 0.000000000000000000e+00 0.000000000000000000e+00 1.000000000000000000e+00
-2.449958920478820801e-01 -8.179811388254165649e-02 9.660667777061462402e-01 4.870639523369492352e+00
-5.861695855855941772e-02 -9.933623671531677246e-01 -9.897465258836746216e-02 2.253002736405229980e-02
9.677503108978271484e-01 -8.087631314992904663e-02 2.385748624801635742e-01 1.607731557814173762e+00
0.000000000000000000e+00 0.000000000000000000e+00 0.000000000000000000e+00 1.000000000000000000e+00
-2.300080507993698120e-01 -6.380218267440795898e-02 9.710947871208190918e-01 4.812892460824638619e+00
-7.690763473510742188e-02 -9.935358166694641113e-01 -8.349248766899108887e-02 1.349251879265893905e-01
9.701452255249023438e-01 -9.388865530490875244e-02 2.236144840717315674e-01 1.637369461388452407e+00
0.000000000000000000e+00 0.000000000000000000e+00 0.000000000000000000e+00 1.000000000000000000e+00
-2.218491882085800171e-01 -4.837990924715995789e-02 9.738799333572387695e-01 4.766093630237267398e+00
-1.096974536776542664e-01 -9.911895394325256348e-01 -7.422887533903121948e-02 2.182451913910115338e-01
9.688910841941833496e-01 -1.232997626066207886e-01 2.145875841379165649e-01 1.697196449913919825e+00
0.000000000000000000e+00 0.000000000000000000e+00 0.000000000000000000e+00 1.000000000000000000e+00
-2.106652557849884033e-01 -5.934726074337959290e-02 9.757550358772277832e-01 4.762373453557260383e+00
-1.050406768918037415e-01 -9.910020828247070312e-01 -8.295289427042007446e-02 2.322155708774413241e-01
9.718979597091674805e-01 -1.199692711234092712e-01 2.025359869003295898e-01 1.709533746241360230e+00
0.000000000000000000e+00 0.000000000000000000e+00 0.000000000000000000e+00 1.000000000000000000e+00
-2.047162204980850220e-01 -5.936717987060546875e-02 9.770194292068481445e-01 4.759877859835600411e+00
-1.370749920606613159e-01 -9.865838289260864258e-01 -8.866979926824569702e-02 2.478221832724496199e-01
9.691761732101440430e-01 -1.520771235227584839e-01 1.938318014144897461e-01 1.755421877577466150e+00
0.000000000000000000e+00 0.000000000000000000e+00 0.000000000000000000e+00 1.000000000000000000e+00
-1.869148910045623779e-01 -5.621410161256790161e-02 9.807664752006530762e-01 4.778221604623512420e+00
-1.561309248208999634e-01 -9.839718341827392578e-01 -8.615331351757049561e-02 2.897684650007761320e-01
9.698895215988159180e-01 -1.692312955856323242e-01 1.751421093940734863e-01 1.750380294140720938e+00
0.000000000000000000e+00 0.000000000000000000e+00 0.000000000000000000e+00 1.000000000000000000e+00
-1.821924448013305664e-01 -6.303407996892929077e-02 9.812403321266174316e-01 4.776780358575321905e+00
-1.698358952999114990e-01 -9.809266328811645508e-01 -9.454825520515441895e-02 2.831649529843410229e-01
9.684843420982360840e-01 -1.838757097721099854e-01 1.680119931697845459e-01 1.826672288628341301e+00
0.000000000000000000e+00 0.000000000000000000e+00 0.000000000000000000e+00 1.000000000000000000e+00
-1.617431789636611938e-01 -5.860992521047592163e-02 9.850910305976867676e-01 4.793473336964425791e+00
-1.933838874101638794e-01 -9.769973754882812500e-01 -8.988025784492492676e-02 3.414033764650896141e-01
9.676996469497680664e-01 -2.050382792949676514e-01 1.466884166002273560e-01 1.850138567897555708e+00
0.000000000000000000e+00 0.000000000000000000e+00 0.000000000000000000e+00 1.000000000000000000e+00
-1.311112791299819946e-01 -5.865075811743736267e-02 9.896309375762939453e-01 4.824313304027548988e+00
-2.110215127468109131e-01 -9.737204313278198242e-01 -8.566495031118392944e-02 3.843337937323451636e-01
9.686486124992370605e-01 -2.200651317834854126e-01 1.152892410755157471e-01 1.809925541285622330e+00
0.000000000000000000e+00 0.000000000000000000e+00 0.000000000000000000e+00 1.000000000000000000e+00
-3.874367475509643555e-02 -8.610296994447708130e-02 9.955325722694396973e-01 4.966104217214041938e+00
-2.321751415729522705e-01 -9.682395458221435547e-01 -9.277804195880889893e-02 3.421930211671879163e-01
9.719025492668151855e-01 -2.347324937582015991e-01 1.752200350165367126e-02 1.583287318499319030e+00
0.000000000000000000e+00 0.000000000000000000e+00 0.000000000000000000e+00 1.000000000000000000e+00
-1.928878389298915863e-02 -1.349440068006515503e-01 9.906647801399230957e-01 5.139767620100604617e+00
-2.440925091505050659e-01 -9.602310657501220703e-01 -1.355511248111724854e-01 1.312234509223264289e-01
9.695600271224975586e-01 -2.444286942481994629e-01 -1.441711001098155975e-02 1.764142963762517002e+00
0.000000000000000000e+00 0.000000000000000000e+00 0.000000000000000000e+00 1.000000000000000000e+00
1.456123497337102890e-02 -1.490252465009689331e-01 9.887259006500244141e-01 5.285622751906472239e+00
-2.769940793514251709e-01 -9.507321119308471680e-01 -1.392193883657455444e-01 1.392035027138976977e-01
9.607610106468200684e-01 -2.718441188335418701e-01 -5.512302741408348083e-02 1.607454379850335346e+00
0.000000000000000000e+00 0.000000000000000000e+00 0.000000000000000000e+00 1.000000000000000000e+00
-3.769395127892494202e-02 -1.771875321865081787e-01 9.834551215171813965e-01 5.128230112157010190e+00
-1.968554705381393433e-01 -9.635527133941650391e-01 -1.811468750238418579e-01 -1.008000624241880833e-01
9.797073006629943848e-01 -2.004267424345016479e-01 1.439684187062084675e-03 1.728841959234153070e+00
0.000000000000000000e+00 0.000000000000000000e+00 0.000000000000000000e+00 1.000000000000000000e+00
-2.394581772387027740e-02 -2.006481438875198364e-01 9.793706536293029785e-01 5.088982744206495212e+00
-1.670960634946823120e-01 -9.650667309761047363e-01 -2.018032521009445190e-01 -2.321505725711986434e-01
9.856495857238769531e-01 -1.684813052415847778e-01 -1.041804067790508270e-02 1.597800174149227370e+00
0.000000000000000000e+00 0.000000000000000000e+00 0.000000000000000000e+00 1.000000000000000000e+00
-1.179259177297353745e-02 -2.612690627574920654e-01 9.651947617530822754e-01 4.819576477464429409e+00
-7.186266779899597168e-02 -9.625432491302490234e-01 -2.614293694496154785e-01 -6.395597197971073511e-01
9.973445534706115723e-01 -7.244455069303512573e-02 -7.424180395901203156e-03 1.372298936561045624e+00
0.000000000000000000e+00 0.000000000000000000e+00 0.000000000000000000e+00 1.000000000000000000e+00
-7.779861800372600555e-03 -3.108922243118286133e-01 9.504135251045227051e-01 4.552990005441097665e+00
-3.051251173019409180e-02 -9.499255418777465820e-01 -3.109824359416961670e-01 -1.004844661644673565e+00
9.995045065879821777e-01 -3.141890838742256165e-02 -2.095793141052126884e-03 1.264772140258664690e+00
0.000000000000000000e+00 0.000000000000000000e+00 0.000000000000000000e+00 1.000000000000000000e+00
-4.916133824735879898e-03 -3.880534172058105469e-01 9.216235876083374023e-01 4.295297037391345718e+00
4.195973742753267288e-03 -9.216347336769104004e-01 -3.880354464054107666e-01 -1.405332990584520436e+00
9.999788999557495117e-01 1.959416782483458519e-03 6.159098353236913681e-03 1.231987661646080312e+00
0.000000000000000000e+00 0.000000000000000000e+00 0.000000000000000000e+00 1.000000000000000000e+00
8.460684865713119507e-02 -4.318964183330535889e-01 8.979458808898925781e-01 4.152381142776818912e+00
5.320566147565841675e-02 -8.979332447052001953e-01 -4.369034171104431152e-01 -1.651669995312661898e+00
9.949929118156433105e-01 8.474080264568328857e-02 -5.299197137355804443e-02 8.883954172361242518e-01
0.000000000000000000e+00 0.000000000000000000e+00 0.000000000000000000e+00 1.000000000000000000e+00
3.496117889881134033e-01 -4.441624879837036133e-01 8.249187469482421875e-01 3.880843165194753475e+00
1.188086122274398804e-01 -8.523554801940917969e-01 -5.092878341674804688e-01 -2.012883278187493907e+00
9.293311238288879395e-01 2.760606110095977783e-01 -2.452232688665390015e-01 -7.374926759511675478e-02
0.000000000000000000e+00 0.000000000000000000e+00 0.000000000000000000e+00 1.000000000000000000e+00
4.579776227474212646e-01 -4.504137635231018066e-01 7.664098739624023438e-01 3.622626396268456617e+00
1.375626325607299805e-01 -8.158455491065979004e-01 -5.616690516471862793e-01 -2.280465567104529967e+00
8.782556653022766113e-01 3.626611828804016113e-01 -3.116790354251861572e-01 -4.255854948313544384e-01
0.000000000000000000e+00 0.000000000000000000e+00 0.000000000000000000e+00 1.000000000000000000e+00
5.125375986099243164e-01 -4.692942202091217041e-01 7.190741300582885742e-01 3.360752941677492167e+00
1.645594686269760132e-01 -7.682265639305114746e-01 -6.186667680740356445e-01 -2.522747876865598204e+00
8.427487015724182129e-01 4.354204535484313965e-01 -3.165180981159210205e-01 -4.869957161482990626e-01
0.000000000000000000e+00 0.000000000000000000e+00 0.000000000000000000e+00 1.000000000000000000e+00
5.311176180839538574e-01 -4.848959147930145264e-01 6.948309540748596191e-01 3.172554858104497999e+00
1.657805889844894409e-01 -7.447346448898315430e-01 -6.464416384696960449e-01 -2.651607257502964998e+00
8.309216499328613281e-01 4.585259854793548584e-01 -3.151553273200988770e-01 -5.040553055486286516e-01
0.000000000000000000e+00 0.000000000000000000e+00 0.000000000000000000e+00 1.000000000000000000e+00
5.392823219299316406e-01 -4.976308643817901611e-01 6.793660521507263184e-01 3.019694683212533537e+00
1.760169565677642822e-01 -7.223017215728759766e-01 -6.688032150268554688e-01 -2.747575514462920143e+00
8.235247135162353516e-01 4.802539348602294922e-01 -3.019331097602844238e-01 -4.774690877061374406e-01
0.000000000000000000e+00 0.000000000000000000e+00 0.000000000000000000e+00 1.000000000000000000e+00
5.581330060958862305e-01 -5.185941457748413086e-01 6.477248668670654297e-01 2.806868633199048446e+00
1.840374022722244263e-01 -6.838115453720092773e-01 -7.060679197311401367e-01 -2.883719695472720446e+00
8.090844154357910156e-01 5.132855772972106934e-01 -2.862169444561004639e-01 -4.567300451598581001e-01
0.000000000000000000e+00 0.000000000000000000e+00 0.000000000000000000e+00 1.000000000000000000e+00
5.644063949584960938e-01 -5.653308033943176270e-01 6.015363931655883789e-01 2.479623440349311370e+00
1.496613025665283203e-01 -6.465437412261962891e-01 -7.480522990226745605e-01 -3.022291614181537245e+00
8.118168115615844727e-01 5.122324228286743164e-01 -2.803054153919219971e-01 -5.251894308583248128e-01
0.000000000000000000e+00 0.000000000000000000e+00 0.000000000000000000e+00 1.000000000000000000e+00
5.790391564369201660e-01 -5.731828808784484863e-01 5.798052549362182617e-01 2.335252609436411220e+00
1.373222470283508301e-01 -6.324306726455688477e-01 -7.623476386070251465e-01 -3.059040412269048659e+00
8.036513328552246094e-01 5.210494399070739746e-01 -2.874914109706878662e-01 -6.026253548738693677e-01
0.000000000000000000e+00 0.000000000000000000e+00 0.000000000000000000e+00 1.000000000000000000e+00
6.219276785850524902e-01 -5.914433002471923828e-01 5.132259726524353027e-01 1.977486293466205858e+00
1.294977813959121704e-01 -5.686948895454406738e-01 -8.122910261154174805e-01 -3.201346396317477527e+00
7.722928524017333984e-01 5.716479420661926270e-01 -2.770964503288269043e-01 -6.759665548212639985e-01
0.000000000000000000e+00 0.000000000000000000e+00 0.000000000000000000e+00 1.000000000000000000e+00
3.805599212646484375e-01 -7.708337903022766113e-01 5.108719468116760254e-01 1.910535017791458179e+00
9.748361259698867798e-02 -5.159215331077575684e-01 -8.510710000991821289e-01 -3.283684719559579523e+00
9.196041822433471680e-01 3.736852109432220459e-01 -1.211954429745674133e-01 -2.148347949811667268e-01
0.000000000000000000e+00 0.000000000000000000e+00 0.000000000000000000e+00 1.000000000000000000e+00
4.925934970378875732e-01 -7.590364813804626465e-01 4.256935119628906250e-01 1.527056427884428969e+00
1.946946233510971069e-02 -4.794226288795471191e-01 -8.773679733276367188e-01 -3.283453175763015874e+00
8.700415492057800293e-01 4.404738247394561768e-01 -2.213824987411499023e-01 -6.545821360245370757e-01
0.000000000000000000e+00 0.000000000000000000e+00 0.000000000000000000e+00 1.000000000000000000e+00
5.841314196586608887e-01 -7.346462011337280273e-01 3.450873196125030518e-01 1.265816097762045622e+00
-3.869074210524559021e-02 -4.498822689056396484e-01 -8.922495245933532715e-01 -3.226623558389808188e+00
8.107365965843200684e-01 5.078392028808593750e-01 -2.912144064903259277e-01 -9.099393787451575122e-01
0.000000000000000000e+00 0.000000000000000000e+00 0.000000000000000000e+00 1.000000000000000000e+00
5.794839859008789062e-01 -7.811181545257568359e-01 2.324919402599334717e-01 9.342569880341725641e-01
-1.210321262478828430e-01 -3.645909726619720459e-01 -9.232683777809143066e-01 -3.375797881431933156e+00
8.059463500976562500e-01 5.068801641464233398e-01 -3.058149814605712891e-01 -9.029961401943040755e-01
0.000000000000000000e+00 0.000000000000000000e+00 0.000000000000000000e+00 1.000000000000000000e+00
5.633528828620910645e-01 -8.185966014862060547e-01 1.119509711861610413e-01 5.006549200443829450e-01
-1.884900629520416260e-01 -2.592612504959106445e-01 -9.472350478172302246e-01 -3.584794431173375262e+00
8.044286370277404785e-01 5.125263929367065430e-01 -3.003528714179992676e-01 -8.302084033321830425e-01
0.000000000000000000e+00 0.000000000000000000e+00 0.000000000000000000e+00 1.000000000000000000e+00
5.673510432243347168e-01 -8.234738707542419434e-01 -2.004692098125815392e-03 1.074729597029806978e-02
-2.102120667695999146e-01 -1.424758285284042358e-01 -9.672181010246276855e-01 -3.780966192635228484e+00
7.961935400962829590e-01 5.491732954978942871e-01 -2.539379894733428955e-01 -6.520684870453899995e-01
0.000000000000000000e+00 0.000000000000000000e+00 0.000000000000000000e+00 1.000000000000000000e+00
5.867634415626525879e-01 -7.985033988952636719e-01 -1.345445513725280762e-01 -5.913602863457031455e-01
-2.581660449504852295e-01 -2.698743157088756561e-02 -9.657232761383056641e-01 -3.857930001428902411e+00
7.675021886825561523e-01 6.013860106468200684e-01 -2.219817489385604858e-01 -5.463056497176010939e-01
0.000000000000000000e+00 0.000000000000000000e+00 0.000000000000000000e+00 1.000000000000000000e+00
5.948174595832824707e-01 -7.689405679702758789e-01 -2.343574017286300659e-01 -1.123775405601471489e+00
-2.448916733264923096e-01 1.043458804488182068e-01 -9.639186859130859375e-01 -3.941407194758643762e+00
7.656503915786743164e-01 6.307479143142700195e-01 -1.262404769659042358e-01 -2.084316516807167841e-01
0.000000000000000000e+00 0.000000000000000000e+00 0.000000000000000000e+00 1.000000000000000000e+00
5.590564608573913574e-01 -8.248240351676940918e-01 -8.438877761363983154e-02 -3.711857341344333983e-01
-3.146299421787261963e-01 -1.168762668967247009e-01 -9.419913887977600098e-01 -3.618525620347487592e+00
7.671140432357788086e-01 5.531773567199707031e-01 -3.248547315597534180e-01 -1.133907605927042095e+00
0.000000000000000000e+00 0.000000000000000000e+00 0.000000000000000000e+00 1.000000000000000000e+00
5.458879470825195312e-01 -8.378218412399291992e-01 7.836705073714256287e-03 4.240325898700226387e-02
-3.852519094944000244e-01 -2.592971622943878174e-01 -8.856329321861267090e-01 -3.258407160668403524e+00
7.440345287322998047e-01 4.804374873638153076e-01 -4.643197357654571533e-01 -1.657482295729864941e+00
0.000000000000000000e+00 0.000000000000000000e+00 0.000000000000000000e+00 1.000000000000000000e+00
5.372149348258972168e-01 -8.336269855499267578e-01 1.283208429813385010e-01 5.369834869741204608e-01
-4.521456658840179443e-01 -4.130639135837554932e-01 -7.905327081680297852e-01 -2.708904525886027592e+00
7.120141983032226562e-01 3.666662871837615967e-01 -5.988250374794006348e-01 -2.104455472345291067e+00
0.000000000000000000e+00 0.000000000000000000e+00 0.000000000000000000e+00 1.000000000000000000e+00
5.425289869308471680e-01 -8.135420083999633789e-01 2.093119919300079346e-01 8.396362286700713717e-01
-5.161158442497253418e-01 -5.194091796875000000e-01 -6.810570359230041504e-01 -2.149100473864933747e+00
6.627870798110961914e-01 2.614639699459075928e-01 -7.016762495040893555e-01 -2.398295065883949917e+00
0.000000000000000000e+00 0.000000000000000000e+00 0.000000000000000000e+00 1.000000000000000000e+00
5.644500851631164551e-01 -7.916345596313476562e-01 2.339033335447311401e-01 9.063611191932516853e-01
-5.710203647613525391e-01 -5.790800452232360840e-01 -5.818953514099121094e-01 -1.706388536425854863e+00
5.960973501205444336e-01 1.948872655630111694e-01 -7.789011001586914062e-01 -2.613338936426988113e+00
0.000000000000000000e+00 0.000000000000000000e+00 0.000000000000000000e+00 1.000000000000000000e+00
5.765783190727233887e-01 -7.912390232086181641e-01 2.037114650011062622e-01 7.413140423164306103e-01
-6.624658703804016113e-01 -5.986657142639160156e-01 -4.502649903297424316e-01 -1.223473492845989385e+00
4.782222211360931396e-01 1.246610656380653381e-01 -8.693464994430541992e-01 -2.867879972384014930e+00
0.000000000000000000e+00 0.000000000000000000e+00 0.000000000000000000e+00 1.000000000000000000e+00
5.674027800559997559e-01 -7.918996214866638184e-01 2.257186770439147949e-01 7.556587459804027240e-01
-7.146204113960266113e-01 -6.097474098205566406e-01 -3.428209125995635986e-01 -8.138487571965358214e-01
4.091111421585083008e-01 3.321433439850807190e-02 -9.118801355361938477e-01 -2.960928436276077935e+00
0.000000000000000000e+00 0.000000000000000000e+00 0.000000000000000000e+00 1.000000000000000000e+00
5.662676095962524414e-01 -7.789550423622131348e-01 2.693877816200256348e-01 8.462234215114702307e-01
-7.533667683601379395e-01 -6.217401623725891113e-01 -2.141912877559661865e-01 -3.108066401342519103e-01
3.343346118927001953e-01 -8.165831863880157471e-02 -9.389103055000305176e-01 -2.988609328507250140e+00
0.000000000000000000e+00 0.000000000000000000e+00 0.000000000000000000e+00 1.000000000000000000e+00
5.618946552276611328e-01 -7.823438048362731934e-01 2.687237262725830078e-01 8.220853279362021482e-01
-7.792014479637145996e-01 -6.096363663673400879e-01 -1.455624699592590332e-01 -6.309843408451025482e-02
2.777037024497985840e-01 -1.275991648435592651e-01 -9.521549940109252930e-01 -3.007609014847381079e+00
0.000000000000000000e+00 0.000000000000000000e+00 0.000000000000000000e+00 1.000000000000000000e+00
5.452941656112670898e-01 -7.975406646728515625e-01 2.580371499061584473e-01 7.433361319502593823e-01
-8.239908814430236816e-01 -5.665197372436523438e-01 -9.708191268146038055e-03 4.099383065513383384e-01
1.539258211851119995e-01 -2.073265165090560913e-01 -9.660862684249877930e-01 -3.017649722104363885e+00
0.000000000000000000e+00 0.000000000000000000e+00 0.000000000000000000e+00 1.000000000000000000e+00
5.332492589950561523e-01 -8.046149015426635742e-01 2.612277567386627197e-01 7.155784552724119285e-01
-8.452817201614379883e-01 -5.191291570663452148e-01 1.265053600072860718e-01 8.879928400940636513e-01
3.382283076643943787e-02 -2.882699370384216309e-01 -9.569516181945800781e-01 -2.960210987802749827e+00
0.000000000000000000e+00 0.000000000000000000e+00 0.000000000000000000e+00 1.000000000000000000e+00
5.434060692787170410e-01 -7.845568060874938965e-01 2.986304759979248047e-01 7.997856960738377596e-01
-8.380143642425537109e-01 -4.860406816005706787e-01 2.479842603206634521e-01 1.299997546373962587e+00
-4.941120371222496033e-02 -3.850129544734954834e-01 -9.215877056121826172e-01 -2.799408285301326238e+00
0.000000000000000000e+00 0.000000000000000000e+00 0.000000000000000000e+00 1.000000000000000000e+00
5.159234404563903809e-01 -7.958137392997741699e-01 3.170228004455566406e-01 8.417680387147825627e-01
-8.385673761367797852e-01 -3.935783207416534424e-01 3.766969144344329834e-01 1.739046647456262695e+00
-1.750072985887527466e-01 -4.601917266845703125e-01 -8.703998327255249023e-01 -2.546130323730695366e+00
0.000000000000000000e+00 0.000000000000000000e+00 0.000000000000000000e+00 1.000000000000000000e+00
4.942322075366973877e-01 -8.041252493858337402e-01 3.303288221359252930e-01 8.946106187341377192e-01
-8.219555616378784180e-01 -3.085238933563232422e-01 4.787505269050598145e-01 2.087237923085110580e+00
-2.830611765384674072e-01 -5.081294775009155273e-01 -8.134377002716064453e-01 -2.291504368540652870e+00
0.000000000000000000e+00 0.000000000000000000e+00 0.000000000000000000e+00 1.000000000000000000e+00
4.769959151744842529e-01 -8.089062571525573730e-01 3.437232077121734619e-01 9.836597438881261590e-01
-8.033527731895446777e-01 -2.426345646381378174e-01 5.438311696052551270e-01 2.302647263785192688e+00
-3.565092980861663818e-01 -5.355361104011535645e-01 -7.655728459358215332e-01 -2.081013597435097395e+00
0.000000000000000000e+00 0.000000000000000000e+00 0.000000000000000000e+00 1.000000000000000000e+00
4.393903911113739014e-01 -8.298794627189636230e-01 3.438547253608703613e-01 1.061586334406585896e+00
-7.871305942535400391e-01 -1.712424308061599731e-01 5.925379991531372070e-01 2.443831242546931737e+00
-4.328526854515075684e-01 -5.310142040252685547e-01 -7.284657955169677734e-01 -1.869439312470900560e+00
0.000000000000000000e+00 0.000000000000000000e+00 0.000000000000000000e+00 1.000000000000000000e+00
4.249950051307678223e-01 -8.291885256767272949e-01 3.630776405334472656e-01 1.205637230125005344e+00
-7.782737016677856445e-01 -1.298960596323013306e-01 6.143428683280944824e-01 2.472838303360992640e+00
-4.622436463832855225e-01 -5.436664223670959473e-01 -7.005409598350524902e-01 -1.686108311247181746e+00
0.000000000000000000e+00 0.000000000000000000e+00 0.000000000000000000e+00 1.000000000000000000e+00
3.165027201175689697e-01 -9.001891613006591797e-01 2.991414368152618408e-01 1.124722097673606980e+00
-7.691523432731628418e-01 -5.896940454840660095e-02 6.363388895988464355e-01 2.466730864504247833e+00
-5.551851987838745117e-01 -4.314882457256317139e-01 -7.110467553138732910e-01 -1.628071471740133891e+00
0.000000000000000000e+00 0.000000000000000000e+00 0.000000000000000000e+00 1.000000000000000000e+00
1.396515518426895142e-01 -9.563240408897399902e-01 2.567916810512542725e-01 1.138276338196611226e+00
-7.841552495956420898e-01 5.154806748032569885e-02 6.184202432632446289e-01 2.242870274434304534e+00
-6.046471595764160156e-01 -2.877278923988342285e-01 -7.427076697349548340e-01 -1.693936158210185061e+00
0.000000000000000000e+00 0.000000000000000000e+00 0.000000000000000000e+00 1.000000000000000000e+00
-4.223494604229927063e-02 -9.738174080848693848e-01 2.233736962080001831e-01 1.064363867918234563e+00
-7.881866097450256348e-01 1.698687374591827393e-01 5.915290117263793945e-01 2.022621727908869627e+00
-6.139855384826660156e-01 -1.510770022869110107e-01 -7.747240662574768066e-01 -1.813171193764595124e+00
0.000000000000000000e+00 0.000000000000000000e+00 0.000000000000000000e+00 1.000000000000000000e+00
-1.502719372510910034e-01 -9.526765346527099609e-01 2.642457187175750732e-01 1.168849940609445248e+00
-7.485945820808410645e-01 2.842307388782501221e-01 5.990149974822998047e-01 2.077467647871586554e+00
-6.457743048667907715e-01 -1.077976822853088379e-01 -7.558805346488952637e-01 -1.721075491921459699e+00
0.000000000000000000e+00 0.000000000000000000e+00 0.000000000000000000e+00 1.000000000000000000e+00
-1.792986690998077393e-01 -9.510544538497924805e-01 2.516888082027435303e-01 1.207236707687985522e+00
-7.043132781982421875e-01 3.027113676071166992e-01 6.421126723289489746e-01 2.266966702030756675e+00
-6.868730783462524414e-01 -6.213765218853950500e-02 -7.241160273551940918e-01 -1.559850078144476182e+00
0.000000000000000000e+00 0.000000000000000000e+00 0.000000000000000000e+00 1.000000000000000000e+00
-2.590487599372863770e-01 -9.355446100234985352e-01 2.401037961244583130e-01 1.302209842187216804e+00
-6.907805800437927246e-01 3.532000184059143066e-01 6.309294104576110840e-01 2.193607000404673268e+00
-6.750673651695251465e-01 -2.417503856122493744e-03 -7.377521395683288574e-01 -1.473750011448262676e+00
0.000000000000000000e+00 0.000000000000000000e+00 0.000000000000000000e+00 1.000000000000000000e+00
2.688208222389221191e-01 -8.941495418548583984e-01 3.580943942070007324e-01 1.060560359280595666e+00
-7.327370047569274902e-01 5.146194249391555786e-02 6.785633563995361328e-01 2.455005066018288939e+00
-6.251654028892517090e-01 -4.448010325431823730e-01 -6.413428187370300293e-01 -1.318717947808154545e+00
0.000000000000000000e+00 0.000000000000000000e+00 0.000000000000000000e+00 1.000000000000000000e+00
5.479252338409423828e-01 -7.591385841369628906e-01 3.514067232608795166e-01 8.543218989273549946e-01
-7.642855644226074219e-01 -2.835235595703125000e-01 5.792080760002136230e-01 2.341529756806932649e+00
-3.400669991970062256e-01 -5.859379172325134277e-01 -7.355483770370483398e-01 -2.109867684584076475e+00
0.000000000000000000e+00 0.000000000000000000e+00 0.000000000000000000e+00 1.000000000000000000e+00
6.083284020423889160e-01 -6.918343901634216309e-01 3.889752924442291260e-01 9.659178740846832145e-01
-7.698147892951965332e-01 -3.950254023075103760e-01 5.013378858566284180e-01 2.110226829282746408e+00
-1.931876838207244873e-01 -6.044169068336486816e-01 -7.728896141052246094e-01 -2.456141333140270167e+00
0.000000000000000000e+00 0.000000000000000000e+00 0.000000000000000000e+00 1.000000000000000000e+00
6.190977692604064941e-01 -6.884583234786987305e-01 3.778131604194641113e-01 9.351033034276962086e-01
-7.711204290390014648e-01 -4.418791532516479492e-01 4.583841860294342041e-01 1.978566304412402221e+00
-1.486308127641677856e-01 -5.751239061355590820e-01 -8.044508099555969238e-01 -2.666266435679359059e+00
0.000000000000000000e+00 0.000000000000000000e+00 0.000000000000000000e+00 1.000000000000000000e+00
6.417962312698364258e-01 -6.997545957565307617e-01 3.137530982494354248e-01 6.918076175389941129e-01
-7.582199573516845703e-01 -5.177186727523803711e-01 3.963201045989990234e-01 1.752499798378282181e+00
-1.148910298943519592e-01 -4.922507107257843018e-01 -8.628379702568054199e-01 -2.957304884985039628e+00
0.000000000000000000e+00 0.000000000000000000e+00 0.000000000000000000e+00 1.000000000000000000e+00
6.584332585334777832e-01 -7.130565643310546875e-01 2.408654242753982544e-01 4.087538578451455074e-01
-7.417730689048767090e-01 -5.606148242950439453e-01 3.680810332298278809e-01 1.658883982741339969e+00
-1.274299025535583496e-01 -4.210242033004760742e-01 -8.980534672737121582e-01 -3.147739042754496452e+00
0.000000000000000000e+00 0.000000000000000000e+00 0.000000000000000000e+00 1.000000000000000000e+00
6.682849526405334473e-01 -7.247830629348754883e-01 1.675848811864852905e-01 1.164058071433906605e-01
-7.303572893142700195e-01 -5.964502692222595215e-01 3.329040408134460449e-01 1.534835732995981417e+00
-1.413272619247436523e-01 -3.448715507984161377e-01 -9.279493689537048340e-01 -3.310444293212431166e+00
0.000000000000000000e+00 0.000000000000000000e+00 0.000000000000000000e+00 1.000000000000000000e+00
6.866986155509948730e-01 -7.178452610969543457e-01 1.146410927176475525e-01 -1.184790118933119890e-01
-7.157952785491943359e-01 -6.401970982551574707e-01 2.788984477519989014e-01 1.323847251852996454e+00
-1.268131136894226074e-01 -2.735787034034729004e-01 -9.534533023834228516e-01 -3.461452117731886435e+00
0.000000000000000000e+00 0.000000000000000000e+00 0.000000000000000000e+00 1.000000000000000000e+00
7.279050946235656738e-01 -6.844859719276428223e-01 4.041124135255813599e-02 -4.853398639845905027e-01
-6.762329339981079102e-01 -7.068822979927062988e-01 2.074279189109802246e-01 1.030691476390478645e+00
-1.134155690670013428e-01 -1.783152371644973755e-01 -9.774152636528015137e-01 -3.618759441429487023e+00
0.000000000000000000e+00 0.000000000000000000e+00 0.000000000000000000e+00 1.000000000000000000e+00
7.558053731918334961e-01 -6.547929644584655762e-01 2.051549963653087616e-03 -6.852193519351618134e-01
-6.476550698280334473e-01 -7.470976114273071289e-01 1.496263742446899414e-01 7.926133134943083025e-01
-9.644161164760589600e-02 -1.144170984625816345e-01 -9.887405037879943848e-01 -3.708551609872362320e+00
0.000000000000000000e+00 0.000000000000000000e+00 0.000000000000000000e+00 1.000000000000000000e+00
7.844087481498718262e-01 -6.170290112495422363e-01 -6.307112425565719604e-02 -1.007775336483283768e+00
-6.140236854553222656e-01 -7.868821024894714355e-01 6.157287582755088806e-02 4.069135300975362246e-01
-8.762180060148239136e-02 -9.571115486323833466e-03 -9.961078166961669922e-01 -3.779292108706297615e+00
0.000000000000000000e+00 0.000000000000000000e+00 0.000000000000000000e+00 1.000000000000000000e+00
8.082255125045776367e-01 -5.793634057044982910e-01 -1.054006069898605347e-01 -1.234477149489637382e+00
-5.838248133659362793e-01 -8.117432594299316406e-01 -1.487429905682802200e-02 5.916562822555884033e-02
-7.694058865308761597e-02 7.355730980634689331e-02 -9.943186044692993164e-01 -3.825334602573446041e+00
0.000000000000000000e+00 0.000000000000000000e+00 0.000000000000000000e+00 1.000000000000000000e+00
8.405020236968994141e-01 -5.259109139442443848e-01 -1.302836090326309204e-01 -1.394629565107395663e+00
-5.391082167625427246e-01 -8.357507586479187012e-01 -1.043198406696319580e-01 -3.586794609279638224e-01
-5.402161180973052979e-02 1.579180657863616943e-01 -9.859734177589416504e-01 -3.838586764750033797e+00
0.000000000000000000e+00 0.000000000000000000e+00 0.000000000000000000e+00 1.000000000000000000e+00
8.520081043243408203e-01 -5.101267099380493164e-01 -1.176978424191474915e-01 -1.394141775541113182e+00
-5.235004425048828125e-01 -8.278278708457946777e-01 -2.016139775514602661e-01 -8.018556516155297409e-01
5.415174644440412521e-03 2.333916276693344116e-01 -9.723677039146423340e-01 -3.840264911649207136e+00
0.000000000000000000e+00 0.000000000000000000e+00 0.000000000000000000e+00 1.000000000000000000e+00
8.534265756607055664e-01 -5.148162841796875000e-01 -8.140747994184494019e-02 -1.282486575171039256e+00
-5.147706270217895508e-01 -8.080524802207946777e-01 -2.864648699760437012e-01 -1.208571953136553967e+00
8.169534057378768921e-02 2.863829135894775391e-01 -9.546259045600891113e-01 -3.831684100926170178e+00
0.000000000000000000e+00 0.000000000000000000e+00 0.000000000000000000e+00 1.000000000000000000e+00
8.556664586067199707e-01 -5.164402723312377930e-01 -3.353057056665420532e-02 -1.123746239416300252e+00
-4.915938377380371094e-01 -7.908280491828918457e-01 -3.645907640457153320e-01 -1.588974899373976513e+00
1.617724746465682983e-01 3.284515142440795898e-01 -9.305639266967773438e-01 -3.804448836258907285e+00
0.000000000000000000e+00 0.000000000000000000e+00 0.000000000000000000e+00 1.000000000000000000e+00
8.629106283187866211e-01 -5.051091313362121582e-01 1.581391133368015289e-02 -9.510430389320249089e-01
-4.452088475227355957e-01 -7.746406197547912598e-01 -4.491335749626159668e-01 -2.019515113149052965e+00
2.391116172075271606e-01 3.805215060710906982e-01 -8.933246731758117676e-01 -3.739917361906258897e+00
0.000000000000000000e+00 0.000000000000000000e+00 0.000000000000000000e+00 1.000000000000000000e+00
8.711244463920593262e-01 -4.877281188964843750e-01 5.712638050317764282e-02 -8.016407930653047798e-01
-3.835933804512023926e-01 -7.484903931617736816e-01 -5.409414172172546387e-01 -2.491316848131556405e+00
3.065910041332244873e-01 4.493144154548645020e-01 -8.391178250312805176e-01 -3.659701622670701759e+00
0.000000000000000000e+00 0.000000000000000000e+00 0.000000000000000000e+00 1.000000000000000000e+00
9.062471389770507812e-01 -4.157575964927673340e-01 7.655762881040573120e-02 -7.150098323556765001e-01
-2.859957814216613770e-01 -7.363182902336120605e-01 -6.132219433784484863e-01 -2.855197944107155106e+00
3.113226592540740967e-01 5.338360071182250977e-01 -7.861915230751037598e-01 -3.564475020133672789e+00
0.000000000000000000e+00 0.000000000000000000e+00 0.000000000000000000e+00 1.000000000000000000e+00
9.216233491897583008e-01 -3.628186285495758057e-01 1.377409547567367554e-01 -4.470112308669698664e-01
-1.824868619441986084e-01 -7.183928489685058594e-01 -6.712753772735595703e-01 -3.171173084915412499e+00
3.425032794475555420e-01 5.935269594192504883e-01 -7.282971739768981934e-01 -3.453494312596861793e+00
0.000000000000000000e+00 0.000000000000000000e+00 0.000000000000000000e+00 1.000000000000000000e+00
8.937771320343017578e-01 -3.868991434574127197e-01 2.268729358911514282e-01 -6.526836019167565374e-03
-1.143925562500953674e-01 -6.857494115829467773e-01 -7.187919020652770996e-01 -3.409882239378867474e+00
4.336781501770019531e-01 6.164872050285339355e-01 -6.571655869483947754e-01 -3.293134658336849263e+00
0.000000000000000000e+00 0.000000000000000000e+00 0.000000000000000000e+00 1.000000000000000000e+00
8.337251543998718262e-01 -4.516404569149017334e-01 3.176839053630828857e-01 4.911632116606576837e-01
-6.998714804649353027e-02 -6.571190357208251953e-01 -7.505307197570800781e-01 -3.579814751476585233e+00
5.477261543273925781e-01 6.035024523735046387e-01 -5.794659256935119629e-01 -3.047329986090439036e+00
0.000000000000000000e+00 0.000000000000000000e+00 0.000000000000000000e+00 1.000000000000000000e+00
9.365677237510681152e-01 -2.617772817611694336e-01 2.330511212348937988e-01 -6.277790391568971451e-02
-2.309062890708446503e-02 -7.095788717269897461e-01 -7.042471170425415039e-01 -3.316018511167969862e+00
3.497242927551269531e-01 6.541944742202758789e-01 -6.706139445304870605e-01 -3.169506738953975944e+00
0.000000000000000000e+00 0.000000000000000000e+00 0.000000000000000000e+00 1.000000000000000000e+00
9.101020693778991699e-01 -2.785414755344390869e-01 3.068049252033233643e-01 2.456172653017530128e-01
3.299443051218986511e-03 -7.354923486709594727e-01 -6.775243282318115234e-01 -3.153604724152324845e+00
4.143713116645812988e-01 6.176288127899169922e-01 -6.684541106224060059e-01 -3.226409569404246280e+00
0.000000000000000000e+00 0.000000000000000000e+00 0.000000000000000000e+00 1.000000000000000000e+00
8.886361122131347656e-01 -3.483260571956634521e-01 2.983205318450927734e-01 1.817302991583270300e-01
-4.179480671882629395e-02 -7.092863321304321289e-01 -7.036804556846618652e-01 -3.240319562445498569e+00
4.567046463489532471e-01 6.128470897674560547e-01 -6.448554992675781250e-01 -3.137667582036959057e+00
0.000000000000000000e+00 0.000000000000000000e+00 0.000000000000000000e+00 1.000000000000000000e+00
8.016710281372070312e-01 -4.428775012493133545e-01 4.014759063720703125e-01 7.287636542687594421e-01
3.156911954283714294e-02 -6.393231749534606934e-01 -7.682896852493286133e-01 -3.624830674989474755e+00
5.969312191009521484e-01 6.285900473594665527e-01 -4.985454678535461426e-01 -2.556864868739677554e+00
0.000000000000000000e+00 0.000000000000000000e+00 0.000000000000000000e+00 1.000000000000000000e+00
6.949348449707031250e-01 -5.392212271690368652e-01 4.757165014743804932e-01 1.210774050084759024e+00
7.608599215745925903e-02 -6.027150750160217285e-01 -7.943208217620849609e-01 -3.786317691590596279e+00
7.150364518165588379e-01 5.881963968276977539e-01 -3.778204023838043213e-01 -2.060450048023402925e+00
0.000000000000000000e+00 0.000000000000000000e+00 0.000000000000000000e+00 1.000000000000000000e+00
5.498061180114746094e-01 -6.330304145812988281e-01 5.449638962745666504e-01 1.701969413316628099e+00
1.267192065715789795e-01 -5.816595554351806641e-01 -8.035014271736145020e-01 -3.872747613952437273e+00
8.256239891052246094e-01 5.108272433280944824e-01 -2.395830601453781128e-01 -1.462544244059813314e+00
0.000000000000000000e+00 0.000000000000000000e+00 0.000000000000000000e+00 1.000000000000000000e+00
4.623373150825500488e-01 -6.434456110000610352e-01 6.100996136665344238e-01 2.122723181510211443e+00
2.569664716720581055e-01 -5.612991452217102051e-01 -7.867086529731750488e-01 -3.875495981278914481e+00
8.486533761024475098e-01 5.205002427101135254e-01 -9.416566789150238037e-02 -7.009799315658040708e-01
0.000000000000000000e+00 0.000000000000000000e+00 0.000000000000000000e+00 1.000000000000000000e+00
4.719002544879913330e-01 -6.025829315185546875e-01 6.435869336128234863e-01 2.307721516319553690e+00
3.342458009719848633e-01 -5.532104969024658203e-01 -7.630450725555419922e-01 -3.810612528609981897e+00
8.158368468284606934e-01 5.751973390579223633e-01 -5.964946374297142029e-02 -4.329719304306859362e-01
0.000000000000000000e+00 0.000000000000000000e+00 0.000000000000000000e+00 1.000000000000000000e+00
5.714170932769775391e-01 -4.789525568485260010e-01 6.663982272148132324e-01 2.418617304623349007e+00
3.982759714126586914e-01 -5.481424331665039062e-01 -7.354701161384582520e-01 -3.717582715203674670e+00
7.175361514091491699e-01 6.856704950332641602e-01 -1.224627196788787842e-01 -5.191066939747348563e-01
0.000000000000000000e+00 0.000000000000000000e+00 0.000000000000000000e+00 1.000000000000000000e+00
6.241272687911987305e-01 -3.445084691047668457e-01 7.012696862220764160e-01 2.746438083209016945e+00
