1.000000000000000000e+00 0.000000000000000000e+00 0.000000000000000000e+00 -1.792658120393753052e-02
0.000000000000000000e+00 1.000000000000000000e+00 0.000000000000000000e+00 2.243540808558464050e-02
0.000000000000000000e+00 0.000000000000000000e+00 1.000000000000000000e+00 -3.816788792610168457e-01
0.000000000000000000e+00 0.000000000000000000e+00 0.000000000000000000e+00 1.000000000000000000e+00
9.833542704582214355e-01 5.302197486162185669e-02 -1.737897843122482300e-01 5.511650443077087402e-02
-5.706767737865447998e-02 9.982013702392578125e-01 -1.836192235350608826e-02 2.641283906996250153e-02
1.725036799907684326e-01 2.797410637140274048e-02 9.846114516258239746e-01 -3.774669468402862549e-01
0.000000000000000000e+00 0.000000000000000000e+00 0.000000000000000000e+00 1.000000000000000000e+00
9.671080112457275391e-01 6.721836328506469727e-02 -2.453237622976303101e-01 8.410342782735824585e-02
-7.433453202247619629e-02 9.970356225967407227e-01 -1.985297165811061859e-02 2.803258039057254791e-02
2.432620227336883545e-01 3.743604943156242371e-02 9.692378044128417969e-01 -3.679057061672210693e-01
0.000000000000000000e+00 0.000000000000000000e+00 0.000000000000000000e+00 1.000000000000000000e+00
9.993281364440917969e-01 3.383162245154380798e-02 1.409733574837446213e-02 -2.000331506133079529e-02
-3.385702893137931824e-02 9.994255304336547852e-01 1.567566185258328915e-03 1.894529908895492554e-02
-1.403622422367334366e-02 -2.043754095211625099e-03 9.998992085456848145e-01 -3.678358495235443115e-01
0.000000000000000000e+00 0.000000000000000000e+00 0.000000000000000000e+00 1.000000000000000000e+00
9.965149760246276855e-01 4.707446321845054626e-02 -6.886070966720581055e-02 1.456323452293872833e-02
-4.494912177324295044e-02 9.984735250473022461e-01 3.209524601697921753e-02 1.090407371520996094e-02
7.026648521423339844e-02 -2.888811565935611725e-02 9.971096515655517578e-01 -3.667008280754089355e-01
0.000000000000000000e+00 0.000000000000000000e+00 0.000000000000000000e+00 1.000000000000000000e+00
-2.293825149536132812e-01 7.319393754005432129e-02 -9.705805182456970215e-01 4.054613113403320312e-01
-4.019096121191978455e-02 9.956057071685791016e-01 8.457973599433898926e-02 -5.097870249301195145e-03
9.725062251091003418e-01 5.840966477990150452e-02 -2.254329472780227661e-01 9.131704270839691162e-02
0.000000000000000000e+00 0.000000000000000000e+00 0.000000000000000000e+00 1.000000000000000000e+00
-2.671408355236053467e-01 9.746453166007995605e-02 -9.587166309356689453e-01 3.967349529266357422e-01
-1.687439158558845520e-02 9.942464828491210938e-01 1.057785153388977051e-01 -9.241220541298389435e-03
9.635092616081237793e-01 4.443552717566490173e-02 -2.639593183994293213e-01 1.116861402988433838e-01
0.000000000000000000e+00 0.000000000000000000e+00 0.000000000000000000e+00 1.000000000000000000e+00
-2.737877368927001953e-01 9.151762723922729492e-02 -9.574257731437683105e-01 3.896921575069427490e-01
-2.721928246319293976e-02 9.943258762359619141e-01 1.028285399079322815e-01 -3.774578217417001724e-03
9.614042043685913086e-01 5.421367287635803223e-02 -2.697435021400451660e-01 1.202594712376594543e-01
0.000000000000000000e+00 0.000000000000000000e+00 0.000000000000000000e+00 1.000000000000000000e+00
-2.442889064550399780e-01 8.164109289646148682e-02 -9.662594795227050781e-01 3.856116831302642822e-01
-2.864937670528888702e-02 9.954070448875427246e-01 9.134690463542938232e-02 2.286210888996720314e-03
9.692785739898681641e-01 4.999776929616928101e-02 -2.408279180526733398e-01 1.159972846508026123e-01
0.000000000000000000e+00 0.000000000000000000e+00 0.000000000000000000e+00 1.000000000000000000e+00
-2.226900011301040649e-01 8.237012475728988647e-02 -9.714027643203735352e-01 3.819991946220397949e-01
-5.692062154412269592e-02 9.936260581016540527e-01 9.730340540409088135e-02 1.901066396385431290e-03
9.732259511947631836e-01 7.696136832237243652e-02 -2.165819555521011353e-01 1.154073625802993774e-01
0.000000000000000000e+00 0.000000000000000000e+00 0.000000000000000000e+00 1.000000000000000000e+00
-2.003371864557266235e-01 6.605555862188339233e-02 -9.774973392486572266e-01 3.785434663295745850e-01
-7.894001156091690063e-02 9.933918714523315430e-01 8.330831676721572876e-02 9.512325748801231384e-03
9.765415787696838379e-01 9.385351836681365967e-02 -1.937990188598632812e-01 1.148955672979354858e-01
0.000000000000000000e+00 0.000000000000000000e+00 0.000000000000000000e+00 1.000000000000000000e+00
-1.848029494285583496e-01 5.079057812690734863e-02 -9.814621806144714355e-01 3.757458627223968506e-01
-1.069541797041893005e-01 9.916927218437194824e-01 7.145884633064270020e-02 1.735112816095352173e-02
9.769387841224670410e-01 1.181773021817207336e-01 -1.778356283903121948e-01 1.167505159974098206e-01
0.000000000000000000e+00 0.000000000000000000e+00 0.000000000000000000e+00 1.000000000000000000e+00
-1.757882535457611084e-01 6.494023650884628296e-02 -9.822835326194763184e-01 3.754357099533081055e-01
-1.011776477098464966e-01 9.913458228111267090e-01 8.364599198102951050e-02 1.670609228312969208e-02
9.792143702507019043e-01 1.140891313552856445e-01 -1.676965653896331787e-01 1.182717606425285339e-01
0.000000000000000000e+00 0.000000000000000000e+00 0.000000000000000000e+00 1.000000000000000000e+00
-1.703705042600631714e-01 5.620962753891944885e-02 -9.837756752967834473e-01 3.749338388442993164e-01
-1.400307416915893555e-01 9.868580698966979980e-01 8.063626289367675781e-02 2.087992429733276367e-02
9.753798842430114746e-01 1.514969170093536377e-01 -1.602602452039718628e-01 1.224972382187843323e-01
0.000000000000000000e+00 0.000000000000000000e+00 0.000000000000000000e+00 1.000000000000000000e+00
-1.487004607915878296e-01 6.151492893695831299e-02 -9.869671463966369629e-01 3.770514130592346191e-01
-1.465791016817092896e-01 9.856666922569274902e-01 8.351808041334152222e-02 2.280857041478157043e-02
9.779582619667053223e-01 1.570879220962524414e-01 -1.375521719455718994e-01 1.200904548168182373e-01
0.000000000000000000e+00 0.000000000000000000e+00 0.000000000000000000e+00 1.000000000000000000e+00
-1.463066041469573975e-01 6.256376206874847412e-02 -9.872589707374572754e-01 3.763232529163360596e-01
-1.767919063568115234e-01 9.802779555320739746e-01 8.832094818353652954e-02 2.236044034361839294e-02
9.733135700225830078e-01 1.874612122774124146e-01 -1.323603987693786621e-01 1.276316940784454346e-01
0.000000000000000000e+00 0.000000000000000000e+00 0.000000000000000000e+00 1.000000000000000000e+00
-1.297299563884735107e-01 6.703550368547439575e-02 -9.892808794975280762e-01 3.778653442859649658e-01
-1.915072053670883179e-01 9.772320985794067383e-01 9.133245050907135010e-02 2.466788329184055328e-02
9.728802442550659180e-01 2.013030350208282471e-01 -1.139384657144546509e-01 1.299237757921218872e-01
0.000000000000000000e+00 0.000000000000000000e+00 0.000000000000000000e+00 1.000000000000000000e+00
-9.694859385490417480e-02 5.929937213659286499e-02 -9.935210347175598145e-01 3.798156976699829102e-01
-2.169991880655288696e-01 9.729497432708740234e-01 7.924645394086837769e-02 3.039910458028316498e-02
9.713459014892578125e-01 2.232761383056640625e-01 -8.145830780267715454e-02 1.268537938594818115e-01
0.000000000000000000e+00 0.000000000000000000e+00 0.000000000000000000e+00 1.000000000000000000e+00
-1.046683080494403839e-02 8.586921542882919312e-02 -9.962514042854309082e-01 3.895539641380310059e-01
-2.311447262763977051e-01 9.691150784492492676e-01 8.595867455005645752e-02 2.792328968644142151e-02
9.728634357452392578e-01 2.311779856681823730e-01 9.704822674393653870e-03 1.113361939787864685e-01
0.000000000000000000e+00 0.000000000000000000e+00 0.000000000000000000e+00 1.000000000000000000e+00
3.343374654650688171e-02 1.400908678770065308e-01 -9.895734786987304688e-01 4.054284095764160156e-01
-2.418437898159027100e-01 9.618359804153442383e-01 1.279932856559753418e-01 1.280697062611579895e-02
9.697389602661132812e-01 2.350430935621261597e-01 6.603786349296569824e-02 1.149297803640365601e-01
0.000000000000000000e+00 0.000000000000000000e+00 0.000000000000000000e+00 1.000000000000000000e+00
5.266394838690757751e-02 1.558624804019927979e-01 -9.863734841346740723e-01 4.146078228950500488e-01
-2.732459008693695068e-01 9.522972702980041504e-01 1.358889788389205933e-01 1.109447423368692398e-02
9.605012536048889160e-01 2.623662054538726807e-01 9.274062514305114746e-02 1.082660108804702759e-01
0.000000000000000000e+00 0.000000000000000000e+00 0.000000000000000000e+00 1.000000000000000000e+00
-3.272401541471481323e-02 1.803672313690185547e-01 -9.830549359321594238e-01 4.000337421894073486e-01
-2.031732797622680664e-01 9.618442058563232422e-01 1.832388490438461304e-01 -9.677276946604251862e-03
9.785954356193542480e-01 2.057268768548965454e-01 5.170488264411687851e-03 1.305091828107833862e-01
0.000000000000000000e+00 0.000000000000000000e+00 0.000000000000000000e+00 1.000000000000000000e+00
4.252956714481115341e-03 1.982342153787612915e-01 -9.801455140113830566e-01 3.988126516342163086e-01
-1.714008450508117676e-01 9.657933712005615234e-01 1.945879012346267700e-01 -1.579456403851509094e-02
9.851920008659362793e-01 1.671701520681381226e-01 3.808484226465225220e-02 1.122304201126098633e-01
0.000000000000000000e+00 0.000000000000000000e+00 0.000000000000000000e+00 1.000000000000000000e+00
1.938043534755706787e-02 2.570055723190307617e-01 -9.662163853645324707e-01 3.788484334945678711e-01
-7.098127156496047974e-02 9.643118381500244141e-01 2.550752460956573486e-01 -4.627634584903717041e-02
9.972890615463256836e-01 6.363993883132934570e-02 3.693097829818725586e-02 9.475409984588623047e-02
0.000000000000000000e+00 0.000000000000000000e+00 0.000000000000000000e+00 1.000000000000000000e+00
1.207983214408159256e-02 3.115220367908477783e-01 -9.501623511314392090e-01 3.576779067516326904e-01
-3.230481967329978943e-02 9.498567581176757812e-01 3.110112249851226807e-01 -7.600427418947219849e-02
9.994055032730102539e-01 2.693786099553108215e-02 2.153775282204151154e-02 9.060212969779968262e-02
0.000000000000000000e+00 0.000000000000000000e+00 0.000000000000000000e+00 1.000000000000000000e+00
3.907880932092666626e-02 3.852893114089965820e-01 -9.219678640365600586e-01 3.397750854492187500e-01
2.727185608819127083e-03 9.226280450820922852e-01 3.856804966926574707e-01 -1.057986393570899963e-01
9.992322325706481934e-01 -1.758627034723758698e-02 3.500450029969215393e-02 8.106965571641921997e-02
0.000000000000000000e+00 0.000000000000000000e+00 0.000000000000000000e+00 1.000000000000000000e+00
7.900069653987884521e-02 4.299613833427429199e-01 -8.993841409683227539e-01 3.262090981006622314e-01
5.101412162184715271e-02 8.992780447006225586e-01 4.343915283679962158e-01 -1.235114783048629761e-01
9.955685734748840332e-01 -8.019851148128509521e-02 4.910948500037193298e-02 7.087176293134689331e-02
0.000000000000000000e+00 0.000000000000000000e+00 0.000000000000000000e+00 1.000000000000000000e+00
3.666091859340667725e-01 4.406262040138244629e-01 -8.194181323051452637e-01 3.050833940505981445e-01
1.224104315042495728e-01 8.502388596534729004e-01 5.119659900665283203e-01 -1.520896404981613159e-01
9.222872853279113770e-01 -2.879967987537384033e-01 2.577682137489318848e-01 -7.509052753448486328e-03
0.000000000000000000e+00 0.000000000000000000e+00 0.000000000000000000e+00 1.000000000000000000e+00
4.937818348407745361e-01 4.295437037944793701e-01 -7.560899853706359863e-01 2.847242653369903564e-01
1.412643194198608398e-01 8.183095455169677734e-01 5.571473240852355957e-01 -1.698291301727294922e-01
8.580349683761596680e-01 -3.819177746772766113e-01 3.433873355388641357e-01 -4.029487073421478271e-02
0.000000000000000000e+00 0.000000000000000000e+00 0.000000000000000000e+00 1.000000000000000000e+00
5.271904468536376953e-01 4.634211361408233643e-01 -7.122573852539062500e-01 2.653397321701049805e-01
1.664286851882934570e-01 7.656549215316772461e-01 6.213489174842834473e-01 -1.907059997320175171e-01
8.332897424697875977e-01 -4.461093544960021973e-01 3.265193402767181396e-01 -3.738209232687950134e-02
0.000000000000000000e+00 0.000000000000000000e+00 0.000000000000000000e+00 1.000000000000000000e+00
5.536270737648010254e-01 4.718919694423675537e-01 -6.861597299575805664e-01 2.507374584674835205e-01
1.632760167121887207e-01 7.464526295661926270e-01 6.450961232185363770e-01 -1.992373913526535034e-01
8.166014552116394043e-01 -4.691760540008544922e-01 3.362078070640563965e-01 -4.221631586551666260e-02
0.000000000000000000e+00 0.000000000000000000e+00 0.000000000000000000e+00 1.000000000000000000e+00
5.871708989143371582e-01 4.638111591339111328e-01 -6.634077429771423340e-01 2.379059493541717529e-01
1.762265861034393311e-01 7.266609668731689453e-01 6.640085577964782715e-01 -2.048094719648361206e-01
7.900472283363342285e-01 -5.067968368530273438e-01 3.449383080005645752e-01 -4.694483801722526550e-02
0.000000000000000000e+00 0.000000000000000000e+00 0.000000000000000000e+00 1.000000000000000000e+00
5.900862812995910645e-01 4.981585144996643066e-01 -6.353236436843872070e-01 2.225734293460845947e-01
1.782670766115188599e-01 6.871136426925659180e-01 7.043403983116149902e-01 -2.166174203157424927e-01
7.874126434326171875e-01 -5.288791060447692871e-01 3.166509866714477539e-01 -4.124392196536064148e-02
0.000000000000000000e+00 0.000000000000000000e+00 0.000000000000000000e+00 1.000000000000000000e+00
6.067952513694763184e-01 5.321987867355346680e-01 -5.903927087783813477e-01 1.979299634695053101e-01
1.534452289342880249e-01 6.503618359565734863e-01 7.439647316932678223e-01 -2.263126373291015625e-01
7.799061536788940430e-01 -5.420274138450622559e-01 3.129732608795166016e-01 -4.624363034963607788e-02
0.000000000000000000e+00 0.000000000000000000e+00 0.000000000000000000e+00 1.000000000000000000e+00
6.118220090866088867e-01 5.512099266052246094e-01 -5.673097968101501465e-01 1.864320933818817139e-01
1.353444308042526245e-01 6.336818337440490723e-01 7.616620063781738281e-01 -2.298601120710372925e-01
7.793297767639160156e-01 -5.427839159965515137e-01 3.130974173545837402e-01 -5.038079246878623962e-02
0.000000000000000000e+00 0.000000000000000000e+00 0.000000000000000000e+00 1.000000000000000000e+00
7.441635131835937500e-01 4.826202392578125000e-01 -4.618422985076904297e-01 1.486085504293441772e-01
1.317444741725921631e-01 5.717671513557434082e-01 8.097690939903259277e-01 -2.404451668262481689e-01
6.548771262168884277e-01 -6.634458303451538086e-01 3.619056642055511475e-01 -7.141688466072082520e-02
0.000000000000000000e+00 0.000000000000000000e+00 0.000000000000000000e+00 1.000000000000000000e+00
4.265813231468200684e-01 7.497466206550598145e-01 -5.058743357658386230e-01 1.560933440923690796e-01
1.026416569948196411e-01 5.155736804008483887e-01 8.506752848625183105e-01 -2.468649744987487793e-01
8.986065387725830078e-01 -4.148061275482177734e-01 1.429789513349533081e-01 -1.910715922713279724e-02
0.000000000000000000e+00 0.000000000000000000e+00 0.000000000000000000e+00 1.000000000000000000e+00
5.199997425079345703e-01 7.430267930030822754e-01 -4.213208556175231934e-01 1.274873018264770508e-01
2.152799069881439209e-02 4.816965460777282715e-01 8.760735392570495605e-01 -2.466576695442199707e-01
8.538949489593505859e-01 -4.646281898021697998e-01 2.344862520694732666e-01 -4.977323487401008606e-02
0.000000000000000000e+00 0.000000000000000000e+00 0.000000000000000000e+00 1.000000000000000000e+00
6.126660108566284180e-01 7.148638963699340820e-01 -3.370606899261474609e-01 1.066951453685760498e-01
-3.791032359004020691e-02 4.525646567344665527e-01 8.909256458282470703e-01 -2.424587458372116089e-01
7.894324660301208496e-01 -5.330615639686584473e-01 3.043716847896575928e-01 -6.933197379112243652e-02
0.000000000000000000e+00 0.000000000000000000e+00 0.000000000000000000e+00 1.000000000000000000e+00
6.050441265106201172e-01 7.634463310241699219e-01 -2.259889990091323853e-01 8.226744085550308228e-02
-1.169595569372177124e-01 3.659830391407012939e-01 9.232426285743713379e-01 -2.538976371288299561e-01
7.875544428825378418e-01 -5.321707725524902344e-01 3.107281029224395752e-01 -6.654860079288482666e-02
0.000000000000000000e+00 0.000000000000000000e+00 0.000000000000000000e+00 1.000000000000000000e+00
5.971477627754211426e-01 7.958666086196899414e-01 -1.000542640686035156e-01 4.796856269240379333e-02
-1.869042366743087769e-01 2.593565881252288818e-01 9.475229382514953613e-01 -2.697830796241760254e-01
7.800524830818176270e-01 -5.471112132072448730e-01 3.036250472068786621e-01 -6.089397147297859192e-02
0.000000000000000000e+00 0.000000000000000000e+00 0.000000000000000000e+00 1.000000000000000000e+00
6.001800894737243652e-01 7.997356653213500977e-01 1.439729146659374237e-02 1.223067473620176315e-02
-2.094994634389877319e-01 1.398016512393951416e-01 9.677627682685852051e-01 -2.845440208911895752e-01
7.719419002532958984e-01 -5.838480591773986816e-01 2.514504492282867432e-01 -4.546904191374778748e-02
0.000000000000000000e+00 0.000000000000000000e+00 0.000000000000000000e+00 1.000000000000000000e+00
6.054050326347351074e-01 7.863894104957580566e-01 1.227914467453956604e-01 -2.777021378278732300e-02
-2.382945120334625244e-01 3.188602626323699951e-02 9.706692099571228027e-01 -2.916612625122070312e-01
7.594083547592163086e-01 -6.169085502624511719e-01 2.066962867975234985e-01 -3.431789949536323547e-02
0.000000000000000000e+00 0.000000000000000000e+00 0.000000000000000000e+00 1.000000000000000000e+00
6.194323301315307617e-01 7.467778325080871582e-01 2.421305328607559204e-01 -7.241572439670562744e-02
-2.427216172218322754e-01 -1.111358851194381714e-01 9.637085795402526855e-01 -2.967770993709564209e-01
7.465856671333312988e-01 -6.557226777076721191e-01 1.124180555343627930e-01 -8.425394073128700256e-03
0.000000000000000000e+00 0.000000000000000000e+00 0.000000000000000000e+00 1.000000000000000000e+00
5.887269973754882812e-01 8.032803535461425781e-01 9.022905677556991577e-02 -1.594538241624832153e-02
-3.116754889488220215e-01 1.225893646478652954e-01 9.422474503517150879e-01 -2.721900641918182373e-01
7.458276748657226562e-01 -5.828486084938049316e-01 3.225343823432922363e-01 -8.154047280550003052e-02
0.000000000000000000e+00 0.000000000000000000e+00 0.000000000000000000e+00 1.000000000000000000e+00
5.773460268974304199e-01 8.164722919464111328e-01 6.726567633450031281e-03 1.236810814589262009e-02
-3.812847137451171875e-01 2.623119056224822998e-01 8.864616751670837402e-01 -2.451296895742416382e-01
7.220067381858825684e-01 -5.143600106239318848e-01 4.627531468868255615e-01 -1.209224164485931396e-01
0.000000000000000000e+00 0.000000000000000000e+00 0.000000000000000000e+00 1.000000000000000000e+00
5.613628625869750977e-01 8.199770450592041016e-01 -1.118458732962608337e-01 4.935247451066970825e-02
-4.490191638469696045e-01 4.153139591217041016e-01 7.911355495452880859e-01 -2.039487808942794800e-01
6.951642632484436035e-01 -3.938932120800018311e-01 6.013274192810058594e-01 -1.561916023492813110e-01
0.000000000000000000e+00 0.000000000000000000e+00 0.000000000000000000e+00 1.000000000000000000e+00
5.808953046798706055e-01 7.953190207481384277e-01 -1.732853651046752930e-01 6.651706993579864502e-02
-5.115181803703308105e-01 5.222766995429992676e-01 6.823315620422363281e-01 -1.622924208641052246e-01
6.331741809844970703e-01 -3.077246546745300293e-01 7.102081775665283203e-01 -1.799969375133514404e-01
0.000000000000000000e+00 0.000000000000000000e+00 0.000000000000000000e+00 1.000000000000000000e+00
5.909128785133361816e-01 7.819437980651855469e-01 -1.984581649303436279e-01 7.193728536367416382e-02
-5.709411501884460449e-01 5.791471004486083984e-01 5.819063186645507812e-01 -1.283474564552307129e-01
5.699545741081237793e-01 -2.305479943752288818e-01 7.886692285537719727e-01 -1.963699460029602051e-01
0.000000000000000000e+00 0.000000000000000000e+00 0.000000000000000000e+00 1.000000000000000000e+00
6.109170317649841309e-01 7.773563265800476074e-01 -1.499921232461929321e-01 5.478351190686225891e-02
-6.580594778060913086e-01 6.039318442344665527e-01 4.496934115886688232e-01 -9.197713434696197510e-02
4.401569664478302002e-01 -1.760215312242507935e-01 8.804990649223327637e-01 -2.153977155685424805e-01
0.000000000000000000e+00 0.000000000000000000e+00 0.000000000000000000e+00 1.000000000000000000e+00
6.065455675125122070e-01 7.824770808219909668e-01 -1.408261358737945557e-01 4.798954725265502930e-02
-7.098911404609680176e-01 6.127716302871704102e-01 3.472262620925903320e-01 -6.218909844756126404e-02
3.579908609390258789e-01 -1.106371656060218811e-01 9.271476864814758301e-01 -2.230224013328552246e-01
0.000000000000000000e+00 0.000000000000000000e+00 0.000000000000000000e+00 1.000000000000000000e+00
5.992855429649353027e-01 7.822905182838439941e-01 -1.699354350566864014e-01 5.133897811174392700e-02
-7.529264688491821289e-01 6.229132413864135742e-01 2.123234122991561890e-01 -2.358526550233364105e-02
2.719536423683166504e-01 7.066455436870455742e-04 9.623100757598876953e-01 -2.266393452882766724e-01
0.000000000000000000e+00 0.000000000000000000e+00 0.000000000000000000e+00 1.000000000000000000e+00
5.883311033248901367e-01 7.891585230827331543e-01 -1.763384044170379639e-01 5.165059491991996765e-02
-7.782472372055053711e-01 6.118113994598388672e-01 1.414842605590820312e-01 -4.164634272456169128e-03
2.195394039154052734e-01 5.399531126022338867e-02 9.741081595420837402e-01 -2.273096591234207153e-01
0.000000000000000000e+00 0.000000000000000000e+00 0.000000000000000000e+00 1.000000000000000000e+00
5.588871836662292480e-01 8.099607229232788086e-01 -1.777874231338500977e-01 4.894758388400077820e-02
-8.219104409217834473e-01 5.695130825042724609e-01 1.084460038691759109e-02 3.006560727953910828e-02
1.100360006093978882e-01 1.400645673274993896e-01 9.840090870857238770e-01 -2.273892760276794434e-01
0.000000000000000000e+00 0.000000000000000000e+00 0.000000000000000000e+00 1.000000000000000000e+00
5.407727956771850586e-01 8.253092169761657715e-01 -1.625711321830749512e-01 4.217363893985748291e-02
-8.409346938133239746e-01 5.258716940879821777e-01 -1.276230067014694214e-01 6.610058993101119995e-02
-1.983693055808544159e-02 2.057267278432846069e-01 9.784082770347595215e-01 -2.231308519840240479e-01
0.000000000000000000e+00 0.000000000000000000e+00 0.000000000000000000e+00 1.000000000000000000e+00
5.415894389152526855e-01 8.122355937957763672e-01 -2.166881412267684937e-01 5.332751199603080750e-02
-8.349682688713073730e-01 4.898559153079986572e-01 -2.507368028163909912e-01 9.777050465345382690e-02
-9.751141816377639771e-02 3.167243599891662598e-01 9.434921741485595703e-01 -2.110122442245483398e-01
0.000000000000000000e+00 0.000000000000000000e+00 0.000000000000000000e+00 1.000000000000000000e+00
4.947536885738372803e-01 8.329817652702331543e-01 -2.477097809314727783e-01 6.051644310355186462e-02
-8.402066826820373535e-01 3.856924474239349365e-01 -3.811742365360260010e-01 1.311740577220916748e-01
-2.219714224338531494e-01 3.967147767543792725e-01 8.906997442245483398e-01 -1.916168332099914551e-01
0.000000000000000000e+00 0.000000000000000000e+00 0.000000000000000000e+00 1.000000000000000000e+00
4.787955284118652344e-01 8.317121267318725586e-01 -2.810867130756378174e-01 6.932893395423889160e-02
-8.203589320182800293e-01 3.098192512989044189e-01 -4.806483089923858643e-01 1.565840840339660645e-01
-3.126752078533172607e-01 4.607243239879608154e-01 8.306428790092468262e-01 -1.725386232137680054e-01
0.000000000000000000e+00 0.000000000000000000e+00 0.000000000000000000e+00 1.000000000000000000e+00
4.577602446079254150e-01 8.380314707756042480e-01 -2.969157993793487549e-01 7.698544859886169434e-02
-8.013496994972229004e-01 2.442547827959060669e-01 -5.460565686225891113e-01 1.726923435926437378e-01
-3.850894868373870850e-01 4.878962337970733643e-01 7.833665013313293457e-01 -1.570867896080017090e-01
0.000000000000000000e+00 0.000000000000000000e+00 0.000000000000000000e+00 1.000000000000000000e+00
4.192318916320800781e-01 8.569791913032531738e-01 -2.997191548347473145e-01 8.373991400003433228e-02
-7.833462357521057129e-01 1.745672225952148438e-01 -5.965692996978759766e-01 1.839084029197692871e-01
-4.589262306690216064e-01 4.848848283290863037e-01 7.444953918457031250e-01 -1.409205794334411621e-01
0.000000000000000000e+00 0.000000000000000000e+00 0.000000000000000000e+00 1.000000000000000000e+00
3.959426283836364746e-01 8.636992573738098145e-01 -3.118536770343780518e-01 9.330482035875320435e-02
-7.743678689002990723e-01 1.315203756093978882e-01 -6.189160943031311035e-01 1.861647218465805054e-01
-4.935421347618103027e-01 4.865446686744689941e-01 7.208955287933349609e-01 -1.286827921867370605e-01
0.000000000000000000e+00 0.000000000000000000e+00 0.000000000000000000e+00 1.000000000000000000e+00
3.107278645038604736e-01 9.052309393882751465e-01 -2.898367047309875488e-01 9.675002098083496094e-02
-7.685344815254211426e-01 5.985027924180030823e-02 -6.370029449462890625e-01 1.847852319478988647e-01
-5.592879056930541992e-01 4.206839501857757568e-01 7.142984271049499512e-01 -1.204413026571273804e-01
0.000000000000000000e+00 0.000000000000000000e+00 0.000000000000000000e+00 1.000000000000000000e+00
1.345508098602294922e-01 9.595434069633483887e-01 -2.473307549953460693e-01 9.791982173919677734e-02
-7.822586894035339355e-01 -5.035514757037162781e-02 -6.209154129028320312e-01 1.681519597768783569e-01
-6.082497239112854004e-01 2.770213484764099121e-01 7.438358068466186523e-01 -1.249387338757514954e-01
0.000000000000000000e+00 0.000000000000000000e+00 0.000000000000000000e+00 1.000000000000000000e+00
-6.378516554832458496e-02 9.800272583961486816e-01 -1.883563548326492310e-01 8.689647912979125977e-02
-7.891788482666015625e-01 -1.650601923465728760e-01 -5.915674567222595215e-01 1.517464220523834229e-01
-6.108424067497253418e-01 1.109136715531349182e-01 7.839450240135192871e-01 -1.366004198789596558e-01
0.000000000000000000e+00 0.000000000000000000e+00 0.000000000000000000e+00 1.000000000000000000e+00
-1.874205917119979858e-01 9.582771658897399902e-01 -2.158205509185791016e-01 9.208451956510543823e-02
-7.484309673309326172e-01 -2.816115319728851318e-01 -6.004546880722045898e-01 1.559321135282516479e-01
-6.361795663833618164e-01 4.898912459611892700e-02 7.699843645095825195e-01 -1.310966163873672485e-01
0.000000000000000000e+00 0.000000000000000000e+00 0.000000000000000000e+00 1.000000000000000000e+00
-1.985933631658554077e-01 9.535772204399108887e-01 -2.263861298561096191e-01 9.980092197656631470e-02
-7.029678821563720703e-01 -2.995442152023315430e-01 -6.450653076171875000e-01 1.703109592199325562e-01
-6.829322576522827148e-01 3.103637136518955231e-02 7.298218607902526855e-01 -1.167664900422096252e-01
0.000000000000000000e+00 0.000000000000000000e+00 0.000000000000000000e+00 1.000000000000000000e+00
-2.749616205692291260e-01 9.364453554153442383e-01 -2.178671211004257202e-01 1.076286733150482178e-01
-6.905249357223510742e-01 -3.500184118747711182e-01 -6.329790949821472168e-01 1.647188067436218262e-01
-6.690079569816589355e-01 -2.360234037041664124e-02 7.428805232048034668e-01 -1.103331372141838074e-01
0.000000000000000000e+00 0.000000000000000000e+00 0.000000000000000000e+00 1.000000000000000000e+00
2.771839201450347900e-01 8.885164260864257812e-01 -3.656601905822753906e-01 9.537992626428604126e-02
-7.328733205795288086e-01 -5.059313774108886719e-02 -6.784815192222595215e-01 1.838134378194808960e-01
-6.213418841361999512e-01 4.560468494892120361e-01 6.371468901634216309e-01 -9.551566094160079956e-02
0.000000000000000000e+00 0.000000000000000000e+00 0.000000000000000000e+00 1.000000000000000000e+00
5.354161262512207031e-01 7.806012034416198730e-01 -3.224774301052093506e-01 7.128804177045822144e-02
-7.634654641151428223e-01 2.840418517589569092e-01 -5.800351500511169434e-01 1.752704977989196777e-01
-3.611789345741271973e-01 5.567606091499328613e-01 7.480426430702209473e-01 -1.578289270401000977e-01
0.000000000000000000e+00 0.000000000000000000e+00 0.000000000000000000e+00 1.000000000000000000e+00
6.054075956344604492e-01 7.023583650588989258e-01 -3.743987083435058594e-01 8.306144177913665771e-02
-7.687794566154479980e-01 3.942460417747497559e-01 -5.035350918769836426e-01 1.582870185375213623e-01
-2.060569226741790771e-01 5.926739573478698730e-01 7.786383628845214844e-01 -1.824635863304138184e-01
0.000000000000000000e+00 0.000000000000000000e+00 0.000000000000000000e+00 1.000000000000000000e+00
6.171931624412536621e-01 6.872342228889465332e-01 -3.831207454204559326e-01 8.607623726129531860e-02
-7.725303173065185547e-01 4.369449019432067871e-01 -4.607345461845397949e-01 1.489548981189727783e-01
-1.492300629615783691e-01 5.803343057632446289e-01 8.005885481834411621e-01 -1.966009587049484253e-01
0.000000000000000000e+00 0.000000000000000000e+00 0.000000000000000000e+00 1.000000000000000000e+00
6.415532231330871582e-01 6.937454938888549805e-01 -3.273019492626190186e-01 7.013843953609466553e-02
-7.594416141510009766e-01 5.143852233886718750e-01 -3.983164429664611816e-01 1.315881013870239258e-01
-1.079709753394126892e-01 5.041080117225646973e-01 8.568649291992187500e-01 -2.183251380920410156e-01
0.000000000000000000e+00 0.000000000000000000e+00 0.000000000000000000e+00 1.000000000000000000e+00
6.594832539558410645e-01 7.058218717575073242e-01 -2.586458921432495117e-01 5.042323470115661621e-02
-7.428786754608154297e-01 5.593210458755493164e-01 -3.678194284439086914e-01 1.238027215003967285e-01
-1.149489283561706543e-01 4.347131550312042236e-01 8.932027220726013184e-01 -2.330595254898071289e-01
0.000000000000000000e+00 0.000000000000000000e+00 0.000000000000000000e+00 1.000000000000000000e+00
6.704139113426208496e-01 7.171531915664672852e-01 -1.903588175773620605e-01 2.986787073314189911e-02
-7.312594652175903320e-01 5.951382517814636230e-01 -3.332712948322296143e-01 1.145400628447532654e-01
-1.257168203592300415e-01 3.626313507556915283e-01 9.234141111373901367e-01 -2.457112520933151245e-01
0.000000000000000000e+00 0.000000000000000000e+00 0.000000000000000000e+00 1.000000000000000000e+00
6.868153214454650879e-01 7.123796343803405762e-01 -1.442192792892456055e-01 1.421486213803291321e-02
-7.195222377777099609e-01 6.383209228515625000e-01 -2.735573053359985352e-01 9.730890393257141113e-02
-1.028185859322547913e-01 2.916523516178131104e-01 9.509822130203247070e-01 -2.581110000610351562e-01
0.000000000000000000e+00 0.000000000000000000e+00 0.000000000000000000e+00 1.000000000000000000e+00
7.245856523513793945e-01 6.850103139877319336e-01 -7.573878020048141479e-02 -1.108754333108663559e-02
-6.838090419769287109e-01 7.008800506591796875e-01 -2.029089480638504028e-01 7.613102346658706665e-02
-8.591096848249435425e-02 1.988157927989959717e-01 9.762641787528991699e-01 -2.706555724143981934e-01
0.000000000000000000e+00 0.000000000000000000e+00 0.000000000000000000e+00 1.000000000000000000e+00
7.627121210098266602e-01 6.458327174186706543e-01 -3.421043232083320618e-02 -2.725486457347869873e-02
-6.429138183593750000e-01 7.513965964317321777e-01 -1.485428512096405029e-01 5.836506932973861694e-02
-7.022823393344879150e-02 1.352897733449935913e-01 9.883140325546264648e-01 -2.775093317031860352e-01
0.000000000000000000e+00 0.000000000000000000e+00 0.000000000000000000e+00 1.000000000000000000e+00
7.870807051658630371e-01 6.161811351776123047e-01 2.871374785900115967e-02 -5.060984194278717041e-02
-6.137052178382873535e-01 7.869137525558471680e-01 -6.428445130586624146e-02 3.046855889260768890e-02
-6.220612302422523499e-02 3.297526016831398010e-02 9.975184202194213867e-01 -2.836246788501739502e-01
0.000000000000000000e+00 0.000000000000000000e+00 0.000000000000000000e+00 1.000000000000000000e+00
8.118141889572143555e-01 5.791296362876892090e-01 7.460740953683853149e-02 -6.849691271781921387e-02
-5.814878344535827637e-01 8.134519457817077637e-01 1.294721197336912155e-02 4.106604959815740585e-03
-5.319142341613769531e-02 -5.389405786991119385e-02 9.971289634704589844e-01 -2.874202728271484375e-01
0.000000000000000000e+00 0.000000000000000000e+00 0.000000000000000000e+00 1.000000000000000000e+00
8.406038880348205566e-01 5.333077311515808105e-01 9.469699859619140625e-02 -7.908120006322860718e-02
-5.411778688430786133e-01 8.342342376708984375e-01 1.057328805327415466e-01 -2.741224132478237152e-02
-2.261123247444629669e-02 -1.401274353265762329e-01 9.898753166198730469e-01 -2.893345952033996582e-01
0.000000000000000000e+00 0.000000000000000000e+00 0.000000000000000000e+00 1.000000000000000000e+00
8.499311804771423340e-01 5.199645757675170898e-01 8.516840636730194092e-02 -7.974725216627120972e-02
-5.257949829101562500e-01 8.265728354454040527e-01 2.007902562618255615e-01 -6.049671396613121033e-02
3.400600701570510864e-02 -2.154390215873718262e-01 9.759250283241271973e-01 -2.891716361045837402e-01
0.000000000000000000e+00 0.000000000000000000e+00 0.000000000000000000e+00 1.000000000000000000e+00
8.478373885154724121e-01 5.281837582588195801e-01 4.683289304375648499e-02 -7.075874507427215576e-02
-5.184834599494934082e-01 8.072668313980102539e-01 2.819483876228332520e-01 -8.950581401586532593e-02
1.111140549182891846e-01 -2.633284628391265869e-01 9.582858085632324219e-01 -2.889974415302276611e-01
0.000000000000000000e+00 0.000000000000000000e+00 0.000000000000000000e+00 1.000000000000000000e+00
8.481195569038391113e-01 5.298028588294982910e-01 1.408813055604696274e-03 -5.893363803625106812e-02
-4.935795366764068604e-01 7.891604900360107422e-01 3.655198812484741211e-01 -1.195990890264511108e-01
1.925418078899383545e-01 -3.106998503208160400e-01 9.308024644851684570e-01 -2.859836816787719727e-01
0.000000000000000000e+00 0.000000000000000000e+00 0.000000000000000000e+00 1.000000000000000000e+00
8.537175059318542480e-01 5.192266702651977539e-01 -3.962372615933418274e-02 -4.900145530700683594e-02
-4.494160413742065430e-01 7.730923891067504883e-01 4.476079940795898438e-01 -1.515099853277206421e-01
2.630429267883300781e-01 -3.643232285976409912e-01 8.933515548706054688e-01 -2.805116772651672363e-01
0.000000000000000000e+00 0.000000000000000000e+00 0.000000000000000000e+00 1.000000000000000000e+00
8.631910681724548340e-01 4.973076581954956055e-01 -8.709802478551864624e-02 -3.527204319834709167e-02
-3.782612979412078857e-01 7.512798905372619629e-01 5.408293008804321289e-01 -1.877974867820739746e-01
3.343936502933502197e-01 -4.338936507701873779e-01 8.366107344627380371e-01 -2.740377783775329590e-01
0.000000000000000000e+00 0.000000000000000000e+00 0.000000000000000000e+00 1.000000000000000000e+00
8.957602381706237793e-01 4.322673380374908447e-01 -1.037190407514572144e-01 -2.950628101825714111e-02
-2.835443615913391113e-01 7.352802157402038574e-01 6.156013011932373047e-01 -2.158207744359970093e-01
3.423671126365661621e-01 -5.220229029655456543e-01 7.812021374702453613e-01 -2.661177515983581543e-01
0.000000000000000000e+00 0.000000000000000000e+00 0.000000000000000000e+00 1.000000000000000000e+00
9.115946888923645020e-01 3.790195286273956299e-01 -1.591815352439880371e-01 -1.102906558662652969e-02
-1.815679222345352173e-01 7.186216711997985840e-01 6.712795495986938477e-01 -2.389121204614639282e-01
3.688194453716278076e-01 -5.830326080322265625e-01 7.239096760749816895e-01 -2.577579915523529053e-01
0.000000000000000000e+00 0.000000000000000000e+00 0.000000000000000000e+00 1.000000000000000000e+00
8.804785609245300293e-01 4.063783884048461914e-01 -2.441599071025848389e-01 2.103423140943050385e-02
-1.168211847543716431e-01 6.851072907447814941e-01 7.190134525299072266e-01 -2.564883828163146973e-01
4.594674408435821533e-01 -6.045529842376708984e-01 6.506959795951843262e-01 -2.447191029787063599e-01
0.000000000000000000e+00 0.000000000000000000e+00 0.000000000000000000e+00 1.000000000000000000e+00
8.234302997589111328e-01 4.657952487468719482e-01 -3.240325748920440674e-01 5.390587821602821350e-02
-7.404028624296188354e-02 6.543863415718078613e-01 7.525265812873840332e-01 -2.695882022380828857e-01
5.625658631324768066e-01 -5.956616997718811035e-01 5.733295083045959473e-01 -2.257350236177444458e-01
0.000000000000000000e+00 0.000000000000000000e+00 0.000000000000000000e+00 1.000000000000000000e+00
9.484120607376098633e-01 2.345725297927856445e-01 -2.132828682661056519e-01 1.391540048643946648e-03
-1.776776090264320374e-02 7.110021710395812988e-01 7.029646039009094238e-01 -2.497516125440597534e-01
3.165410757064819336e-01 -6.629112958908081055e-01 6.784917116165161133e-01 -2.347891777753829956e-01
0.000000000000000000e+00 0.000000000000000000e+00 0.000000000000000000e+00 1.000000000000000000e+00
9.288376569747924805e-01 2.510755956172943115e-01 -2.724371850490570068e-01 1.908532343804836273e-02
-1.563005847856402397e-03 7.379967570304870605e-01 6.748017668724060059e-01 -2.356781214475631714e-01
3.704840242862701416e-01 -6.263558268547058105e-01 6.858717203140258789e-01 -2.410799115896224976e-01
0.000000000000000000e+00 0.000000000000000000e+00 0.000000000000000000e+00 1.000000000000000000e+00
9.060699939727783203e-01 3.254106044769287109e-01 -2.704540491104125977e-01 1.697749271988868713e-02
-4.391013830900192261e-02 7.080395817756652832e-01 7.048061490058898926e-01 -2.441272586584091187e-01
4.208433628082275391e-01 -6.267276406288146973e-01 6.558219790458679199e-01 -2.327819317579269409e-01
0.000000000000000000e+00 0.000000000000000000e+00 0.000000000000000000e+00 1.000000000000000000e+00
8.278141021728515625e-01 4.103784561157226562e-01 -3.825088143348693848e-01 6.061294674873352051e-02
3.407211974263191223e-02 6.437947750091552734e-01 7.644392848014831543e-01 -2.719281315803527832e-01
5.599666833877563477e-01 -6.458467841148376465e-01 5.189596414566040039e-01 -1.924040615558624268e-01
0.000000000000000000e+00 0.000000000000000000e+00 0.000000000000000000e+00 1.000000000000000000e+00
7.153261303901672363e-01 5.204706192016601562e-01 -4.662821590900421143e-01 1.003665849566459656e-01
7.591197639703750610e-02 6.054426431655883789e-01 7.922604680061340332e-01 -2.843710184097290039e-01
6.946557164192199707e-01 -6.021208763122558594e-01 3.935788273811340332e-01 -1.555400341749191284e-01
0.000000000000000000e+00 0.000000000000000000e+00 0.000000000000000000e+00 1.000000000000000000e+00
6.003391742706298828e-01 5.994618535041809082e-01 -5.293752551078796387e-01 1.336322724819183350e-01
1.247242987155914307e-01 5.836516618728637695e-01 8.023682236671447754e-01 -2.906860113143920898e-01
7.899595499038696289e-01 -5.477188825607299805e-01 2.756217420101165771e-01 -1.154110059142112732e-01
0.000000000000000000e+00 0.000000000000000000e+00 0.000000000000000000e+00 1.000000000000000000e+00
4.896276295185089111e-01 6.272038221359252930e-01 -6.057059764862060547e-01 1.706090569496154785e-01
2.601259946823120117e-01 5.579634308815002441e-01 7.880419492721557617e-01 -2.920342981815338135e-01
8.322255015373229980e-01 -5.434072613716125488e-01 1.100424304604530334e-01 -5.364592745900154114e-02
0.000000000000000000e+00 0.000000000000000000e+00 0.000000000000000000e+00 1.000000000000000000e+00
4.647594690322875977e-01 6.109853386878967285e-01 -6.408554315567016602e-01 1.870996654033660889e-01
3.323350548744201660e-01 5.504869818687438965e-01 7.658442258834838867e-01 -2.877301871776580811e-01
8.207020759582519531e-01 -5.689119100570678711e-01 5.279225856065750122e-02 -2.783953025937080383e-02
0.000000000000000000e+00 0.000000000000000000e+00 0.000000000000000000e+00 1.000000000000000000e+00
6.959663629531860352e-01 3.334430158138275146e-01 -6.359609961509704590e-01 1.821051687002182007e-01
4.005258679389953613e-01 5.548182725906372070e-01 7.292158603668212891e-01 -2.781997621059417725e-01
5.959944128990173340e-01 -7.622284889221191406e-01 2.525823712348937988e-01 -7.035420089960098267e-02
0.000000000000000000e+00 0.000000000000000000e+00 0.000000000000000000e+00 1.000000000000000000e+00
6.541725993156433105e-01 3.043563663959503174e-01 -6.924055218696594238e-01 2.171461135149002075e-01
4.599849283695220947e-01 5.666065216064453125e-01 6.836454272270202637e-01 -2.619622051715850830e-01
6.003933548927307129e-01 -7.657179832458496094e-01 2.306590527296066284e-01 -5.519621074199676514e-02
