1 0 0 -0.04542167112231255 
0 1 0 0.0009935460984706879 
0 0 1 -0.2875000238418579 
0 0 0 1 

0.9968284964561462 0.07834432274103165 0.0139682637527585 -0.04817081615328789 
-0.0781102254986763 0.996806800365448 -0.01658388413488865 0.00915097538381815 
-0.01522290799766779 0.01544023025780916 0.9997649192810059 -0.2932665646076202 
0 0 0 1 

0.9665428996086121 0.2542157769203186 0.03419175744056702 -0.05039335414767265 
-0.2510345578193665 0.9648709297180176 -0.07749670743942261 0.0378606989979744 
-0.05269152671098709 0.06632058322429657 0.9964061379432678 -0.2919295132160187 
0 0 0 1 

0.8941658735275269 0.4470889568328857 0.02405650727450848 -0.04124551266431808 
-0.4399855136871338 0.887372612953186 -0.137777104973793 0.06507504731416702 
-0.08294574171304703 0.1126110628247261 0.9901710748672485 -0.2901919484138489 
0 0 0 1 

0.7950151562690735 0.6065202355384827 -0.009165861643850803 -0.02493576146662235 
-0.5990872979164124 0.7827238440513611 -0.168634831905365 0.08184441179037094 
-0.09510611742734909 0.1395584046840668 0.9856359958648682 -0.2896773815155029 
0 0 0 1 

0.7239987850189209 0.6890571117401123 -0.03202872350811958 -0.01268693059682846 
-0.684168815612793 0.7113915085792542 -0.1607324033975601 0.08253312855958939 
-0.08796889334917068 0.1382831186056137 0.9864782094955444 -0.2906959056854248 
0 0 0 1 

0.6506684422492981 0.7587923407554626 -0.02939971722662449 -0.008347759023308754 
-0.7545245289802551 0.6416758298873901 -0.1376389414072037 0.0778886079788208 
-0.08557435125112534 0.1117401123046875 0.9900460243225098 -0.2934122681617737 
0 0 0 1 

0.5504854917526245 0.8338297605514526 -0.04115133360028267 0.001435688580386341 
-0.8329049348831177 0.5451807379722595 -0.09511643648147583 0.06652029603719711 
-0.05687602981925011 0.08663536608219147 0.9946151971817017 -0.2983097732067108 
0 0 0 1 

0.4599949717521667 0.8836191296577454 -0.08730284124612808 0.02202956192195415 
-0.8878816962242126 0.4568149745464325 -0.05464515835046768 0.05423481017351151 
-0.00840426329523325 0.1026510968804359 0.9946818947792053 -0.3022219240665436 
0 0 0 1 

0.3966653645038605 0.9117054343223572 -0.1070045456290245 0.03001685813069344 
-0.9178580045700073 0.3956806361675262 -0.03119796141982079 0.04632671177387238 
0.01389622408896685 0.1105901598930359 0.9937691688537598 -0.303700864315033 
0 0 0 1 

