0.2586841583251953 0.7877563834190369 -0.559036910533905 0.1745850294828415 
0.1218764260411263 0.5474939942359924 0.8278867602348328 -0.245155543088913 
0.9582424163818359 -0.2822945713996887 0.04561906680464745 0.01690933294594288 
0 0 0 1 

0.3833469152450562 0.773548424243927 -0.504646360874176 0.1558794230222702 
0.1041644439101219 0.5066922307014465 0.8558111786842346 -0.2488264441490173 
0.9177117347717285 -0.3806387186050415 0.1136627271771431 -0.01034168619662523 
0 0 0 1 

0.351456493139267 0.6860361695289612 -0.6370499730110168 0.190691277384758 
0.3389422595500946 0.5410599708557129 0.7696572542190552 -0.2891129851341248 
0.8726949691772461 -0.4864242076873779 -0.04236756265163422 -0.0006665992550551891 
0 0 0 1 

0.3040394484996796 0.6942249536514282 -0.6523891091346741 0.2009395360946655 
0.3879900574684143 0.535205602645874 0.7503455877304077 -0.2834765911102295 
0.8700709939002991 -0.4812551438808441 -0.1066287681460381 0.02634556218981743 
0 0 0 1 

0.6304267048835754 0.5538986325263977 -0.5438368320465088 0.1635271012783051 
0.3050629496574402 0.4674382209777832 0.8297217488288879 -0.2684552073478699 
0.7137918472290039 -0.6889832615852356 0.1257116049528122 0.001713710371404886 
0 0 0 1 

0.7400327324867249 0.5386790633201599 -0.4027113616466522 0.1155458465218544 
0.234747514128685 0.3542348146438599 0.9052134156227112 -0.2906221747398376 
0.6302738785743713 -0.7644230723381042 0.1356918066740036 -0.004447002895176411 
0 0 0 1 

0.8269355297088623 0.4994732141494751 -0.2582713961601257 0.07298028469085693 
0.1631700694561005 0.2263972163200378 0.9602707028388977 -0.3073090016841888 
0.5381014347076416 -0.8362241387367249 0.1057167649269104 0.004868397489190102 
0 0 0 1 

0.8614930510520935 0.4832251667976379 -0.155958890914917 0.04615718498826027 
0.09788848459720612 0.1433316767215729 0.9848217964172363 -0.3154570758342743 
0.4982445240020752 -0.8636837005615234 0.07617706060409546 0.01604178175330162 
0 0 0 1 

0.8742503523826599 0.4711322486400604 -0.11713557690382 0.03380053490400314 
0.1140811294317245 0.03515470400452614 0.9928492307662964 -0.3183278441429138 
0.4718811511993408 -0.881361722946167 -0.02301324158906937 0.05138540640473366 
0 0 0 1 

0.877086877822876 0.4555246531963348 -0.1523680984973907 0.04052472859621048 
0.1373482048511505 0.06612388044595718 0.9883130788803101 -0.3166167438030243 
0.4602760970592499 -0.8877637982368469 -0.004569101147353649 0.04399417340755463 
0 0 0 1 

