-0.3914617300033569 -0.1853728443384171 0.9013292789459229 -0.2477582991123199 
-0.9159874320030212 -0.01505472417920828 -0.4009242653846741 0.1680866330862045 
0.08788976073265076 -0.9825528860092163 -0.1639057993888855 0.04436984285712242 
0 0 0 1 

-0.3945039212703705 -0.3123897016048431 0.864163875579834 -0.237241342663765 
-0.9147592186927795 0.04439641535282135 -0.4015525579452515 0.1691753566265106 
0.0870751217007637 -0.9489160180091858 -0.3032757937908173 0.08700060099363327 
0 0 0 1 

-0.0845821350812912 -0.5407515168190002 0.8369188904762268 -0.260930985212326 
-0.961377739906311 0.2650678157806396 0.07410534471273422 0.03400144353508949 
-0.2619127333164215 -0.7983273267745972 -0.5422863960266113 0.1832219958305359 
0 0 0 1 

-0.08522346615791321 -0.5388582944869995 0.8380743265151978 -0.2614645659923553 
-0.9802822470664978 0.1958518624305725 0.02624258771538734 0.05066242814064026 
-0.1782794147729874 -0.8193129301071167 -0.5449243187904358 0.1794732660055161 
0 0 0 1 

-0.06593263149261475 -0.5182210803031921 0.8527013659477234 -0.2672089040279388 
-0.9943751096725464 0.1051140055060387 -0.01300528738647699 0.06320812553167343 
-0.08289118111133575 -0.848762571811676 -0.5222365260124207 0.1661524772644043 
0 0 0 1 

-0.09780234098434448 -0.4876423478126526 0.8675478100776672 -0.2699180543422699 
-0.9951802492141724 0.05414733290672302 -0.08175545930862427 0.08353807032108307 
-0.007107778917998075 -0.8713625073432922 -0.4905876219272614 0.1513868123292923 
0 0 0 1 

-0.1170722544193268 -0.4838061034679413 0.8673093318939209 -0.2689902484416962 
-0.9892719388008118 -0.02002538181841373 -0.1447059065103531 0.1028581559658051 
0.08737783879041672 -0.8749459385871887 -0.4762714803218842 0.1407651454210281 
0 0 0 1 

-0.1234129816293716 -0.4470422863960266 0.8859584331512451 -0.2738324701786041 
-0.968654453754425 -0.1396870017051697 -0.2054166048765182 0.1208265200257301 
0.2155867964029312 -0.8835387229919434 -0.415790319442749 0.1140008270740509 
0 0 0 1 

-0.1553185433149338 -0.2149104624986649 0.9642038941383362 -0.295009046792984 
-0.960727334022522 -0.1943414360284805 -0.1980753839015961 0.1166756674647331 
0.2299534827470779 -0.9571021199226379 -0.1762853413820267 0.03559425845742226 
0 0 0 1 

-0.1410885453224182 -0.1948074698448181 0.970641016960144 -0.2990230023860931 
-0.9641891121864319 -0.1953680664300919 -0.1793611794710159 0.111148789525032 
0.2245732843875885 -0.9611873626708984 -0.1602669805288315 0.03413331881165504 
0 0 0 1 

