1.000000000000000000e+00 0.000000000000000000e+00 0.000000000000000000e+00 -4.542167112231254578e-02
0.000000000000000000e+00 1.000000000000000000e+00 0.000000000000000000e+00 9.935460984706878662e-04
0.000000000000000000e+00 0.000000000000000000e+00 1.000000000000000000e+00 -2.875000238418579102e-01
0.000000000000000000e+00 0.000000000000000000e+00 0.000000000000000000e+00 1.000000000000000000e+00
9.967022538185119629e-01 7.909175008535385132e-02 1.813710108399391174e-02 -4.945290461182594299e-02
-7.877814024686813354e-02 9.967402815818786621e-01 -1.739943958818912506e-02 9.455244988203048706e-03
-1.945414766669273376e-02 1.591324061155319214e-02 9.996840953826904297e-01 -2.931895554065704346e-01
0.000000000000000000e+00 0.000000000000000000e+00 0.000000000000000000e+00 1.000000000000000000e+00
9.861224293708801270e-01 1.630329787731170654e-01 3.134723380208015442e-02 -5.164712294936180115e-02
-1.613965928554534912e-01 9.856669306755065918e-01 -4.910836368799209595e-02 2.418936789035797119e-02
-3.890427574515342712e-02 4.336747154593467712e-02 9.983014464378356934e-01 -2.925894260406494141e-01
0.000000000000000000e+00 0.000000000000000000e+00 0.000000000000000000e+00 1.000000000000000000e+00
9.665625095367431641e-01 2.543138265609741211e-01 3.288272768259048462e-02 -4.997222498059272766e-02
-2.513019740581512451e-01 9.649285674095153809e-01 -7.589448988437652588e-02 3.727428615093231201e-02
-5.103053525090217590e-02 6.509325653314590454e-02 9.965735077857971191e-01 -2.920666933059692383e-01
0.000000000000000000e+00 0.000000000000000000e+00 0.000000000000000000e+00 1.000000000000000000e+00
9.369366765022277832e-01 3.458029329776763916e-01 5.069320648908615112e-02 -5.238413065671920776e-02
-3.378928899765014648e-01 9.333124160766601562e-01 -1.214746013283729553e-01 5.596097186207771301e-02
-8.931893855333328247e-02 9.668509662151336670e-02 9.912992119789123535e-01 -2.891414761543273926e-01
0.000000000000000000e+00 0.000000000000000000e+00 0.000000000000000000e+00 1.000000000000000000e+00
8.937186002731323242e-01 4.477993249893188477e-01 2.725217677652835846e-02 -4.223190248012542725e-02
-4.404760599136352539e-01 8.873863220214843750e-01 -1.361113786697387695e-01 6.450254470109939575e-02
-8.513382822275161743e-02 1.096413284540176392e-01 9.903185963630676270e-01 -2.901573479175567627e-01
0.000000000000000000e+00 0.000000000000000000e+00 0.000000000000000000e+00 1.000000000000000000e+00
8.459521532058715820e-01 5.330492854118347168e-01 1.494114380329847336e-02 -3.553328663110733032e-02
-5.237557291984558105e-01 8.358166217803955078e-01 -1.645911931991577148e-01 7.723028212785720825e-02
-1.002233326435089111e-01 1.314107328653335571e-01 9.862487316131591797e-01 -2.887815535068511963e-01
0.000000000000000000e+00 0.000000000000000000e+00 0.000000000000000000e+00 1.000000000000000000e+00
7.941545248031616211e-01 6.076529622077941895e-01 -8.735966868698596954e-03 -2.504618279635906219e-02
-6.000951528549194336e-01 7.818456292152404785e-01 -1.691239774227142334e-01 8.197329938411712646e-02
-9.593854844570159912e-02 1.395529955625534058e-01 9.855560660362243652e-01 -2.896722853183746338e-01
0.000000000000000000e+00 0.000000000000000000e+00 0.000000000000000000e+00 1.000000000000000000e+00
7.223409414291381836e-01 6.909905076026916504e-01 -2.748470194637775421e-02 -1.392327528446912766e-02
-6.853447556495666504e-01 7.100006341934204102e-01 -1.618686318397521973e-01 8.280204981565475464e-02
-9.233558923006057739e-02 1.357608288526535034e-01 9.864294528961181641e-01 -2.905974090099334717e-01
0.000000000000000000e+00 0.000000000000000000e+00 0.000000000000000000e+00 1.000000000000000000e+00
6.495148539543151855e-01 7.597082257270812988e-01 -3.120278753340244293e-02 -7.757973857223987579e-03
-7.555516362190246582e-01 6.402707695960998535e-01 -1.385454386472702026e-01 7.806465774774551392e-02
-8.527591079473495483e-02 1.135626211762428284e-01 9.898643493652343750e-01 -2.933735847473144531e-01
0.000000000000000000e+00 0.000000000000000000e+00 0.000000000000000000e+00 1.000000000000000000e+00
5.514335632324218750e-01 8.333615660667419434e-01 -3.780432417988777161e-02 4.213286156300455332e-04
-8.322960734367370605e-01 5.465225577354431152e-01 -9.271469712257385254e-02 6.567405164241790771e-02
-5.660399049520492554e-02 8.259038627147674561e-02 9.949747323989868164e-01 -2.985171079635620117e-01
0.000000000000000000e+00 0.000000000000000000e+00 0.000000000000000000e+00 1.000000000000000000e+00
