0.8615549206733704 0.1346421539783478 -0.4894840121269226 0.1074261963367462 
-0.467709094285965 0.5854531526565552 -0.6621878743171692 0.2528811097145081 
0.1974115371704102 0.7994473576545715 0.5673733949661255 -0.160566970705986 
0 0 0 1 

0.8430361747741699 0.09244334697723389 -0.5298530459403992 0.1176805347204208 
-0.4400454163551331 0.6849996447563171 -0.5806336998939514 0.2283857315778732 
0.3092733919620514 0.7226546406745911 0.6181586980819702 -0.1832912117242813 
0 0 0 1 

0.5675786733627319 0.7961053252220154 0.2099300473928452 -0.06005366519093513 
-0.6765504479408264 0.5962885618209839 -0.4321102797985077 0.164734423160553 
-0.4691841900348663 0.1032282561063766 0.8770462274551392 -0.2217814326286316 
0 0 0 1 

0.5800840854644775 0.7868772149085999 0.2105388790369034 -0.06232472881674767 
-0.6122602820396423 0.5916808843612671 -0.5244530439376831 0.1891602128744125 
-0.5372520089149475 0.1753221899271011 0.8249983787536621 -0.2009504586458206 
0 0 0 1 

0.6432458162307739 0.7370227575302124 0.2074422389268875 -0.06621053814888 
-0.4985109567642212 0.608783483505249 -0.6171463131904602 0.2118422091007233 
-0.5811382532119751 0.2935645282268524 0.7590113282203674 -0.1745035201311111 
0 0 0 1 

0.7224036455154419 0.6681172847747803 0.1781911700963974 -0.06382007896900177 
-0.3931924998760223 0.6088883876800537 -0.6889517307281494 0.2274146229028702 
-0.5687991380691528 0.4276378154754639 0.7025619745254517 -0.1543228775262833 
0 0 0 1 

0.7855843305587769 0.6018848419189453 0.1434983164072037 -0.05903060361742973 
-0.3654763698577881 0.6385019421577454 -0.6773051023483276 0.223064586520195 
-0.4992836713790894 0.4796350002288818 0.7215719223022461 -0.1631579101085663 
0 0 0 1 

0.8674407601356506 0.4860111773014069 0.1064873263239861 -0.05663030594587326 
-0.2989530265331268 0.6802179217338562 -0.6692759394645691 0.2157270014286041 
-0.3977103531360626 0.5487224459648132 0.7353433966636658 -0.1713854670524597 
0 0 0 1 

0.8853877782821655 0.4600183963775635 0.06686896085739136 -0.04573366418480873 
-0.260740339756012 0.6105469465255737 -0.7478280067443848 0.2308057993650436 
-0.3848413527011871 0.6446822881698608 0.6605162024497986 -0.1472416818141937 
0 0 0 1 

0.8626663088798523 0.4967838525772095 0.09493467211723328 -0.05119265243411064 
-0.2528358101844788 0.5861470103263855 -0.7697438597679138 0.23567995429039 
-0.4380420446395874 0.6400291323661804 0.6312540173530579 -0.1356199830770493 
0 0 0 1 

