-0.7678573727607727 -0.6260942220687866 0.1356498152017593 -0.004023274872452021 
-0.6319413185119629 0.7055410146713257 -0.3207211196422577 0.1319746226072311 
0.1050951257348061 -0.3319908380508423 -0.9374096393585205 0.2873664796352386 
0 0 0 1 

-0.8049280047416687 -0.5905694961547852 0.0576087087392807 0.022236667573452 
-0.5874361395835876 0.7794113755226135 -0.2177997082471848 0.09802427887916565 
0.08372496068477631 -0.2091545015573502 -0.974291980266571 0.3003732562065125 
0 0 0 1 

-0.8417854905128479 -0.5396982431411743 0.0111012002453208 0.03801042959094048 
-0.5340975522994995 0.8297130465507507 -0.1622222810983658 0.08015087991952896 
0.07834026217460632 -0.1424854695796967 -0.9866920113563538 0.3046340048313141 
0 0 0 1 

-0.8828224539756775 -0.4679585993289948 -0.04048507288098335 0.05504355207085609 
-0.4639674425125122 0.8822231888771057 -0.08010281622409821 0.05419276654720306 
0.07320167124271393 -0.05193282291293144 -0.9959639310836792 0.3081169724464417 
0 0 0 1 

-0.9229581952095032 -0.3822650015354156 -0.04495749250054359 0.05763236060738564 
-0.3797329962253571 0.9234102964401245 -0.05582297593355179 0.04591988027095795 
0.0628533810377121 -0.03445044159889221 -0.9974278211593628 0.3082878887653351 
0 0 0 1 

-0.957775354385376 -0.2861908674240112 -0.02758700959384441 0.05360498651862144 
-0.2837452590465546 0.9563400149345398 -0.07001689821481705 0.04940680786967278 
0.04642075672745705 -0.05923277512192726 -0.9971641898155212 0.307835191488266 
0 0 0 1 

-0.9810732007026672 -0.1931404024362564 -0.01387322880327702 0.05088060349225998 
-0.1913577616214752 0.9779912233352661 -0.0831587165594101 0.05183566734194756 
0.02962920255959034 -0.07893002778291702 -0.9964398741722107 0.3077457249164581 
0 0 0 1 

-0.9946044683456421 -0.1012492179870605 -0.02259807102382183 0.05589082464575768 
-0.09977984428405762 0.99327552318573 -0.05871739238500595 0.03815783187747002 
0.02839120104908943 -0.05614574626088142 -0.998018741607666 0.3091474771499634 
0 0 0 1 

-0.9999825358390808 -0.005953916814178228 0.0002122007717844099 0.04954851418733597 
-0.005957120098173618 0.9997466206550598 -0.02170716039836407 0.01558066159486771 
-8.290440746350214e-05 -0.0217080395668745 -0.9997647404670715 0.3127831220626831 
0 0 0 1 

-0.9999710917472839 -0.004276032093912363 0.006299452390521765 0.04603325203061104 
-0.004408720415085554 0.9997654557228088 -0.02120235189795494 0.009409118443727493 
-0.006207313388586044 -0.02122951112687588 -0.9997555017471313 0.3166766464710236 
0 0 0 1 

